elapsed_s,timestamp,motor,commanded,position,error,temp_c,current,load
0.002,2026-08-05T05:49:47.337896+00:00,left_shoulder_pan,1857,1851,-6,37,0,1060
0.002,2026-08-05T05:49:47.337896+00:00,left_shoulder_lift,2389,2406,17,37,5,80
0.002,2026-08-05T05:49:47.337896+00:00,left_elbow_flex,1629,1641,12,34,2,60
0.002,2026-08-05T05:49:47.337896+00:00,left_wrist_flex,2169,2173,4,34,0,28
0.002,2026-08-05T05:49:47.337896+00:00,left_wrist_roll,1989,1987,-2,34,0,1044
0.002,2026-08-05T05:49:47.337896+00:00,left_gripper,2014,2014,0,36,0,0
0.002,2026-08-05T05:49:47.337896+00:00,right_shoulder_pan,1974,1975,1,37,0,0
0.002,2026-08-05T05:49:47.337896+00:00,right_shoulder_lift,2109,2098,-11,38,6,112
0.002,2026-08-05T05:49:47.337896+00:00,right_elbow_flex,2097,2129,32,37,4,78
0.002,2026-08-05T05:49:47.337896+00:00,right_wrist_flex,1976,1989,13,35,1,40
0.002,2026-08-05T05:49:47.337896+00:00,right_wrist_roll,2114,2111,-3,34,0,1044
0.002,2026-08-05T05:49:47.337896+00:00,right_gripper,2428,2442,14,38,1,42
0.052,2026-08-05T05:49:47.389483+00:00,left_shoulder_pan,1857,1851,-6,37,1,1060
0.052,2026-08-05T05:49:47.389483+00:00,left_shoulder_lift,2389,2406,17,37,4,80
0.052,2026-08-05T05:49:47.389483+00:00,left_elbow_flex,1629,1641,12,34,2,60
0.052,2026-08-05T05:49:47.389483+00:00,left_wrist_flex,2169,2173,4,34,0,28
0.052,2026-08-05T05:49:47.389483+00:00,left_wrist_roll,1989,1987,-2,34,0,1044
0.052,2026-08-05T05:49:47.389483+00:00,left_gripper,2014,2014,0,37,0,0
0.052,2026-08-05T05:49:47.389483+00:00,right_shoulder_pan,1982,1975,-7,37,0,0
0.052,2026-08-05T05:49:47.389483+00:00,right_shoulder_lift,2109,2098,-11,38,3,78
0.052,2026-08-05T05:49:47.389483+00:00,right_elbow_flex,2097,2129,32,38,4,78
0.052,2026-08-05T05:49:47.389483+00:00,right_wrist_flex,1976,1989,13,35,1,40
0.052,2026-08-05T05:49:47.389483+00:00,right_wrist_roll,2114,2111,-3,34,0,1044
0.052,2026-08-05T05:49:47.389483+00:00,right_gripper,2428,2442,14,38,2,42
0.102,2026-08-05T05:49:47.438999+00:00,left_shoulder_pan,1857,1851,-6,37,1,1060
0.102,2026-08-05T05:49:47.438999+00:00,left_shoulder_lift,2389,2406,17,37,5,80
0.102,2026-08-05T05:49:47.438999+00:00,left_elbow_flex,1629,1641,12,34,2,60
0.102,2026-08-05T05:49:47.438999+00:00,left_wrist_flex,2169,2173,4,34,0,28
0.102,2026-08-05T05:49:47.438999+00:00,left_wrist_roll,1989,1987,-2,34,0,1044
0.102,2026-08-05T05:49:47.438999+00:00,left_gripper,2014,2014,0,36,0,0
0.102,2026-08-05T05:49:47.438999+00:00,right_shoulder_pan,1990,1975,-15,37,1,1062
0.102,2026-08-05T05:49:47.438999+00:00,right_shoulder_lift,2109,2102,-7,38,3,48
0.102,2026-08-05T05:49:47.438999+00:00,right_elbow_flex,2097,2129,32,37,4,78
0.102,2026-08-05T05:49:47.438999+00:00,right_wrist_flex,1976,1989,13,35,1,40
0.102,2026-08-05T05:49:47.438999+00:00,right_wrist_roll,2114,2111,-3,34,1,1044
0.102,2026-08-05T05:49:47.438999+00:00,right_gripper,2428,2442,14,38,2,42
0.152,2026-08-05T05:49:47.487416+00:00,left_shoulder_pan,1857,1851,-6,37,0,1060
0.152,2026-08-05T05:49:47.487416+00:00,left_shoulder_lift,2389,2406,17,37,4,80
0.152,2026-08-05T05:49:47.487416+00:00,left_elbow_flex,1629,1641,12,34,2,60
0.152,2026-08-05T05:49:47.487416+00:00,left_wrist_flex,2169,2173,4,34,0,28
0.152,2026-08-05T05:49:47.487416+00:00,left_wrist_roll,1989,1987,-2,34,0,1044
0.152,2026-08-05T05:49:47.487416+00:00,left_gripper,2014,2014,0,36,0,0
0.152,2026-08-05T05:49:47.487416+00:00,right_shoulder_pan,1998,1975,-23,37,1,1072
0.152,2026-08-05T05:49:47.487416+00:00,right_shoulder_lift,2109,2116,7,38,4,48
0.152,2026-08-05T05:49:47.487416+00:00,right_elbow_flex,2097,2128,31,37,4,72
0.152,2026-08-05T05:49:47.487416+00:00,right_wrist_flex,1976,1989,13,35,1,40
0.152,2026-08-05T05:49:47.487416+00:00,right_wrist_roll,2114,2111,-3,34,1,1044
0.152,2026-08-05T05:49:47.487416+00:00,right_gripper,2428,2442,14,38,1,42
0.202,2026-08-05T05:49:47.537878+00:00,left_shoulder_pan,1857,1851,-6,37,0,1060
0.202,2026-08-05T05:49:47.537878+00:00,left_shoulder_lift,2389,2406,17,37,4,80
0.202,2026-08-05T05:49:47.537878+00:00,left_elbow_flex,1629,1641,12,34,2,60
0.202,2026-08-05T05:49:47.537878+00:00,left_wrist_flex,2169,2173,4,34,0,28
0.202,2026-08-05T05:49:47.537878+00:00,left_wrist_roll,1989,1987,-2,34,0,1044
0.202,2026-08-05T05:49:47.537878+00:00,left_gripper,2014,2014,0,36,0,0
0.202,2026-08-05T05:49:47.537878+00:00,right_shoulder_pan,2006,1977,-29,37,2,1088
0.202,2026-08-05T05:49:47.537878+00:00,right_shoulder_lift,2108,2130,22,38,4,70
0.202,2026-08-05T05:49:47.537878+00:00,right_elbow_flex,2097,2128,31,37,4,76
0.202,2026-08-05T05:49:47.537878+00:00,right_wrist_flex,1976,1989,13,35,1,40
0.202,2026-08-05T05:49:47.537878+00:00,right_wrist_roll,2114,2111,-3,34,0,1044
0.202,2026-08-05T05:49:47.537878+00:00,right_gripper,2428,2442,14,38,1,42
0.252,2026-08-05T05:49:47.587463+00:00,left_shoulder_pan,1857,1851,-6,37,1,1060
0.252,2026-08-05T05:49:47.587463+00:00,left_shoulder_lift,2389,2406,17,37,4,80
0.252,2026-08-05T05:49:47.587463+00:00,left_elbow_flex,1629,1641,12,34,2,60
0.252,2026-08-05T05:49:47.587463+00:00,left_wrist_flex,2169,2173,4,34,0,28
0.252,2026-08-05T05:49:47.587463+00:00,left_wrist_roll,1989,1987,-2,34,0,1044
0.252,2026-08-05T05:49:47.587463+00:00,left_gripper,2014,2014,0,36,0,0
0.252,2026-08-05T05:49:47.587463+00:00,right_shoulder_pan,2013,1981,-32,37,1,1086
0.252,2026-08-05T05:49:47.587463+00:00,right_shoulder_lift,2108,2149,41,38,11,132
0.252,2026-08-05T05:49:47.587463+00:00,right_elbow_flex,2097,2129,32,37,5,82
0.252,2026-08-05T05:49:47.587463+00:00,right_wrist_flex,1976,1989,13,35,1,40
0.252,2026-08-05T05:49:47.587463+00:00,right_wrist_roll,2114,2111,-3,34,1,1044
0.252,2026-08-05T05:49:47.587463+00:00,right_gripper,2428,2442,14,38,1,42
0.302,2026-08-05T05:49:47.637419+00:00,left_shoulder_pan,1857,1851,-6,37,1,1060
0.302,2026-08-05T05:49:47.637419+00:00,left_shoulder_lift,2389,2406,17,37,4,80
0.302,2026-08-05T05:49:47.637419+00:00,left_elbow_flex,1629,1641,12,34,2,60
0.302,2026-08-05T05:49:47.637419+00:00,left_wrist_flex,2169,2173,4,34,1,28
0.302,2026-08-05T05:49:47.637419+00:00,left_wrist_roll,1989,1987,-2,34,0,1044
0.302,2026-08-05T05:49:47.637419+00:00,left_gripper,2014,2014,0,36,0,0
0.302,2026-08-05T05:49:47.637419+00:00,right_shoulder_pan,2021,1985,-36,37,1,1094
0.302,2026-08-05T05:49:47.637419+00:00,right_shoulder_lift,2107,2153,46,38,7,114
0.302,2026-08-05T05:49:47.637419+00:00,right_elbow_flex,2097,2132,35,38,5,94
0.302,2026-08-05T05:49:47.637419+00:00,right_wrist_flex,1976,1990,14,35,1,42
0.302,2026-08-05T05:49:47.637419+00:00,right_wrist_roll,2114,2111,-3,34,0,1044
0.302,2026-08-05T05:49:47.637419+00:00,right_gripper,2428,2442,14,38,2,42
0.352,2026-08-05T05:49:47.687891+00:00,left_shoulder_pan,1857,1851,-6,37,1,1060
0.352,2026-08-05T05:49:47.687891+00:00,left_shoulder_lift,2389,2406,17,37,5,80
0.352,2026-08-05T05:49:47.687891+00:00,left_elbow_flex,1629,1641,12,34,1,60
0.352,2026-08-05T05:49:47.687891+00:00,left_wrist_flex,2169,2173,4,34,0,28
0.352,2026-08-05T05:49:47.687891+00:00,left_wrist_roll,1989,1987,-2,34,1,1044
0.352,2026-08-05T05:49:47.687891+00:00,left_gripper,2014,2014,0,36,0,0
0.352,2026-08-05T05:49:47.687891+00:00,right_shoulder_pan,2029,1991,-38,37,2,1098
0.352,2026-08-05T05:49:47.687891+00:00,right_shoulder_lift,2107,2154,47,38,7,108
0.352,2026-08-05T05:49:47.687891+00:00,right_elbow_flex,2097,2136,39,37,5,96
0.352,2026-08-05T05:49:47.687891+00:00,right_wrist_flex,1976,1991,15,35,1,44
0.352,2026-08-05T05:49:47.687891+00:00,right_wrist_roll,2114,2111,-3,34,0,1044
0.352,2026-08-05T05:49:47.687891+00:00,right_gripper,2428,2442,14,38,2,42
0.402,2026-08-05T05:49:47.738066+00:00,left_shoulder_pan,1857,1851,-6,37,1,1060
0.402,2026-08-05T05:49:47.738066+00:00,left_shoulder_lift,2389,2406,17,37,4,80
0.402,2026-08-05T05:49:47.738066+00:00,left_elbow_flex,1629,1641,12,34,3,60
0.402,2026-08-05T05:49:47.738066+00:00,left_wrist_flex,2169,2173,4,34,1,28
0.402,2026-08-05T05:49:47.738066+00:00,left_wrist_roll,1989,1987,-2,34,1,1044
0.402,2026-08-05T05:49:47.738066+00:00,left_gripper,2014,2014,0,36,0,0
0.402,2026-08-05T05:49:47.738066+00:00,right_shoulder_pan,2036,1999,-37,37,1,1098
0.402,2026-08-05T05:49:47.738066+00:00,right_shoulder_lift,2106,2154,48,38,6,114
0.402,2026-08-05T05:49:47.738066+00:00,right_elbow_flex,2097,2137,40,37,4,94
0.402,2026-08-05T05:49:47.738066+00:00,right_wrist_flex,1976,1990,14,35,1,38
0.402,2026-08-05T05:49:47.738066+00:00,right_wrist_roll,2114,2111,-3,34,0,1044
0.402,2026-08-05T05:49:47.738066+00:00,right_gripper,2428,2442,14,38,2,42
0.452,2026-08-05T05:49:47.788339+00:00,left_shoulder_pan,1857,1852,-5,37,1,1056
0.452,2026-08-05T05:49:47.788339+00:00,left_shoulder_lift,2389,2406,17,37,4,80
0.452,2026-08-05T05:49:47.788339+00:00,left_elbow_flex,1629,1641,12,34,2,60
0.452,2026-08-05T05:49:47.788339+00:00,left_wrist_flex,2169,2173,4,34,1,28
0.452,2026-08-05T05:49:47.788339+00:00,left_wrist_roll,1989,1987,-2,34,0,1044
0.452,2026-08-05T05:49:47.788339+00:00,left_gripper,2014,2014,0,36,0,0
0.452,2026-08-05T05:49:47.788339+00:00,right_shoulder_pan,2044,2008,-36,37,1,1086
0.452,2026-08-05T05:49:47.788339+00:00,right_shoulder_lift,2105,2153,48,38,5,106
0.452,2026-08-05T05:49:47.788339+00:00,right_elbow_flex,2097,2136,39,37,4,88
0.452,2026-08-05T05:49:47.788339+00:00,right_wrist_flex,1976,1990,14,35,1,42
0.452,2026-08-05T05:49:47.788339+00:00,right_wrist_roll,2114,2111,-3,34,1,1044
0.452,2026-08-05T05:49:47.788339+00:00,right_gripper,2428,2442,14,38,1,42
0.502,2026-08-05T05:49:47.837681+00:00,left_shoulder_pan,1857,1851,-6,37,1,1060
0.502,2026-08-05T05:49:47.837681+00:00,left_shoulder_lift,2389,2406,17,37,4,80
0.502,2026-08-05T05:49:47.837681+00:00,left_elbow_flex,1629,1641,12,34,2,60
0.502,2026-08-05T05:49:47.837681+00:00,left_wrist_flex,2169,2173,4,34,0,28
0.502,2026-08-05T05:49:47.837681+00:00,left_wrist_roll,1989,1987,-2,34,1,1044
0.502,2026-08-05T05:49:47.837681+00:00,left_gripper,2014,2014,0,36,0,0
0.502,2026-08-05T05:49:47.837681+00:00,right_shoulder_pan,2051,2015,-36,37,2,1096
0.502,2026-08-05T05:49:47.837681+00:00,right_shoulder_lift,2104,2153,49,38,5,116
0.502,2026-08-05T05:49:47.837681+00:00,right_elbow_flex,2097,2136,39,37,4,92
0.502,2026-08-05T05:49:47.837681+00:00,right_wrist_flex,1976,1990,14,35,1,42
0.502,2026-08-05T05:49:47.837681+00:00,right_wrist_roll,2114,2111,-3,34,1,1044
0.502,2026-08-05T05:49:47.837681+00:00,right_gripper,2428,2442,14,38,1,42
0.552,2026-08-05T05:49:47.888025+00:00,left_shoulder_pan,1857,1851,-6,37,1,1060
0.552,2026-08-05T05:49:47.888025+00:00,left_shoulder_lift,2389,2406,17,37,5,80
0.552,2026-08-05T05:49:47.888025+00:00,left_elbow_flex,1629,1641,12,34,2,60
0.552,2026-08-05T05:49:47.888025+00:00,left_wrist_flex,2169,2173,4,34,0,28
0.552,2026-08-05T05:49:47.888025+00:00,left_wrist_roll,1989,1987,-2,34,0,1044
0.552,2026-08-05T05:49:47.888025+00:00,left_gripper,2014,2014,0,36,0,0
0.552,2026-08-05T05:49:47.888025+00:00,right_shoulder_pan,2058,2023,-35,37,2,1090
0.552,2026-08-05T05:49:47.888025+00:00,right_shoulder_lift,2103,2153,50,38,6,114
0.552,2026-08-05T05:49:47.888025+00:00,right_elbow_flex,2097,2136,39,37,5,92
0.552,2026-08-05T05:49:47.888025+00:00,right_wrist_flex,1976,1990,14,35,1,42
0.552,2026-08-05T05:49:47.888025+00:00,right_wrist_roll,2114,2111,-3,34,0,1044
0.552,2026-08-05T05:49:47.888025+00:00,right_gripper,2428,2442,14,37,2,42
0.603,2026-08-05T05:49:47.938027+00:00,left_shoulder_pan,1857,1851,-6,37,1,1060
0.603,2026-08-05T05:49:47.938027+00:00,left_shoulder_lift,2389,2406,17,37,5,80
0.603,2026-08-05T05:49:47.938027+00:00,left_elbow_flex,1629,1641,12,34,3,60
0.603,2026-08-05T05:49:47.938027+00:00,left_wrist_flex,2169,2173,4,34,0,28
0.603,2026-08-05T05:49:47.938027+00:00,left_wrist_roll,1989,1987,-2,33,1,1044
0.603,2026-08-05T05:49:47.938027+00:00,left_gripper,2014,2014,0,36,0,0
0.603,2026-08-05T05:49:47.938027+00:00,right_shoulder_pan,2065,2030,-35,37,2,1094
0.603,2026-08-05T05:49:47.938027+00:00,right_shoulder_lift,2102,2155,53,38,8,130
0.603,2026-08-05T05:49:47.938027+00:00,right_elbow_flex,2097,2137,40,37,5,98
0.603,2026-08-05T05:49:47.938027+00:00,right_wrist_flex,1976,1990,14,35,1,42
0.603,2026-08-05T05:49:47.938027+00:00,right_wrist_roll,2114,2111,-3,34,0,1044
0.603,2026-08-05T05:49:47.938027+00:00,right_gripper,2428,2442,14,38,2,42
0.653,2026-08-05T05:49:47.988091+00:00,left_shoulder_pan,1857,1851,-6,37,1,1060
0.653,2026-08-05T05:49:47.988091+00:00,left_shoulder_lift,2389,2406,17,37,4,80
0.653,2026-08-05T05:49:47.988091+00:00,left_elbow_flex,1629,1641,12,34,2,60
0.653,2026-08-05T05:49:47.988091+00:00,left_wrist_flex,2169,2173,4,34,0,28
0.653,2026-08-05T05:49:47.988091+00:00,left_wrist_roll,1989,1987,-2,33,0,1044
0.653,2026-08-05T05:49:47.988091+00:00,left_gripper,2014,2014,0,37,0,0
0.653,2026-08-05T05:49:47.988091+00:00,right_shoulder_pan,2072,2038,-34,37,2,1088
0.653,2026-08-05T05:49:47.988091+00:00,right_shoulder_lift,2101,2156,55,38,8,124
0.653,2026-08-05T05:49:47.988091+00:00,right_elbow_flex,2097,2137,40,38,4,94
0.653,2026-08-05T05:49:47.988091+00:00,right_wrist_flex,1976,1990,14,35,1,42
0.653,2026-08-05T05:49:47.988091+00:00,right_wrist_roll,2114,2111,-3,34,1,1044
0.653,2026-08-05T05:49:47.988091+00:00,right_gripper,2428,2442,14,38,1,42
0.703,2026-08-05T05:49:48.037930+00:00,left_shoulder_pan,1857,1852,-5,37,1,1056
0.703,2026-08-05T05:49:48.037930+00:00,left_shoulder_lift,2389,2406,17,37,5,80
0.703,2026-08-05T05:49:48.037930+00:00,left_elbow_flex,1629,1641,12,34,2,60
0.703,2026-08-05T05:49:48.037930+00:00,left_wrist_flex,2169,2173,4,34,0,28
0.703,2026-08-05T05:49:48.037930+00:00,left_wrist_roll,1989,1987,-2,34,0,1044
0.703,2026-08-05T05:49:48.037930+00:00,left_gripper,2014,2014,0,36,0,0
0.703,2026-08-05T05:49:48.037930+00:00,right_shoulder_pan,2079,2046,-33,37,1,1086
0.703,2026-08-05T05:49:48.037930+00:00,right_shoulder_lift,2100,2156,56,38,9,130
0.703,2026-08-05T05:49:48.037930+00:00,right_elbow_flex,2097,2137,40,37,4,94
0.703,2026-08-05T05:49:48.037930+00:00,right_wrist_flex,1976,1990,14,35,1,42
0.703,2026-08-05T05:49:48.037930+00:00,right_wrist_roll,2114,2111,-3,34,0,1044
0.703,2026-08-05T05:49:48.037930+00:00,right_gripper,2428,2442,14,38,1,42
0.753,2026-08-05T05:49:48.088113+00:00,left_shoulder_pan,1857,1852,-5,37,1,1056
0.753,2026-08-05T05:49:48.088113+00:00,left_shoulder_lift,2389,2406,17,37,4,80
0.753,2026-08-05T05:49:48.088113+00:00,left_elbow_flex,1629,1641,12,34,2,60
0.753,2026-08-05T05:49:48.088113+00:00,left_wrist_flex,2169,2173,4,34,0,28
0.753,2026-08-05T05:49:48.088113+00:00,left_wrist_roll,1989,1987,-2,34,0,1044
0.753,2026-08-05T05:49:48.088113+00:00,left_gripper,2014,2014,0,36,0,0
0.753,2026-08-05T05:49:48.088113+00:00,right_shoulder_pan,2085,2054,-31,37,1,1088
0.753,2026-08-05T05:49:48.088113+00:00,right_shoulder_lift,2099,2156,57,38,10,128
0.753,2026-08-05T05:49:48.088113+00:00,right_elbow_flex,2097,2137,40,37,4,94
0.753,2026-08-05T05:49:48.088113+00:00,right_wrist_flex,1976,1990,14,35,1,42
0.753,2026-08-05T05:49:48.088113+00:00,right_wrist_roll,2114,2111,-3,34,0,1044
0.753,2026-08-05T05:49:48.088113+00:00,right_gripper,2428,2442,14,38,2,42
0.803,2026-08-05T05:49:48.138161+00:00,left_shoulder_pan,1857,1851,-6,37,1,1060
0.803,2026-08-05T05:49:48.138161+00:00,left_shoulder_lift,2389,2406,17,37,4,80
0.803,2026-08-05T05:49:48.138161+00:00,left_elbow_flex,1629,1641,12,34,2,60
0.803,2026-08-05T05:49:48.138161+00:00,left_wrist_flex,2169,2173,4,34,0,28
0.803,2026-08-05T05:49:48.138161+00:00,left_wrist_roll,1989,1987,-2,34,0,1044
0.803,2026-08-05T05:49:48.138161+00:00,left_gripper,2014,2014,0,36,0,0
0.803,2026-08-05T05:49:48.138161+00:00,right_shoulder_pan,2092,2061,-31,42,2,1086
0.803,2026-08-05T05:49:48.138161+00:00,right_shoulder_lift,2097,2156,59,38,9,134
0.803,2026-08-05T05:49:48.138161+00:00,right_elbow_flex,2097,2136,39,37,4,92
0.803,2026-08-05T05:49:48.138161+00:00,right_wrist_flex,1976,1990,14,35,1,42
0.803,2026-08-05T05:49:48.138161+00:00,right_wrist_roll,2114,2111,-3,34,1,1044
0.803,2026-08-05T05:49:48.138161+00:00,right_gripper,2428,2442,14,38,2,42
0.853,2026-08-05T05:49:48.188466+00:00,left_shoulder_pan,1857,1851,-6,37,1,1060
0.853,2026-08-05T05:49:48.188466+00:00,left_shoulder_lift,2389,2406,17,37,5,80
0.853,2026-08-05T05:49:48.188466+00:00,left_elbow_flex,1629,1641,12,35,2,60
0.853,2026-08-05T05:49:48.188466+00:00,left_wrist_flex,2169,2173,4,34,1,28
0.853,2026-08-05T05:49:48.188466+00:00,left_wrist_roll,1989,1987,-2,34,0,1044
0.853,2026-08-05T05:49:48.188466+00:00,left_gripper,2014,2014,0,36,0,0
0.853,2026-08-05T05:49:48.188466+00:00,right_shoulder_pan,2098,2067,-31,37,2,1084
0.853,2026-08-05T05:49:48.188466+00:00,right_shoulder_lift,2096,2156,60,38,8,134
0.853,2026-08-05T05:49:48.188466+00:00,right_elbow_flex,2097,2136,39,37,4,92
0.853,2026-08-05T05:49:48.188466+00:00,right_wrist_flex,1976,1990,14,35,1,42
0.853,2026-08-05T05:49:48.188466+00:00,right_wrist_roll,2114,2111,-3,34,1,1044
0.853,2026-08-05T05:49:48.188466+00:00,right_gripper,2428,2442,14,37,2,42
0.903,2026-08-05T05:49:48.238514+00:00,left_shoulder_pan,1857,1851,-6,37,1,1060
0.903,2026-08-05T05:49:48.238514+00:00,left_shoulder_lift,2389,2406,17,37,5,80
0.903,2026-08-05T05:49:48.238514+00:00,left_elbow_flex,1629,1641,12,34,2,60
0.903,2026-08-05T05:49:48.238514+00:00,left_wrist_flex,2169,2173,4,34,1,28
0.903,2026-08-05T05:49:48.238514+00:00,left_wrist_roll,1989,1987,-2,34,0,1044
0.903,2026-08-05T05:49:48.238514+00:00,left_gripper,2014,2014,0,36,0,0
0.903,2026-08-05T05:49:48.238514+00:00,right_shoulder_pan,2104,2073,-31,37,1,1086
0.903,2026-08-05T05:49:48.238514+00:00,right_shoulder_lift,2095,2156,61,38,11,140
0.903,2026-08-05T05:49:48.238514+00:00,right_elbow_flex,2097,2137,40,37,6,98
0.903,2026-08-05T05:49:48.238514+00:00,right_wrist_flex,1976,1990,14,35,0,42
0.903,2026-08-05T05:49:48.238514+00:00,right_wrist_roll,2114,2111,-3,34,1,1044
0.903,2026-08-05T05:49:48.238514+00:00,right_gripper,2428,2442,14,38,1,42
0.953,2026-08-05T05:49:48.288703+00:00,left_shoulder_pan,1857,1851,-6,37,1,1060
0.953,2026-08-05T05:49:48.288703+00:00,left_shoulder_lift,2389,2406,17,37,4,80
0.953,2026-08-05T05:49:48.288703+00:00,left_elbow_flex,1629,1641,12,34,2,60
0.953,2026-08-05T05:49:48.288703+00:00,left_wrist_flex,2169,2173,4,34,1,28
0.953,2026-08-05T05:49:48.288703+00:00,left_wrist_roll,1989,1987,-2,34,0,1044
0.953,2026-08-05T05:49:48.288703+00:00,left_gripper,2014,2014,0,36,0,0
0.953,2026-08-05T05:49:48.288703+00:00,right_shoulder_pan,2110,2080,-30,37,1,1088
0.953,2026-08-05T05:49:48.288703+00:00,right_shoulder_lift,2093,2156,63,38,8,138
0.953,2026-08-05T05:49:48.288703+00:00,right_elbow_flex,2097,2137,40,37,5,94
0.953,2026-08-05T05:49:48.288703+00:00,right_wrist_flex,1976,1990,14,35,1,42
0.953,2026-08-05T05:49:48.288703+00:00,right_wrist_roll,2114,2111,-3,34,0,1044
0.953,2026-08-05T05:49:48.288703+00:00,right_gripper,2428,2442,14,38,1,42
1.003,2026-08-05T05:49:48.338679+00:00,left_shoulder_pan,1857,1851,-6,37,1,1060
1.003,2026-08-05T05:49:48.338679+00:00,left_shoulder_lift,2389,2406,17,37,4,80
1.003,2026-08-05T05:49:48.338679+00:00,left_elbow_flex,1629,1641,12,34,2,60
1.003,2026-08-05T05:49:48.338679+00:00,left_wrist_flex,2169,2173,4,34,0,28
1.003,2026-08-05T05:49:48.338679+00:00,left_wrist_roll,1989,1987,-2,34,0,1044
1.003,2026-08-05T05:49:48.338679+00:00,left_gripper,2014,2014,0,36,0,0
1.003,2026-08-05T05:49:48.338679+00:00,right_shoulder_pan,2116,2086,-30,37,1,1074
1.003,2026-08-05T05:49:48.338679+00:00,right_shoulder_lift,2091,2156,65,38,11,142
1.003,2026-08-05T05:49:48.338679+00:00,right_elbow_flex,2097,2137,40,38,4,94
1.003,2026-08-05T05:49:48.338679+00:00,right_wrist_flex,1976,1990,14,35,1,42
1.003,2026-08-05T05:49:48.338679+00:00,right_wrist_roll,2114,2111,-3,34,0,1044
1.003,2026-08-05T05:49:48.338679+00:00,right_gripper,2428,2442,14,38,1,42
1.053,2026-08-05T05:49:48.388680+00:00,left_shoulder_pan,1857,1851,-6,37,1,1060
1.053,2026-08-05T05:49:48.388680+00:00,left_shoulder_lift,2389,2406,17,37,4,80
1.053,2026-08-05T05:49:48.388680+00:00,left_elbow_flex,1629,1641,12,34,2,60
1.053,2026-08-05T05:49:48.388680+00:00,left_wrist_flex,2169,2173,4,34,1,28
1.053,2026-08-05T05:49:48.388680+00:00,left_wrist_roll,1989,1987,-2,34,0,1044
1.053,2026-08-05T05:49:48.388680+00:00,left_gripper,2014,2014,0,37,0,0
1.053,2026-08-05T05:49:48.388680+00:00,right_shoulder_pan,2121,2093,-28,37,1,1082
1.053,2026-08-05T05:49:48.388680+00:00,right_shoulder_lift,2090,2156,66,38,9,146
1.053,2026-08-05T05:49:48.388680+00:00,right_elbow_flex,2097,2137,40,37,4,94
1.053,2026-08-05T05:49:48.388680+00:00,right_wrist_flex,1976,1990,14,35,1,42
1.053,2026-08-05T05:49:48.388680+00:00,right_wrist_roll,2114,2111,-3,34,0,1044
1.053,2026-08-05T05:49:48.388680+00:00,right_gripper,2428,2442,14,38,1,42
1.103,2026-08-05T05:49:48.438728+00:00,left_shoulder_pan,1857,1851,-6,37,1,1060
1.103,2026-08-05T05:49:48.438728+00:00,left_shoulder_lift,2389,2406,17,37,5,80
1.103,2026-08-05T05:49:48.438728+00:00,left_elbow_flex,1629,1641,12,35,2,60
1.103,2026-08-05T05:49:48.438728+00:00,left_wrist_flex,2169,2173,4,34,0,28
1.103,2026-08-05T05:49:48.438728+00:00,left_wrist_roll,1989,1987,-2,34,1,1044
1.103,2026-08-05T05:49:48.438728+00:00,left_gripper,2014,2014,0,36,0,0
1.103,2026-08-05T05:49:48.438728+00:00,right_shoulder_pan,2126,2098,-28,37,1,1078
1.103,2026-08-05T05:49:48.438728+00:00,right_shoulder_lift,2088,2156,68,38,10,148
1.103,2026-08-05T05:49:48.438728+00:00,right_elbow_flex,2097,2137,40,37,5,94
1.103,2026-08-05T05:49:48.438728+00:00,right_wrist_flex,1976,1990,14,35,1,42
1.103,2026-08-05T05:49:48.438728+00:00,right_wrist_roll,2114,2111,-3,34,0,1044
1.103,2026-08-05T05:49:48.438728+00:00,right_gripper,2428,2442,14,38,2,42
1.153,2026-08-05T05:49:48.488734+00:00,left_shoulder_pan,1857,1851,-6,37,1,1060
1.153,2026-08-05T05:49:48.488734+00:00,left_shoulder_lift,2389,2406,17,37,4,80
1.153,2026-08-05T05:49:48.488734+00:00,left_elbow_flex,1629,1641,12,34,2,60
1.153,2026-08-05T05:49:48.488734+00:00,left_wrist_flex,2169,2173,4,34,0,28
1.153,2026-08-05T05:49:48.488734+00:00,left_wrist_roll,1989,1987,-2,34,0,1044
1.153,2026-08-05T05:49:48.488734+00:00,left_gripper,2014,2014,0,36,0,0
1.153,2026-08-05T05:49:48.488734+00:00,right_shoulder_pan,2131,2104,-27,37,1,1082
1.153,2026-08-05T05:49:48.488734+00:00,right_shoulder_lift,2086,2156,70,38,9,152
1.153,2026-08-05T05:49:48.488734+00:00,right_elbow_flex,2097,2137,40,37,5,94
1.153,2026-08-05T05:49:48.488734+00:00,right_wrist_flex,1976,1990,14,35,1,42
1.153,2026-08-05T05:49:48.488734+00:00,right_wrist_roll,2114,2111,-3,34,0,1044
1.153,2026-08-05T05:49:48.488734+00:00,right_gripper,2428,2442,14,38,2,42
1.203,2026-08-05T05:49:48.538848+00:00,left_shoulder_pan,1857,1851,-6,37,1,1060
1.203,2026-08-05T05:49:48.538848+00:00,left_shoulder_lift,2389,2406,17,36,4,80
1.203,2026-08-05T05:49:48.538848+00:00,left_elbow_flex,1629,1641,12,35,2,60
1.203,2026-08-05T05:49:48.538848+00:00,left_wrist_flex,2169,2173,4,34,0,28
1.203,2026-08-05T05:49:48.538848+00:00,left_wrist_roll,1989,1987,-2,34,0,1044
1.203,2026-08-05T05:49:48.538848+00:00,left_gripper,2014,2014,0,36,0,0
1.203,2026-08-05T05:49:48.538848+00:00,right_shoulder_pan,2136,2110,-26,37,2,1080
1.203,2026-08-05T05:49:48.538848+00:00,right_shoulder_lift,2084,2156,72,38,15,156
1.203,2026-08-05T05:49:48.538848+00:00,right_elbow_flex,2097,2137,40,38,4,94
1.203,2026-08-05T05:49:48.538848+00:00,right_wrist_flex,1976,1990,14,35,1,42
1.203,2026-08-05T05:49:48.538848+00:00,right_wrist_roll,2114,2111,-3,34,0,1044
1.203,2026-08-05T05:49:48.538848+00:00,right_gripper,2428,2442,14,38,2,42
1.253,2026-08-05T05:49:48.588720+00:00,left_shoulder_pan,1857,1851,-6,37,1,1060
1.253,2026-08-05T05:49:48.588720+00:00,left_shoulder_lift,2389,2406,17,37,4,80
1.253,2026-08-05T05:49:48.588720+00:00,left_elbow_flex,1629,1641,12,35,2,60
1.253,2026-08-05T05:49:48.588720+00:00,left_wrist_flex,2169,2173,4,34,0,28
1.253,2026-08-05T05:49:48.588720+00:00,left_wrist_roll,1989,1987,-2,34,0,1044
1.253,2026-08-05T05:49:48.588720+00:00,left_gripper,2014,2014,0,36,0,0
1.253,2026-08-05T05:49:48.588720+00:00,right_shoulder_pan,2141,2115,-26,37,1,1074
1.253,2026-08-05T05:49:48.588720+00:00,right_shoulder_lift,2082,2156,74,38,11,160
1.253,2026-08-05T05:49:48.588720+00:00,right_elbow_flex,2097,2137,40,37,4,94
1.253,2026-08-05T05:49:48.588720+00:00,right_wrist_flex,1976,1990,14,35,1,42
1.253,2026-08-05T05:49:48.588720+00:00,right_wrist_roll,2114,2111,-3,34,1,1044
1.253,2026-08-05T05:49:48.588720+00:00,right_gripper,2428,2442,14,38,2,42
1.303,2026-08-05T05:49:48.638845+00:00,left_shoulder_pan,1857,1851,-6,37,1,1060
1.303,2026-08-05T05:49:48.638845+00:00,left_shoulder_lift,2389,2406,17,37,4,80
1.303,2026-08-05T05:49:48.638845+00:00,left_elbow_flex,1629,1641,12,34,2,60
1.303,2026-08-05T05:49:48.638845+00:00,left_wrist_flex,2169,2173,4,34,1,28
1.303,2026-08-05T05:49:48.638845+00:00,left_wrist_roll,1989,1987,-2,34,0,1044
1.303,2026-08-05T05:49:48.638845+00:00,left_gripper,2014,2014,0,36,0,0
1.303,2026-08-05T05:49:48.638845+00:00,right_shoulder_pan,2145,2120,-25,37,1,1070
1.303,2026-08-05T05:49:48.638845+00:00,right_shoulder_lift,2080,2156,76,38,12,164
1.303,2026-08-05T05:49:48.638845+00:00,right_elbow_flex,2097,2137,40,37,5,94
1.303,2026-08-05T05:49:48.638845+00:00,right_wrist_flex,1976,1990,14,35,1,42
1.303,2026-08-05T05:49:48.638845+00:00,right_wrist_roll,2114,2111,-3,34,0,1044
1.303,2026-08-05T05:49:48.638845+00:00,right_gripper,2428,2442,14,38,2,42
1.354,2026-08-05T05:49:48.690781+00:00,left_shoulder_pan,1857,1851,-6,37,1,1060
1.354,2026-08-05T05:49:48.690781+00:00,left_shoulder_lift,2389,2406,17,37,4,80
1.354,2026-08-05T05:49:48.690781+00:00,left_elbow_flex,1629,1641,12,34,2,60
1.354,2026-08-05T05:49:48.690781+00:00,left_wrist_flex,2169,2173,4,34,1,28
1.354,2026-08-05T05:49:48.690781+00:00,left_wrist_roll,1989,1987,-2,34,0,1044
1.354,2026-08-05T05:49:48.690781+00:00,left_gripper,2014,2014,0,36,0,0
1.354,2026-08-05T05:49:48.690781+00:00,right_shoulder_pan,2149,2125,-24,37,1,1076
1.354,2026-08-05T05:49:48.690781+00:00,right_shoulder_lift,2078,2156,78,38,16,168
1.354,2026-08-05T05:49:48.690781+00:00,right_elbow_flex,2097,2137,40,37,4,94
1.354,2026-08-05T05:49:48.690781+00:00,right_wrist_flex,1976,1990,14,35,1,42
1.354,2026-08-05T05:49:48.690781+00:00,right_wrist_roll,2114,2111,-3,34,1,1044
1.354,2026-08-05T05:49:48.690781+00:00,right_gripper,2428,2442,14,38,2,42
1.404,2026-08-05T05:49:48.738917+00:00,left_shoulder_pan,1857,1851,-6,37,0,1060
1.404,2026-08-05T05:49:48.738917+00:00,left_shoulder_lift,2389,2406,17,37,4,80
1.404,2026-08-05T05:49:48.738917+00:00,left_elbow_flex,1629,1641,12,34,2,60
1.404,2026-08-05T05:49:48.738917+00:00,left_wrist_flex,2169,2173,4,34,0,28
1.404,2026-08-05T05:49:48.738917+00:00,left_wrist_roll,1989,1987,-2,34,0,1044
1.404,2026-08-05T05:49:48.738917+00:00,left_gripper,2014,2014,0,36,0,0
1.404,2026-08-05T05:49:48.738917+00:00,right_shoulder_pan,2152,2130,-22,37,0,1074
1.404,2026-08-05T05:49:48.738917+00:00,right_shoulder_lift,2076,2156,80,38,13,172
1.404,2026-08-05T05:49:48.738917+00:00,right_elbow_flex,2097,2137,40,38,5,94
1.404,2026-08-05T05:49:48.738917+00:00,right_wrist_flex,1976,1990,14,35,1,42
1.404,2026-08-05T05:49:48.738917+00:00,right_wrist_roll,2114,2111,-3,34,1,1044
1.404,2026-08-05T05:49:48.738917+00:00,right_gripper,2428,2442,14,39,2,42
1.454,2026-08-05T05:49:48.789186+00:00,left_shoulder_pan,1857,1851,-6,37,1,1060
1.454,2026-08-05T05:49:48.789186+00:00,left_shoulder_lift,2389,2406,17,37,5,80
1.454,2026-08-05T05:49:48.789186+00:00,left_elbow_flex,1629,1641,12,34,2,60
1.454,2026-08-05T05:49:48.789186+00:00,left_wrist_flex,2169,2173,4,34,1,28
1.454,2026-08-05T05:49:48.789186+00:00,left_wrist_roll,1989,1987,-2,34,0,1044
1.454,2026-08-05T05:49:48.789186+00:00,left_gripper,2014,2014,0,36,0,0
1.454,2026-08-05T05:49:48.789186+00:00,right_shoulder_pan,2156,2135,-21,37,1,1072
1.454,2026-08-05T05:49:48.789186+00:00,right_shoulder_lift,2074,2156,82,38,13,176
1.454,2026-08-05T05:49:48.789186+00:00,right_elbow_flex,2097,2137,40,38,5,94
1.454,2026-08-05T05:49:48.789186+00:00,right_wrist_flex,1976,1990,14,35,1,42
1.454,2026-08-05T05:49:48.789186+00:00,right_wrist_roll,2114,2111,-3,34,0,1044
1.454,2026-08-05T05:49:48.789186+00:00,right_gripper,2428,2442,14,38,1,42
1.504,2026-08-05T05:49:48.839117+00:00,left_shoulder_pan,1857,1851,-6,37,1,1060
1.504,2026-08-05T05:49:48.839117+00:00,left_shoulder_lift,2389,2406,17,37,4,80
1.504,2026-08-05T05:49:48.839117+00:00,left_elbow_flex,1629,1641,12,34,2,60
1.504,2026-08-05T05:49:48.839117+00:00,left_wrist_flex,2169,2173,4,34,0,28
1.504,2026-08-05T05:49:48.839117+00:00,left_wrist_roll,1989,1987,-2,34,0,1044
1.504,2026-08-05T05:49:48.839117+00:00,left_gripper,2014,2014,0,36,0,0
1.504,2026-08-05T05:49:48.839117+00:00,right_shoulder_pan,2159,2138,-21,37,0,1068
1.504,2026-08-05T05:49:48.839117+00:00,right_shoulder_lift,2072,2156,84,38,20,180
1.504,2026-08-05T05:49:48.839117+00:00,right_elbow_flex,2097,2137,40,38,5,94
1.504,2026-08-05T05:49:48.839117+00:00,right_wrist_flex,1976,1990,14,35,1,42
1.504,2026-08-05T05:49:48.839117+00:00,right_wrist_roll,2114,2111,-3,34,0,1044
1.504,2026-08-05T05:49:48.839117+00:00,right_gripper,2428,2442,14,37,1,42
1.554,2026-08-05T05:49:48.889158+00:00,left_shoulder_pan,1857,1851,-6,37,1,1060
1.554,2026-08-05T05:49:48.889158+00:00,left_shoulder_lift,2389,2406,17,37,4,80
1.554,2026-08-05T05:49:48.889158+00:00,left_elbow_flex,1629,1641,12,34,2,60
1.554,2026-08-05T05:49:48.889158+00:00,left_wrist_flex,2169,2173,4,34,0,28
1.554,2026-08-05T05:49:48.889158+00:00,left_wrist_roll,1989,1987,-2,34,0,1044
1.554,2026-08-05T05:49:48.889158+00:00,left_gripper,2014,2014,0,36,0,0
1.554,2026-08-05T05:49:48.889158+00:00,right_shoulder_pan,2162,2142,-20,37,1,1074
1.554,2026-08-05T05:49:48.889158+00:00,right_shoulder_lift,2070,2156,86,38,15,184
1.554,2026-08-05T05:49:48.889158+00:00,right_elbow_flex,2097,2137,40,37,5,94
1.554,2026-08-05T05:49:48.889158+00:00,right_wrist_flex,1976,1990,14,35,1,42
1.554,2026-08-05T05:49:48.889158+00:00,right_wrist_roll,2114,2111,-3,34,0,1044
1.554,2026-08-05T05:49:48.889158+00:00,right_gripper,2428,2442,14,38,2,42
1.604,2026-08-05T05:49:48.939592+00:00,left_shoulder_pan,1857,1851,-6,37,1,1060
1.604,2026-08-05T05:49:48.939592+00:00,left_shoulder_lift,2389,2406,17,37,4,80
1.604,2026-08-05T05:49:48.939592+00:00,left_elbow_flex,1629,1641,12,34,2,60
1.604,2026-08-05T05:49:48.939592+00:00,left_wrist_flex,2169,2173,4,34,0,28
1.604,2026-08-05T05:49:48.939592+00:00,left_wrist_roll,1989,1987,-2,34,1,1044
1.604,2026-08-05T05:49:48.939592+00:00,left_gripper,2014,2014,0,36,0,0
1.604,2026-08-05T05:49:48.939592+00:00,right_shoulder_pan,2164,2146,-18,37,1,1070
1.604,2026-08-05T05:49:48.939592+00:00,right_shoulder_lift,2067,2156,89,38,21,188
1.604,2026-08-05T05:49:48.939592+00:00,right_elbow_flex,2097,2137,40,37,4,94
1.604,2026-08-05T05:49:48.939592+00:00,right_wrist_flex,1976,1990,14,35,1,42
1.604,2026-08-05T05:49:48.939592+00:00,right_wrist_roll,2114,2111,-3,34,0,1044
1.604,2026-08-05T05:49:48.939592+00:00,right_gripper,2428,2442,14,38,2,42
1.654,2026-08-05T05:49:48.989251+00:00,left_shoulder_pan,1857,1851,-6,36,2,1060
1.654,2026-08-05T05:49:48.989251+00:00,left_shoulder_lift,2389,2406,17,37,4,80
1.654,2026-08-05T05:49:48.989251+00:00,left_elbow_flex,1629,1641,12,34,3,60
1.654,2026-08-05T05:49:48.989251+00:00,left_wrist_flex,2169,2173,4,34,1,28
1.654,2026-08-05T05:49:48.989251+00:00,left_wrist_roll,1989,1987,-2,34,1,1044
1.654,2026-08-05T05:49:48.989251+00:00,left_gripper,2014,2014,0,36,0,0
1.654,2026-08-05T05:49:48.989251+00:00,right_shoulder_pan,2167,2149,-18,37,1,1068
1.654,2026-08-05T05:49:48.989251+00:00,right_shoulder_lift,2065,2156,91,38,17,198
1.654,2026-08-05T05:49:48.989251+00:00,right_elbow_flex,2097,2137,40,37,4,94
1.654,2026-08-05T05:49:48.989251+00:00,right_wrist_flex,1976,1990,14,35,1,42
1.654,2026-08-05T05:49:48.989251+00:00,right_wrist_roll,2114,2111,-3,34,0,1044
1.654,2026-08-05T05:49:48.989251+00:00,right_gripper,2428,2442,14,38,2,42
1.704,2026-08-05T05:49:49.039678+00:00,left_shoulder_pan,1857,1851,-6,37,2,1060
1.704,2026-08-05T05:49:49.039678+00:00,left_shoulder_lift,2389,2406,17,37,5,80
1.704,2026-08-05T05:49:49.039678+00:00,left_elbow_flex,1629,1641,12,34,2,60
1.704,2026-08-05T05:49:49.039678+00:00,left_wrist_flex,2169,2173,4,34,0,28
1.704,2026-08-05T05:49:49.039678+00:00,left_wrist_roll,1989,1987,-2,34,0,1044
1.704,2026-08-05T05:49:49.039678+00:00,left_gripper,2014,2014,0,37,0,0
1.704,2026-08-05T05:49:49.039678+00:00,right_shoulder_pan,2169,2152,-17,37,1,1068
1.704,2026-08-05T05:49:49.039678+00:00,right_shoulder_lift,2063,2156,93,38,19,198
1.704,2026-08-05T05:49:49.039678+00:00,right_elbow_flex,2097,2137,40,37,4,94
1.704,2026-08-05T05:49:49.039678+00:00,right_wrist_flex,1976,1990,14,35,1,42
1.704,2026-08-05T05:49:49.039678+00:00,right_wrist_roll,2114,2111,-3,34,1,1044
1.704,2026-08-05T05:49:49.039678+00:00,right_gripper,2428,2442,14,38,1,42
1.754,2026-08-05T05:49:49.089386+00:00,left_shoulder_pan,1857,1851,-6,37,1,1060
1.754,2026-08-05T05:49:49.089386+00:00,left_shoulder_lift,2389,2406,17,37,4,80
1.754,2026-08-05T05:49:49.089386+00:00,left_elbow_flex,1629,1641,12,34,2,60
1.754,2026-08-05T05:49:49.089386+00:00,left_wrist_flex,2169,2173,4,34,0,28
1.754,2026-08-05T05:49:49.089386+00:00,left_wrist_roll,1989,1987,-2,34,1,1044
1.754,2026-08-05T05:49:49.089386+00:00,left_gripper,2014,2014,0,36,0,0
1.754,2026-08-05T05:49:49.089386+00:00,right_shoulder_pan,2170,2154,-16,37,1,1072
1.754,2026-08-05T05:49:49.089386+00:00,right_shoulder_lift,2061,2156,95,38,24,206
1.754,2026-08-05T05:49:49.089386+00:00,right_elbow_flex,2097,2137,40,38,4,94
1.754,2026-08-05T05:49:49.089386+00:00,right_wrist_flex,1976,1990,14,35,1,42
1.754,2026-08-05T05:49:49.089386+00:00,right_wrist_roll,2114,2111,-3,34,1,1044
1.754,2026-08-05T05:49:49.089386+00:00,right_gripper,2428,2442,14,38,2,42
1.804,2026-08-05T05:49:49.139725+00:00,left_shoulder_pan,1857,1851,-6,37,1,1060
1.804,2026-08-05T05:49:49.139725+00:00,left_shoulder_lift,2389,2406,17,37,4,80
1.804,2026-08-05T05:49:49.139725+00:00,left_elbow_flex,1629,1641,12,34,2,60
1.804,2026-08-05T05:49:49.139725+00:00,left_wrist_flex,2169,2173,4,34,1,28
1.804,2026-08-05T05:49:49.139725+00:00,left_wrist_roll,1989,1987,-2,34,1,1044
1.804,2026-08-05T05:49:49.139725+00:00,left_gripper,2014,2014,0,36,0,0
1.804,2026-08-05T05:49:49.139725+00:00,right_shoulder_pan,2172,2156,-16,37,1,1066
1.804,2026-08-05T05:49:49.139725+00:00,right_shoulder_lift,2058,2156,98,38,19,206
1.804,2026-08-05T05:49:49.139725+00:00,right_elbow_flex,2097,2137,40,37,4,94
1.804,2026-08-05T05:49:49.139725+00:00,right_wrist_flex,1976,1990,14,35,1,42
1.804,2026-08-05T05:49:49.139725+00:00,right_wrist_roll,2114,2111,-3,34,1,1044
1.804,2026-08-05T05:49:49.139725+00:00,right_gripper,2428,2442,14,38,2,42
1.854,2026-08-05T05:49:49.189837+00:00,left_shoulder_pan,1857,1851,-6,37,1,1060
1.854,2026-08-05T05:49:49.189837+00:00,left_shoulder_lift,2389,2406,17,37,5,80
1.854,2026-08-05T05:49:49.189837+00:00,left_elbow_flex,1629,1641,12,34,2,60
1.854,2026-08-05T05:49:49.189837+00:00,left_wrist_flex,2169,2173,4,34,0,28
1.854,2026-08-05T05:49:49.189837+00:00,left_wrist_roll,1989,1987,-2,34,0,1044
1.854,2026-08-05T05:49:49.189837+00:00,left_gripper,2014,2014,0,36,0,0
1.854,2026-08-05T05:49:49.189837+00:00,right_shoulder_pan,2173,2158,-15,37,2,1066
1.854,2026-08-05T05:49:49.189837+00:00,right_shoulder_lift,2056,2156,100,38,23,216
1.854,2026-08-05T05:49:49.189837+00:00,right_elbow_flex,2097,2137,40,37,4,94
1.854,2026-08-05T05:49:49.189837+00:00,right_wrist_flex,1976,1990,14,35,1,42
1.854,2026-08-05T05:49:49.189837+00:00,right_wrist_roll,2114,2111,-3,34,1,1044
1.854,2026-08-05T05:49:49.189837+00:00,right_gripper,2428,2442,14,38,1,42
1.904,2026-08-05T05:49:49.239876+00:00,left_shoulder_pan,1857,1851,-6,37,1,1060
1.904,2026-08-05T05:49:49.239876+00:00,left_shoulder_lift,2389,2406,17,37,4,80
1.904,2026-08-05T05:49:49.239876+00:00,left_elbow_flex,1629,1641,12,34,3,60
1.904,2026-08-05T05:49:49.239876+00:00,left_wrist_flex,2169,2173,4,34,1,28
1.904,2026-08-05T05:49:49.239876+00:00,left_wrist_roll,1989,1987,-2,34,1,1044
1.904,2026-08-05T05:49:49.239876+00:00,left_gripper,2014,2014,0,36,0,0
1.904,2026-08-05T05:49:49.239876+00:00,right_shoulder_pan,2173,2159,-14,37,1,1066
1.904,2026-08-05T05:49:49.239876+00:00,right_shoulder_lift,2054,2156,102,38,28,216
1.904,2026-08-05T05:49:49.239876+00:00,right_elbow_flex,2097,2137,40,37,4,94
1.904,2026-08-05T05:49:49.239876+00:00,right_wrist_flex,1976,1990,14,35,1,42
1.904,2026-08-05T05:49:49.239876+00:00,right_wrist_roll,2114,2111,-3,34,0,1044
1.904,2026-08-05T05:49:49.239876+00:00,right_gripper,2428,2442,14,37,2,42
1.954,2026-08-05T05:49:49.289725+00:00,left_shoulder_pan,1857,1851,-6,37,1,1060
1.954,2026-08-05T05:49:49.289725+00:00,left_shoulder_lift,2389,2406,17,37,4,80
1.954,2026-08-05T05:49:49.289725+00:00,left_elbow_flex,1629,1641,12,34,2,60
1.954,2026-08-05T05:49:49.289725+00:00,left_wrist_flex,2169,2173,4,34,0,28
1.954,2026-08-05T05:49:49.289725+00:00,left_wrist_roll,1989,1987,-2,33,0,1044
1.954,2026-08-05T05:49:49.289725+00:00,left_gripper,2014,2014,0,36,0,0
1.954,2026-08-05T05:49:49.289725+00:00,right_shoulder_pan,2174,2159,-15,37,1,1066
1.954,2026-08-05T05:49:49.289725+00:00,right_shoulder_lift,2051,2156,105,38,27,224
1.954,2026-08-05T05:49:49.289725+00:00,right_elbow_flex,2097,2137,40,37,4,94
1.954,2026-08-05T05:49:49.289725+00:00,right_wrist_flex,1976,1990,14,35,1,42
1.954,2026-08-05T05:49:49.289725+00:00,right_wrist_roll,2114,2111,-3,34,0,1044
1.954,2026-08-05T05:49:49.289725+00:00,right_gripper,2428,2442,14,38,2,42
2.005,2026-08-05T05:49:49.340846+00:00,left_shoulder_pan,1857,1851,-6,37,1,1060
2.005,2026-08-05T05:49:49.340846+00:00,left_shoulder_lift,2389,2406,17,37,4,80
2.005,2026-08-05T05:49:49.340846+00:00,left_elbow_flex,1629,1641,12,34,3,60
2.005,2026-08-05T05:49:49.340846+00:00,left_wrist_flex,2169,2173,4,34,0,28
2.005,2026-08-05T05:49:49.340846+00:00,left_wrist_roll,1989,1987,-2,34,0,1044
2.005,2026-08-05T05:49:49.340846+00:00,left_gripper,2014,2014,0,36,0,0
2.005,2026-08-05T05:49:49.340846+00:00,right_shoulder_pan,2174,2160,-14,37,1,1062
2.005,2026-08-05T05:49:49.340846+00:00,right_shoulder_lift,2049,2156,107,38,23,226
2.005,2026-08-05T05:49:49.340846+00:00,right_elbow_flex,2097,2137,40,37,4,94
2.005,2026-08-05T05:49:49.340846+00:00,right_wrist_flex,1976,1990,14,35,1,42
2.005,2026-08-05T05:49:49.340846+00:00,right_wrist_roll,2114,2111,-3,34,1,1044
2.005,2026-08-05T05:49:49.340846+00:00,right_gripper,2428,2442,14,38,1,42
2.055,2026-08-05T05:49:49.390413+00:00,left_shoulder_pan,1857,1851,-6,37,1,1051
2.055,2026-08-05T05:49:49.390413+00:00,left_shoulder_lift,2389,2406,17,37,4,80
2.055,2026-08-05T05:49:49.390413+00:00,left_elbow_flex,1629,1641,12,34,3,60
2.055,2026-08-05T05:49:49.390413+00:00,left_wrist_flex,2169,2173,4,34,0,28
2.055,2026-08-05T05:49:49.390413+00:00,left_wrist_roll,1989,1987,-2,34,1,1044
2.055,2026-08-05T05:49:49.390413+00:00,left_gripper,2014,2014,0,36,0,0
2.055,2026-08-05T05:49:49.390413+00:00,right_shoulder_pan,2174,2160,-14,37,1,1066
2.055,2026-08-05T05:49:49.390413+00:00,right_shoulder_lift,2046,2156,110,38,24,234
2.055,2026-08-05T05:49:49.390413+00:00,right_elbow_flex,2097,2137,40,37,4,94
2.055,2026-08-05T05:49:49.390413+00:00,right_wrist_flex,1976,1990,14,35,1,42
2.055,2026-08-05T05:49:49.390413+00:00,right_wrist_roll,2114,2111,-3,34,0,1044
2.055,2026-08-05T05:49:49.390413+00:00,right_gripper,2428,2442,14,38,2,42
2.105,2026-08-05T05:49:49.440138+00:00,left_shoulder_pan,1857,1852,-5,37,0,1056
2.105,2026-08-05T05:49:49.440138+00:00,left_shoulder_lift,2389,2406,17,37,4,80
2.105,2026-08-05T05:49:49.440138+00:00,left_elbow_flex,1629,1641,12,34,2,60
2.105,2026-08-05T05:49:49.440138+00:00,left_wrist_flex,2169,2173,4,34,1,28
2.105,2026-08-05T05:49:49.440138+00:00,left_wrist_roll,1989,1987,-2,34,0,1044
2.105,2026-08-05T05:49:49.440138+00:00,left_gripper,2014,2014,0,36,0,0
2.105,2026-08-05T05:49:49.440138+00:00,right_shoulder_pan,2173,2160,-13,37,1,1064
2.105,2026-08-05T05:49:49.440138+00:00,right_shoulder_lift,2044,2156,112,38,31,236
2.105,2026-08-05T05:49:49.440138+00:00,right_elbow_flex,2097,2137,40,37,4,94
2.105,2026-08-05T05:49:49.440138+00:00,right_wrist_flex,1976,1990,14,35,1,42
2.105,2026-08-05T05:49:49.440138+00:00,right_wrist_roll,2114,2111,-3,34,1,1044
2.105,2026-08-05T05:49:49.440138+00:00,right_gripper,2428,2442,14,38,1,42
2.155,2026-08-05T05:49:49.490022+00:00,left_shoulder_pan,1857,1851,-6,37,1,1065
2.155,2026-08-05T05:49:49.490022+00:00,left_shoulder_lift,2389,2406,17,37,5,80
2.155,2026-08-05T05:49:49.490022+00:00,left_elbow_flex,1629,1641,12,34,2,60
2.155,2026-08-05T05:49:49.490022+00:00,left_wrist_flex,2169,2173,4,34,0,28
2.155,2026-08-05T05:49:49.490022+00:00,left_wrist_roll,1989,1987,-2,34,0,1044
2.155,2026-08-05T05:49:49.490022+00:00,left_gripper,2014,2014,0,36,0,0
2.155,2026-08-05T05:49:49.490022+00:00,right_shoulder_pan,2173,2160,-13,37,1,1064
2.155,2026-08-05T05:49:49.490022+00:00,right_shoulder_lift,2042,2156,114,38,27,244
2.155,2026-08-05T05:49:49.490022+00:00,right_elbow_flex,2097,2137,40,37,4,94
2.155,2026-08-05T05:49:49.490022+00:00,right_wrist_flex,1976,1990,14,34,1,42
2.155,2026-08-05T05:49:49.490022+00:00,right_wrist_roll,2114,2111,-3,34,0,1044
2.155,2026-08-05T05:49:49.490022+00:00,right_gripper,2428,2442,14,37,2,42
2.205,2026-08-05T05:49:49.540062+00:00,left_shoulder_pan,1857,1851,-6,37,1,1060
2.205,2026-08-05T05:49:49.540062+00:00,left_shoulder_lift,2389,2406,17,37,4,80
2.205,2026-08-05T05:49:49.540062+00:00,left_elbow_flex,1629,1641,12,34,2,60
2.205,2026-08-05T05:49:49.540062+00:00,left_wrist_flex,2169,2173,4,34,1,28
2.205,2026-08-05T05:49:49.540062+00:00,left_wrist_roll,1989,1987,-2,34,0,1044
2.205,2026-08-05T05:49:49.540062+00:00,left_gripper,2014,2014,0,36,0,0
2.205,2026-08-05T05:49:49.540062+00:00,right_shoulder_pan,2171,2160,-11,37,2,1062
2.205,2026-08-05T05:49:49.540062+00:00,right_shoulder_lift,2039,2156,117,38,28,244
2.205,2026-08-05T05:49:49.540062+00:00,right_elbow_flex,2097,2137,40,37,5,94
2.205,2026-08-05T05:49:49.540062+00:00,right_wrist_flex,1976,1990,14,35,1,42
2.205,2026-08-05T05:49:49.540062+00:00,right_wrist_roll,2114,2111,-3,34,1,1044
2.205,2026-08-05T05:49:49.540062+00:00,right_gripper,2428,2442,14,37,2,42
2.255,2026-08-05T05:49:49.591259+00:00,left_shoulder_pan,1857,1851,-6,37,1,1060
2.255,2026-08-05T05:49:49.591259+00:00,left_shoulder_lift,2389,2406,17,37,4,80
2.255,2026-08-05T05:49:49.591259+00:00,left_elbow_flex,1629,1641,12,34,2,60
2.255,2026-08-05T05:49:49.591259+00:00,left_wrist_flex,2169,2173,4,34,0,28
2.255,2026-08-05T05:49:49.591259+00:00,left_wrist_roll,1989,1987,-2,34,1,1044
2.255,2026-08-05T05:49:49.591259+00:00,left_gripper,2014,2014,0,36,0,0
2.255,2026-08-05T05:49:49.591259+00:00,right_shoulder_pan,2170,2160,-10,37,1,1054
2.255,2026-08-05T05:49:49.591259+00:00,right_shoulder_lift,2037,2156,119,38,28,254
2.255,2026-08-05T05:49:49.591259+00:00,right_elbow_flex,2097,2137,40,37,5,94
2.255,2026-08-05T05:49:49.591259+00:00,right_wrist_flex,1976,1990,14,35,2,42
2.255,2026-08-05T05:49:49.591259+00:00,right_wrist_roll,2114,2111,-3,34,1,1044
2.255,2026-08-05T05:49:49.591259+00:00,right_gripper,2428,2442,14,38,2,42
2.305,2026-08-05T05:49:49.640210+00:00,left_shoulder_pan,1857,1851,-6,37,1,1060
2.305,2026-08-05T05:49:49.640210+00:00,left_shoulder_lift,2389,2406,17,37,5,80
2.305,2026-08-05T05:49:49.640210+00:00,left_elbow_flex,1629,1641,12,34,2,60
2.305,2026-08-05T05:49:49.640210+00:00,left_wrist_flex,2169,2173,4,34,0,28
2.305,2026-08-05T05:49:49.640210+00:00,left_wrist_roll,1989,1987,-2,34,0,1044
2.305,2026-08-05T05:49:49.640210+00:00,left_gripper,2014,2014,0,36,0,0
2.305,2026-08-05T05:49:49.640210+00:00,right_shoulder_pan,2168,2160,-8,37,0,1056
2.305,2026-08-05T05:49:49.640210+00:00,right_shoulder_lift,2035,2156,121,38,37,254
2.305,2026-08-05T05:49:49.640210+00:00,right_elbow_flex,2097,2137,40,37,5,94
2.305,2026-08-05T05:49:49.640210+00:00,right_wrist_flex,1976,1990,14,35,0,42
2.305,2026-08-05T05:49:49.640210+00:00,right_wrist_roll,2114,2111,-3,34,0,1044
2.305,2026-08-05T05:49:49.640210+00:00,right_gripper,2428,2442,14,38,2,42
2.355,2026-08-05T05:49:49.690297+00:00,left_shoulder_pan,1857,1851,-6,37,1,1060
2.355,2026-08-05T05:49:49.690297+00:00,left_shoulder_lift,2389,2406,17,37,5,80
2.355,2026-08-05T05:49:49.690297+00:00,left_elbow_flex,1629,1641,12,34,2,60
2.355,2026-08-05T05:49:49.690297+00:00,left_wrist_flex,2169,2173,4,34,0,28
2.355,2026-08-05T05:49:49.690297+00:00,left_wrist_roll,1989,1987,-2,34,0,1044
2.355,2026-08-05T05:49:49.690297+00:00,left_gripper,2014,2014,0,36,0,0
2.355,2026-08-05T05:49:49.690297+00:00,right_shoulder_pan,2166,2160,-6,37,1,1048
2.355,2026-08-05T05:49:49.690297+00:00,right_shoulder_lift,2032,2156,124,38,30,262
2.355,2026-08-05T05:49:49.690297+00:00,right_elbow_flex,2097,2137,40,37,4,94
2.355,2026-08-05T05:49:49.690297+00:00,right_wrist_flex,1976,1990,14,35,1,42
2.355,2026-08-05T05:49:49.690297+00:00,right_wrist_roll,2114,2111,-3,34,1,1044
2.355,2026-08-05T05:49:49.690297+00:00,right_gripper,2428,2442,14,38,2,42
2.405,2026-08-05T05:49:49.740699+00:00,left_shoulder_pan,1857,1851,-6,37,1,1060
2.405,2026-08-05T05:49:49.740699+00:00,left_shoulder_lift,2389,2406,17,37,4,80
2.405,2026-08-05T05:49:49.740699+00:00,left_elbow_flex,1629,1641,12,34,2,60
2.405,2026-08-05T05:49:49.740699+00:00,left_wrist_flex,2169,2173,4,34,1,28
2.405,2026-08-05T05:49:49.740699+00:00,left_wrist_roll,1989,1987,-2,34,0,1044
2.405,2026-08-05T05:49:49.740699+00:00,left_gripper,2014,2014,0,36,0,0
2.405,2026-08-05T05:49:49.740699+00:00,right_shoulder_pan,2164,2160,-4,37,1,1048
2.405,2026-08-05T05:49:49.740699+00:00,right_shoulder_lift,2030,2156,126,38,37,268
2.405,2026-08-05T05:49:49.740699+00:00,right_elbow_flex,2097,2137,40,38,4,94
2.405,2026-08-05T05:49:49.740699+00:00,right_wrist_flex,1976,1990,14,35,1,42
2.405,2026-08-05T05:49:49.740699+00:00,right_wrist_roll,2114,2111,-3,34,0,1044
2.405,2026-08-05T05:49:49.740699+00:00,right_gripper,2428,2442,14,38,1,42
2.455,2026-08-05T05:49:49.790450+00:00,left_shoulder_pan,1857,1851,-6,37,1,1060
2.455,2026-08-05T05:49:49.790450+00:00,left_shoulder_lift,2389,2406,17,37,4,80
2.455,2026-08-05T05:49:49.790450+00:00,left_elbow_flex,1629,1641,12,34,2,60
2.455,2026-08-05T05:49:49.790450+00:00,left_wrist_flex,2169,2173,4,34,0,28
2.455,2026-08-05T05:49:49.790450+00:00,left_wrist_roll,1989,1987,-2,34,0,1044
2.455,2026-08-05T05:49:49.790450+00:00,left_gripper,2014,2014,0,37,0,0
2.455,2026-08-05T05:49:49.790450+00:00,right_shoulder_pan,2161,2160,-1,37,0,0
2.455,2026-08-05T05:49:49.790450+00:00,right_shoulder_lift,2028,2156,128,38,43,272
2.455,2026-08-05T05:49:49.790450+00:00,right_elbow_flex,2097,2137,40,38,4,94
2.455,2026-08-05T05:49:49.790450+00:00,right_wrist_flex,1976,1990,14,35,1,42
2.455,2026-08-05T05:49:49.790450+00:00,right_wrist_roll,2114,2111,-3,34,0,1044
2.455,2026-08-05T05:49:49.790450+00:00,right_gripper,2428,2442,14,38,2,42
2.505,2026-08-05T05:49:49.840749+00:00,left_shoulder_pan,1857,1851,-6,37,1,1060
2.505,2026-08-05T05:49:49.840749+00:00,left_shoulder_lift,2389,2406,17,37,4,80
2.505,2026-08-05T05:49:49.840749+00:00,left_elbow_flex,1629,1641,12,34,2,60
2.505,2026-08-05T05:49:49.840749+00:00,left_wrist_flex,2169,2173,4,34,0,28
2.505,2026-08-05T05:49:49.840749+00:00,left_wrist_roll,1989,1987,-2,34,0,1044
2.505,2026-08-05T05:49:49.840749+00:00,left_gripper,2014,2014,0,36,0,0
2.505,2026-08-05T05:49:49.840749+00:00,right_shoulder_pan,2158,2160,2,37,0,0
2.505,2026-08-05T05:49:49.840749+00:00,right_shoulder_lift,2026,2156,130,38,38,272
2.505,2026-08-05T05:49:49.840749+00:00,right_elbow_flex,2097,2137,40,37,4,94
2.505,2026-08-05T05:49:49.840749+00:00,right_wrist_flex,1976,1990,14,35,1,42
2.505,2026-08-05T05:49:49.840749+00:00,right_wrist_roll,2114,2111,-3,34,1,1044
2.505,2026-08-05T05:49:49.840749+00:00,right_gripper,2428,2442,14,38,2,42
2.555,2026-08-05T05:49:49.890599+00:00,left_shoulder_pan,1857,1851,-6,37,0,1060
2.555,2026-08-05T05:49:49.890599+00:00,left_shoulder_lift,2389,2406,17,37,4,80
2.555,2026-08-05T05:49:49.890599+00:00,left_elbow_flex,1629,1641,12,34,2,60
2.555,2026-08-05T05:49:49.890599+00:00,left_wrist_flex,2169,2173,4,34,0,28
2.555,2026-08-05T05:49:49.890599+00:00,left_wrist_roll,1989,1987,-2,34,1,1044
2.555,2026-08-05T05:49:49.890599+00:00,left_gripper,2014,2014,0,37,0,0
2.555,2026-08-05T05:49:49.890599+00:00,right_shoulder_pan,2155,2160,5,37,1,24
2.555,2026-08-05T05:49:49.890599+00:00,right_shoulder_lift,2024,2156,132,38,41,276
2.555,2026-08-05T05:49:49.890599+00:00,right_elbow_flex,2097,2137,40,37,4,94
2.555,2026-08-05T05:49:49.890599+00:00,right_wrist_flex,1976,1990,14,35,2,42
2.555,2026-08-05T05:49:49.890599+00:00,right_wrist_roll,2114,2111,-3,34,0,1044
2.555,2026-08-05T05:49:49.890599+00:00,right_gripper,2428,2442,14,38,2,42
2.605,2026-08-05T05:49:49.940686+00:00,left_shoulder_pan,1857,1851,-6,37,1,1060
2.605,2026-08-05T05:49:49.940686+00:00,left_shoulder_lift,2389,2406,17,37,5,80
2.605,2026-08-05T05:49:49.940686+00:00,left_elbow_flex,1629,1641,12,34,2,60
2.605,2026-08-05T05:49:49.940686+00:00,left_wrist_flex,2169,2173,4,34,0,28
2.605,2026-08-05T05:49:49.940686+00:00,left_wrist_roll,1989,1987,-2,34,0,1044
2.605,2026-08-05T05:49:49.940686+00:00,left_gripper,2014,2014,0,37,0,0
2.605,2026-08-05T05:49:49.940686+00:00,right_shoulder_pan,2152,2160,8,37,0,26
2.605,2026-08-05T05:49:49.940686+00:00,right_shoulder_lift,2022,2156,134,38,34,280
2.605,2026-08-05T05:49:49.940686+00:00,right_elbow_flex,2097,2137,40,37,5,94
2.605,2026-08-05T05:49:49.940686+00:00,right_wrist_flex,1976,1990,14,35,1,42
2.605,2026-08-05T05:49:49.940686+00:00,right_wrist_roll,2114,2111,-3,34,0,1044
2.605,2026-08-05T05:49:49.940686+00:00,right_gripper,2428,2442,14,38,2,42
2.655,2026-08-05T05:49:49.990692+00:00,left_shoulder_pan,1857,1851,-6,37,1,1060
2.655,2026-08-05T05:49:49.990692+00:00,left_shoulder_lift,2389,2406,17,37,4,80
2.655,2026-08-05T05:49:49.990692+00:00,left_elbow_flex,1629,1641,12,34,2,60
2.655,2026-08-05T05:49:49.990692+00:00,left_wrist_flex,2169,2173,4,34,1,28
2.655,2026-08-05T05:49:49.990692+00:00,left_wrist_roll,1989,1987,-2,34,0,1044
2.655,2026-08-05T05:49:49.990692+00:00,left_gripper,2014,2014,0,37,0,0
2.655,2026-08-05T05:49:49.990692+00:00,right_shoulder_pan,2148,2159,11,37,1,30
2.655,2026-08-05T05:49:49.990692+00:00,right_shoulder_lift,2019,2156,137,38,45,284
2.655,2026-08-05T05:49:49.990692+00:00,right_elbow_flex,2097,2137,40,37,2,94
2.655,2026-08-05T05:49:49.990692+00:00,right_wrist_flex,1976,1990,14,35,1,42
2.655,2026-08-05T05:49:49.990692+00:00,right_wrist_roll,2114,2111,-3,34,0,1044
2.655,2026-08-05T05:49:49.990692+00:00,right_gripper,2428,2442,14,38,1,42
2.706,2026-08-05T05:49:50.040862+00:00,left_shoulder_pan,1857,1851,-6,37,1,1060
2.706,2026-08-05T05:49:50.040862+00:00,left_shoulder_lift,2389,2406,17,37,5,80
2.706,2026-08-05T05:49:50.040862+00:00,left_elbow_flex,1629,1641,12,34,2,60
2.706,2026-08-05T05:49:50.040862+00:00,left_wrist_flex,2169,2173,4,34,1,28
2.706,2026-08-05T05:49:50.040862+00:00,left_wrist_roll,1989,1987,-2,34,0,1044
2.706,2026-08-05T05:49:50.040862+00:00,left_gripper,2014,2014,0,37,0,0
2.706,2026-08-05T05:49:50.040862+00:00,right_shoulder_pan,2144,2158,14,37,0,36
2.706,2026-08-05T05:49:50.040862+00:00,right_shoulder_lift,2017,2156,139,38,40,294
2.706,2026-08-05T05:49:50.040862+00:00,right_elbow_flex,2097,2137,40,37,5,94
2.706,2026-08-05T05:49:50.040862+00:00,right_wrist_flex,1976,1990,14,35,1,42
2.706,2026-08-05T05:49:50.040862+00:00,right_wrist_roll,2114,2111,-3,34,1,1044
2.706,2026-08-05T05:49:50.040862+00:00,right_gripper,2428,2442,14,37,2,42
2.756,2026-08-05T05:49:50.090878+00:00,left_shoulder_pan,1857,1851,-6,37,1,1060
2.756,2026-08-05T05:49:50.090878+00:00,left_shoulder_lift,2389,2406,17,37,5,80
2.756,2026-08-05T05:49:50.090878+00:00,left_elbow_flex,1629,1641,12,34,2,60
2.756,2026-08-05T05:49:50.090878+00:00,left_wrist_flex,2169,2173,4,34,0,28
2.756,2026-08-05T05:49:50.090878+00:00,left_wrist_roll,1989,1987,-2,34,1,1044
2.756,2026-08-05T05:49:50.090878+00:00,left_gripper,2014,2014,0,36,0,0
2.756,2026-08-05T05:49:50.090878+00:00,right_shoulder_pan,2140,2157,17,37,1,42
2.756,2026-08-05T05:49:50.090878+00:00,right_shoulder_lift,2015,2156,141,38,42,294
2.756,2026-08-05T05:49:50.090878+00:00,right_elbow_flex,2097,2137,40,37,4,94
2.756,2026-08-05T05:49:50.090878+00:00,right_wrist_flex,1976,1990,14,35,1,42
2.756,2026-08-05T05:49:50.090878+00:00,right_wrist_roll,2114,2111,-3,34,1,1044
2.756,2026-08-05T05:49:50.090878+00:00,right_gripper,2428,2442,14,38,2,42
2.806,2026-08-05T05:49:50.142233+00:00,left_shoulder_pan,1857,1851,-6,37,1,1060
2.806,2026-08-05T05:49:50.142233+00:00,left_shoulder_lift,2389,2406,17,37,5,80
2.806,2026-08-05T05:49:50.142233+00:00,left_elbow_flex,1629,1641,12,34,2,60
2.806,2026-08-05T05:49:50.142233+00:00,left_wrist_flex,2169,2173,4,34,0,28
2.806,2026-08-05T05:49:50.142233+00:00,left_wrist_roll,1989,1987,-2,34,0,1044
2.806,2026-08-05T05:49:50.142233+00:00,left_gripper,2014,2014,0,36,0,0
2.806,2026-08-05T05:49:50.142233+00:00,right_shoulder_pan,2135,2155,20,37,1,48
2.806,2026-08-05T05:49:50.142233+00:00,right_shoulder_lift,2014,2156,142,38,42,298
2.806,2026-08-05T05:49:50.142233+00:00,right_elbow_flex,2097,2137,40,37,4,94
2.806,2026-08-05T05:49:50.142233+00:00,right_wrist_flex,1976,1990,14,35,1,42
2.806,2026-08-05T05:49:50.142233+00:00,right_wrist_roll,2114,2111,-3,34,0,1044
2.806,2026-08-05T05:49:50.142233+00:00,right_gripper,2428,2442,14,38,1,42
2.856,2026-08-05T05:49:50.191291+00:00,left_shoulder_pan,1857,1851,-6,37,1,1060
2.856,2026-08-05T05:49:50.191291+00:00,left_shoulder_lift,2389,2406,17,37,5,80
2.856,2026-08-05T05:49:50.191291+00:00,left_elbow_flex,1629,1641,12,34,2,60
2.856,2026-08-05T05:49:50.191291+00:00,left_wrist_flex,2169,2173,4,34,1,28
2.856,2026-08-05T05:49:50.191291+00:00,left_wrist_roll,1989,1987,-2,34,0,1044
2.856,2026-08-05T05:49:50.191291+00:00,left_gripper,2014,2014,0,36,0,0
2.856,2026-08-05T05:49:50.191291+00:00,right_shoulder_pan,2131,2151,20,37,1,44
2.856,2026-08-05T05:49:50.191291+00:00,right_shoulder_lift,2012,2156,144,38,48,300
2.856,2026-08-05T05:49:50.191291+00:00,right_elbow_flex,2097,2137,40,37,4,94
2.856,2026-08-05T05:49:50.191291+00:00,right_wrist_flex,1976,1990,14,35,1,42
2.856,2026-08-05T05:49:50.191291+00:00,right_wrist_roll,2114,2111,-3,34,0,1044
2.856,2026-08-05T05:49:50.191291+00:00,right_gripper,2428,2442,14,38,1,42
2.906,2026-08-05T05:49:50.241749+00:00,left_shoulder_pan,1857,1851,-6,37,1,1060
2.906,2026-08-05T05:49:50.241749+00:00,left_shoulder_lift,2389,2406,17,37,4,80
2.906,2026-08-05T05:49:50.241749+00:00,left_elbow_flex,1629,1641,12,34,2,60
2.906,2026-08-05T05:49:50.241749+00:00,left_wrist_flex,2169,2173,4,34,0,28
2.906,2026-08-05T05:49:50.241749+00:00,left_wrist_roll,1989,1987,-2,34,1,1044
2.906,2026-08-05T05:49:50.241749+00:00,left_gripper,2014,2014,0,36,0,0
2.906,2026-08-05T05:49:50.241749+00:00,right_shoulder_pan,2125,2147,22,37,1,50
2.906,2026-08-05T05:49:50.241749+00:00,right_shoulder_lift,2010,2156,146,38,51,304
2.906,2026-08-05T05:49:50.241749+00:00,right_elbow_flex,2097,2137,40,37,4,94
2.906,2026-08-05T05:49:50.241749+00:00,right_wrist_flex,1976,1990,14,35,1,42
2.906,2026-08-05T05:49:50.241749+00:00,right_wrist_roll,2114,2111,-3,34,0,1044
2.906,2026-08-05T05:49:50.241749+00:00,right_gripper,2428,2442,14,38,2,42
2.956,2026-08-05T05:49:50.291405+00:00,left_shoulder_pan,1857,1851,-6,37,1,1060
2.956,2026-08-05T05:49:50.291405+00:00,left_shoulder_lift,2389,2406,17,37,5,80
2.956,2026-08-05T05:49:50.291405+00:00,left_elbow_flex,1629,1641,12,34,2,60
2.956,2026-08-05T05:49:50.291405+00:00,left_wrist_flex,2169,2173,4,34,0,28
2.956,2026-08-05T05:49:50.291405+00:00,left_wrist_roll,1989,1987,-2,34,0,1044
2.956,2026-08-05T05:49:50.291405+00:00,left_gripper,2014,2014,0,36,0,0
2.956,2026-08-05T05:49:50.291405+00:00,right_shoulder_pan,2120,2141,21,37,1,48
2.956,2026-08-05T05:49:50.291405+00:00,right_shoulder_lift,2008,2156,148,38,49,308
2.956,2026-08-05T05:49:50.291405+00:00,right_elbow_flex,2097,2137,40,37,4,94
2.956,2026-08-05T05:49:50.291405+00:00,right_wrist_flex,1976,1990,14,35,1,42
2.956,2026-08-05T05:49:50.291405+00:00,right_wrist_roll,2114,2111,-3,34,0,1044
2.956,2026-08-05T05:49:50.291405+00:00,right_gripper,2428,2442,14,38,2,42
3.006,2026-08-05T05:49:50.341405+00:00,left_shoulder_pan,1857,1851,-6,37,1,1060
3.006,2026-08-05T05:49:50.341405+00:00,left_shoulder_lift,2389,2406,17,37,4,80
3.006,2026-08-05T05:49:50.341405+00:00,left_elbow_flex,1629,1641,12,34,2,60
3.006,2026-08-05T05:49:50.341405+00:00,left_wrist_flex,2169,2173,4,34,0,28
3.006,2026-08-05T05:49:50.341405+00:00,left_wrist_roll,1989,1987,-2,34,0,1044
3.006,2026-08-05T05:49:50.341405+00:00,left_gripper,2014,2014,0,37,0,0
3.006,2026-08-05T05:49:50.341405+00:00,right_shoulder_pan,2115,2136,21,37,1,46
3.006,2026-08-05T05:49:50.341405+00:00,right_shoulder_lift,2006,2156,150,38,43,312
3.006,2026-08-05T05:49:50.341405+00:00,right_elbow_flex,2097,2137,40,37,4,94
3.006,2026-08-05T05:49:50.341405+00:00,right_wrist_flex,1976,1990,14,35,1,42
3.006,2026-08-05T05:49:50.341405+00:00,right_wrist_roll,2114,2111,-3,34,0,1044
3.006,2026-08-05T05:49:50.341405+00:00,right_gripper,2428,2442,14,38,2,42
3.056,2026-08-05T05:49:50.391648+00:00,left_shoulder_pan,1857,1851,-6,37,1,1060
3.056,2026-08-05T05:49:50.391648+00:00,left_shoulder_lift,2389,2406,17,37,4,80
3.056,2026-08-05T05:49:50.391648+00:00,left_elbow_flex,1629,1641,12,34,2,60
3.056,2026-08-05T05:49:50.391648+00:00,left_wrist_flex,2169,2173,4,34,1,28
3.056,2026-08-05T05:49:50.391648+00:00,left_wrist_roll,1989,1987,-2,34,0,1044
3.056,2026-08-05T05:49:50.391648+00:00,left_gripper,2014,2014,0,36,0,0
3.056,2026-08-05T05:49:50.391648+00:00,right_shoulder_pan,2109,2131,22,37,0,42
3.056,2026-08-05T05:49:50.391648+00:00,right_shoulder_lift,2005,2156,151,38,53,316
3.056,2026-08-05T05:49:50.391648+00:00,right_elbow_flex,2097,2137,40,37,4,94
3.056,2026-08-05T05:49:50.391648+00:00,right_wrist_flex,1976,1990,14,35,1,42
3.056,2026-08-05T05:49:50.391648+00:00,right_wrist_roll,2114,2111,-3,34,0,1044
3.056,2026-08-05T05:49:50.391648+00:00,right_gripper,2428,2442,14,37,1,42
3.106,2026-08-05T05:49:50.441407+00:00,left_shoulder_pan,1857,1851,-6,37,1,1060
3.106,2026-08-05T05:49:50.441407+00:00,left_shoulder_lift,2389,2406,17,37,5,80
3.106,2026-08-05T05:49:50.441407+00:00,left_elbow_flex,1629,1641,12,34,2,60
3.106,2026-08-05T05:49:50.441407+00:00,left_wrist_flex,2169,2173,4,34,0,28
3.106,2026-08-05T05:49:50.441407+00:00,left_wrist_roll,1989,1987,-2,34,0,1044
3.106,2026-08-05T05:49:50.441407+00:00,left_gripper,2014,2014,0,36,0,0
3.106,2026-08-05T05:49:50.441407+00:00,right_shoulder_pan,2103,2125,22,37,1,50
3.106,2026-08-05T05:49:50.441407+00:00,right_shoulder_lift,2003,2156,153,38,44,318
3.106,2026-08-05T05:49:50.441407+00:00,right_elbow_flex,2097,2137,40,38,4,94
3.106,2026-08-05T05:49:50.441407+00:00,right_wrist_flex,1976,1990,14,35,1,42
3.106,2026-08-05T05:49:50.441407+00:00,right_wrist_roll,2114,2111,-3,34,0,1044
3.106,2026-08-05T05:49:50.441407+00:00,right_gripper,2428,2442,14,38,1,42
3.156,2026-08-05T05:49:50.491705+00:00,left_shoulder_pan,1857,1851,-6,37,1,1060
3.156,2026-08-05T05:49:50.491705+00:00,left_shoulder_lift,2389,2406,17,37,4,80
3.156,2026-08-05T05:49:50.491705+00:00,left_elbow_flex,1629,1641,12,34,2,60
3.156,2026-08-05T05:49:50.491705+00:00,left_wrist_flex,2169,2173,4,34,0,28
3.156,2026-08-05T05:49:50.491705+00:00,left_wrist_roll,1989,1987,-2,34,0,1044
3.156,2026-08-05T05:49:50.491705+00:00,left_gripper,2014,2014,0,36,0,0
3.156,2026-08-05T05:49:50.491705+00:00,right_shoulder_pan,2097,2119,22,37,1,42
3.156,2026-08-05T05:49:50.491705+00:00,right_shoulder_lift,2002,2156,154,38,52,322
3.156,2026-08-05T05:49:50.491705+00:00,right_elbow_flex,2097,2137,40,37,5,94
3.156,2026-08-05T05:49:50.491705+00:00,right_wrist_flex,1976,1990,14,35,1,42
3.156,2026-08-05T05:49:50.491705+00:00,right_wrist_roll,2114,2111,-3,34,0,1044
3.156,2026-08-05T05:49:50.491705+00:00,right_gripper,2428,2442,14,38,2,42
3.206,2026-08-05T05:49:50.541577+00:00,left_shoulder_pan,1857,1851,-6,37,1,1060
3.206,2026-08-05T05:49:50.541577+00:00,left_shoulder_lift,2389,2406,17,37,4,80
3.206,2026-08-05T05:49:50.541577+00:00,left_elbow_flex,1629,1641,12,34,2,60
3.206,2026-08-05T05:49:50.541577+00:00,left_wrist_flex,2169,2173,4,34,0,28
3.206,2026-08-05T05:49:50.541577+00:00,left_wrist_roll,1989,1987,-2,34,1,1044
3.206,2026-08-05T05:49:50.541577+00:00,left_gripper,2014,2014,0,37,0,0
3.206,2026-08-05T05:49:50.541577+00:00,right_shoulder_pan,2091,2113,22,37,0,52
3.206,2026-08-05T05:49:50.541577+00:00,right_shoulder_lift,2000,2156,156,38,56,324
3.206,2026-08-05T05:49:50.541577+00:00,right_elbow_flex,2097,2137,40,37,5,94
3.206,2026-08-05T05:49:50.541577+00:00,right_wrist_flex,1976,1990,14,35,0,42
3.206,2026-08-05T05:49:50.541577+00:00,right_wrist_roll,2114,2111,-3,34,0,1044
3.206,2026-08-05T05:49:50.541577+00:00,right_gripper,2428,2442,14,38,1,42
3.256,2026-08-05T05:49:50.591847+00:00,left_shoulder_pan,1857,1851,-6,37,1,1060
3.256,2026-08-05T05:49:50.591847+00:00,left_shoulder_lift,2389,2406,17,37,4,80
3.256,2026-08-05T05:49:50.591847+00:00,left_elbow_flex,1629,1641,12,34,2,60
3.256,2026-08-05T05:49:50.591847+00:00,left_wrist_flex,2169,2173,4,34,0,28
3.256,2026-08-05T05:49:50.591847+00:00,left_wrist_roll,1989,1987,-2,34,0,1044
3.256,2026-08-05T05:49:50.591847+00:00,left_gripper,2014,2014,0,36,0,0
3.256,2026-08-05T05:49:50.591847+00:00,right_shoulder_pan,2084,2108,24,37,0,48
3.256,2026-08-05T05:49:50.591847+00:00,right_shoulder_lift,1999,2156,157,38,56,328
3.256,2026-08-05T05:49:50.591847+00:00,right_elbow_flex,2097,2137,40,37,5,94
3.256,2026-08-05T05:49:50.591847+00:00,right_wrist_flex,1976,1990,14,35,1,42
3.256,2026-08-05T05:49:50.591847+00:00,right_wrist_roll,2114,2111,-3,34,0,1044
3.256,2026-08-05T05:49:50.591847+00:00,right_gripper,2428,2442,14,38,2,42
3.306,2026-08-05T05:49:50.641669+00:00,left_shoulder_pan,1857,1851,-6,37,1,1060
3.306,2026-08-05T05:49:50.641669+00:00,left_shoulder_lift,2389,2406,17,37,4,80
3.306,2026-08-05T05:49:50.641669+00:00,left_elbow_flex,1629,1641,12,34,2,60
3.306,2026-08-05T05:49:50.641669+00:00,left_wrist_flex,2169,2173,4,34,1,28
3.306,2026-08-05T05:49:50.641669+00:00,left_wrist_roll,1989,1987,-2,34,0,1044
3.306,2026-08-05T05:49:50.641669+00:00,left_gripper,2014,2014,0,36,0,0
3.306,2026-08-05T05:49:50.641669+00:00,right_shoulder_pan,2078,2102,24,37,1,48
3.306,2026-08-05T05:49:50.641669+00:00,right_shoulder_lift,1998,2156,158,38,52,330
3.306,2026-08-05T05:49:50.641669+00:00,right_elbow_flex,2097,2137,40,37,5,94
3.306,2026-08-05T05:49:50.641669+00:00,right_wrist_flex,1976,1990,14,35,1,42
3.306,2026-08-05T05:49:50.641669+00:00,right_wrist_roll,2114,2111,-3,34,1,1044
3.306,2026-08-05T05:49:50.641669+00:00,right_gripper,2428,2442,14,38,2,42
3.356,2026-08-05T05:49:50.692019+00:00,left_shoulder_pan,1857,1851,-6,37,1,1060
3.356,2026-08-05T05:49:50.692019+00:00,left_shoulder_lift,2389,2406,17,37,4,80
3.356,2026-08-05T05:49:50.692019+00:00,left_elbow_flex,1629,1641,12,34,2,60
3.356,2026-08-05T05:49:50.692019+00:00,left_wrist_flex,2169,2173,4,34,0,28
3.356,2026-08-05T05:49:50.692019+00:00,left_wrist_roll,1989,1987,-2,34,1,1044
3.356,2026-08-05T05:49:50.692019+00:00,left_gripper,2014,2014,0,37,0,0
3.356,2026-08-05T05:49:50.692019+00:00,right_shoulder_pan,2071,2095,24,37,1,46
3.356,2026-08-05T05:49:50.692019+00:00,right_shoulder_lift,1997,2156,159,38,52,332
3.356,2026-08-05T05:49:50.692019+00:00,right_elbow_flex,2097,2137,40,37,4,94
3.356,2026-08-05T05:49:50.692019+00:00,right_wrist_flex,1976,1990,14,35,1,42
3.356,2026-08-05T05:49:50.692019+00:00,right_wrist_roll,2114,2111,-3,34,1,1044
3.356,2026-08-05T05:49:50.692019+00:00,right_gripper,2428,2442,14,38,1,42
3.407,2026-08-05T05:49:50.741835+00:00,left_shoulder_pan,1857,1851,-6,37,1,1060
3.407,2026-08-05T05:49:50.741835+00:00,left_shoulder_lift,2389,2406,17,37,5,80
3.407,2026-08-05T05:49:50.741835+00:00,left_elbow_flex,1629,1641,12,34,2,60
3.407,2026-08-05T05:49:50.741835+00:00,left_wrist_flex,2169,2173,4,34,0,28
3.407,2026-08-05T05:49:50.741835+00:00,left_wrist_roll,1989,1987,-2,33,0,1044
3.407,2026-08-05T05:49:50.741835+00:00,left_gripper,2014,2014,0,37,0,0
3.407,2026-08-05T05:49:50.741835+00:00,right_shoulder_pan,2064,2089,25,37,1,50
3.407,2026-08-05T05:49:50.741835+00:00,right_shoulder_lift,1995,2156,161,38,52,338
3.407,2026-08-05T05:49:50.741835+00:00,right_elbow_flex,2097,2137,40,37,5,94
3.407,2026-08-05T05:49:50.741835+00:00,right_wrist_flex,1976,1990,14,35,1,42
3.407,2026-08-05T05:49:50.741835+00:00,right_wrist_roll,2114,2111,-3,34,0,1044
3.407,2026-08-05T05:49:50.741835+00:00,right_gripper,2428,2442,14,38,1,42
3.457,2026-08-05T05:49:50.792022+00:00,left_shoulder_pan,1857,1851,-6,37,2,1060
3.457,2026-08-05T05:49:50.792022+00:00,left_shoulder_lift,2389,2406,17,37,5,80
3.457,2026-08-05T05:49:50.792022+00:00,left_elbow_flex,1629,1641,12,34,2,60
3.457,2026-08-05T05:49:50.792022+00:00,left_wrist_flex,2169,2173,4,34,0,28
3.457,2026-08-05T05:49:50.792022+00:00,left_wrist_roll,1989,1987,-2,34,0,1044
3.457,2026-08-05T05:49:50.792022+00:00,left_gripper,2014,2014,0,36,0,0
3.457,2026-08-05T05:49:50.792022+00:00,right_shoulder_pan,2057,2083,26,37,1,54
3.457,2026-08-05T05:49:50.792022+00:00,right_shoulder_lift,1994,2156,162,38,56,338
3.457,2026-08-05T05:49:50.792022+00:00,right_elbow_flex,2097,2137,40,37,4,94
3.457,2026-08-05T05:49:50.792022+00:00,right_wrist_flex,1976,1990,14,35,0,42
3.457,2026-08-05T05:49:50.792022+00:00,right_wrist_roll,2114,2111,-3,34,0,1044
3.457,2026-08-05T05:49:50.792022+00:00,right_gripper,2428,2442,14,38,1,42
3.507,2026-08-05T05:49:50.842174+00:00,left_shoulder_pan,1857,1851,-6,37,1,1060
3.507,2026-08-05T05:49:50.842174+00:00,left_shoulder_lift,2389,2406,17,37,5,80
3.507,2026-08-05T05:49:50.842174+00:00,left_elbow_flex,1629,1641,12,34,2,60
3.507,2026-08-05T05:49:50.842174+00:00,left_wrist_flex,2169,2173,4,34,0,28
3.507,2026-08-05T05:49:50.842174+00:00,left_wrist_roll,1989,1987,-2,34,0,1044
3.507,2026-08-05T05:49:50.842174+00:00,left_gripper,2014,2014,0,36,0,0
3.507,2026-08-05T05:49:50.842174+00:00,right_shoulder_pan,2050,2077,27,37,1,48
3.507,2026-08-05T05:49:50.842174+00:00,right_shoulder_lift,1993,2156,163,38,54,344
3.507,2026-08-05T05:49:50.842174+00:00,right_elbow_flex,2097,2137,40,38,5,94
3.507,2026-08-05T05:49:50.842174+00:00,right_wrist_flex,1976,1990,14,35,1,42
3.507,2026-08-05T05:49:50.842174+00:00,right_wrist_roll,2114,2111,-3,34,0,1044
3.507,2026-08-05T05:49:50.842174+00:00,right_gripper,2428,2442,14,38,2,42
3.557,2026-08-05T05:49:50.892100+00:00,left_shoulder_pan,1857,1851,-6,37,1,1060
3.557,2026-08-05T05:49:50.892100+00:00,left_shoulder_lift,2389,2406,17,37,4,80
3.557,2026-08-05T05:49:50.892100+00:00,left_elbow_flex,1629,1641,12,34,2,60
3.557,2026-08-05T05:49:50.892100+00:00,left_wrist_flex,2169,2173,4,34,1,28
3.557,2026-08-05T05:49:50.892100+00:00,left_wrist_roll,1989,1987,-2,34,0,1044
3.557,2026-08-05T05:49:50.892100+00:00,left_gripper,2014,2014,0,36,0,0
3.557,2026-08-05T05:49:50.892100+00:00,right_shoulder_pan,2042,2070,28,37,0,52
3.557,2026-08-05T05:49:50.892100+00:00,right_shoulder_lift,1993,2156,163,38,57,340
3.557,2026-08-05T05:49:50.892100+00:00,right_elbow_flex,2097,2137,40,37,4,94
3.557,2026-08-05T05:49:50.892100+00:00,right_wrist_flex,1976,1990,14,35,1,42
3.557,2026-08-05T05:49:50.892100+00:00,right_wrist_roll,2114,2111,-3,34,0,1044
3.557,2026-08-05T05:49:50.892100+00:00,right_gripper,2428,2442,14,38,2,42
3.607,2026-08-05T05:49:50.942147+00:00,left_shoulder_pan,1857,1851,-6,37,1,1060
3.607,2026-08-05T05:49:50.942147+00:00,left_shoulder_lift,2389,2406,17,37,4,80
3.607,2026-08-05T05:49:50.942147+00:00,left_elbow_flex,1629,1641,12,34,2,60
3.607,2026-08-05T05:49:50.942147+00:00,left_wrist_flex,2169,2173,4,34,0,28
3.607,2026-08-05T05:49:50.942147+00:00,left_wrist_roll,1989,1987,-2,34,0,1044
3.607,2026-08-05T05:49:50.942147+00:00,left_gripper,2014,2014,0,36,0,0
3.607,2026-08-05T05:49:50.942147+00:00,right_shoulder_pan,2035,2063,28,37,1,54
3.607,2026-08-05T05:49:50.942147+00:00,right_shoulder_lift,1992,2156,164,38,60,346
3.607,2026-08-05T05:49:50.942147+00:00,right_elbow_flex,2097,2137,40,37,5,94
3.607,2026-08-05T05:49:50.942147+00:00,right_wrist_flex,1976,1990,14,35,1,42
3.607,2026-08-05T05:49:50.942147+00:00,right_wrist_roll,2114,2111,-3,34,0,1044
3.607,2026-08-05T05:49:50.942147+00:00,right_gripper,2428,2442,14,38,2,42
3.657,2026-08-05T05:49:50.992181+00:00,left_shoulder_pan,1857,1851,-6,37,2,1060
3.657,2026-08-05T05:49:50.992181+00:00,left_shoulder_lift,2389,2406,17,37,4,80
3.657,2026-08-05T05:49:50.992181+00:00,left_elbow_flex,1629,1641,12,34,2,60
3.657,2026-08-05T05:49:50.992181+00:00,left_wrist_flex,2169,2173,4,34,0,28
3.657,2026-08-05T05:49:50.992181+00:00,left_wrist_roll,1989,1987,-2,34,0,1044
3.657,2026-08-05T05:49:50.992181+00:00,left_gripper,2014,2014,0,36,0,0
3.657,2026-08-05T05:49:50.992181+00:00,right_shoulder_pan,2027,2056,29,37,0,54
3.657,2026-08-05T05:49:50.992181+00:00,right_shoulder_lift,1991,2156,165,38,57,344
3.657,2026-08-05T05:49:50.992181+00:00,right_elbow_flex,2097,2137,40,37,4,94
3.657,2026-08-05T05:49:50.992181+00:00,right_wrist_flex,1976,1990,14,35,1,42
3.657,2026-08-05T05:49:50.992181+00:00,right_wrist_roll,2114,2111,-3,34,0,1044
3.657,2026-08-05T05:49:50.992181+00:00,right_gripper,2428,2442,14,38,2,42
3.707,2026-08-05T05:49:51.042922+00:00,left_shoulder_pan,1857,1851,-6,37,1,1060
3.707,2026-08-05T05:49:51.042922+00:00,left_shoulder_lift,2389,2406,17,37,5,80
3.707,2026-08-05T05:49:51.042922+00:00,left_elbow_flex,1629,1641,12,34,2,60
3.707,2026-08-05T05:49:51.042922+00:00,left_wrist_flex,2169,2173,4,34,0,28
3.707,2026-08-05T05:49:51.042922+00:00,left_wrist_roll,1989,1987,-2,34,0,1044
3.707,2026-08-05T05:49:51.042922+00:00,left_gripper,2014,2014,0,36,0,0
3.707,2026-08-05T05:49:51.042922+00:00,right_shoulder_pan,2020,2049,29,37,0,54
3.707,2026-08-05T05:49:51.042922+00:00,right_shoulder_lift,1991,2156,165,38,58,344
3.707,2026-08-05T05:49:51.042922+00:00,right_elbow_flex,2097,2137,40,37,4,94
3.707,2026-08-05T05:49:51.042922+00:00,right_wrist_flex,1976,1990,14,35,1,42
3.707,2026-08-05T05:49:51.042922+00:00,right_wrist_roll,2114,2111,-3,34,1,1044
3.707,2026-08-05T05:49:51.042922+00:00,right_gripper,2428,2442,14,38,1,42
3.757,2026-08-05T05:49:51.092676+00:00,left_shoulder_pan,1857,1851,-6,37,1,1060
3.757,2026-08-05T05:49:51.092676+00:00,left_shoulder_lift,2389,2406,17,37,4,80
3.757,2026-08-05T05:49:51.092676+00:00,left_elbow_flex,1629,1641,12,34,2,60
3.757,2026-08-05T05:49:51.092676+00:00,left_wrist_flex,2169,2173,4,34,1,28
3.757,2026-08-05T05:49:51.092676+00:00,left_wrist_roll,1989,1987,-2,34,1,1044
3.757,2026-08-05T05:49:51.092676+00:00,left_gripper,2014,2014,0,37,0,0
3.757,2026-08-05T05:49:51.092676+00:00,right_shoulder_pan,2012,2041,29,36,1,54
3.757,2026-08-05T05:49:51.092676+00:00,right_shoulder_lift,1990,2156,166,38,56,346
3.757,2026-08-05T05:49:51.092676+00:00,right_elbow_flex,2097,2137,40,37,4,94
3.757,2026-08-05T05:49:51.092676+00:00,right_wrist_flex,1976,1990,14,34,1,42
3.757,2026-08-05T05:49:51.092676+00:00,right_wrist_roll,2114,2111,-3,34,0,1044
3.757,2026-08-05T05:49:51.092676+00:00,right_gripper,2428,2442,14,38,2,42
3.807,2026-08-05T05:49:51.142377+00:00,left_shoulder_pan,1857,1851,-6,37,1,1060
3.807,2026-08-05T05:49:51.142377+00:00,left_shoulder_lift,2389,2406,17,37,5,80
3.807,2026-08-05T05:49:51.142377+00:00,left_elbow_flex,1629,1641,12,34,2,60
3.807,2026-08-05T05:49:51.142377+00:00,left_wrist_flex,2169,2173,4,34,0,28
3.807,2026-08-05T05:49:51.142377+00:00,left_wrist_roll,1989,1987,-2,34,0,1044
3.807,2026-08-05T05:49:51.142377+00:00,left_gripper,2014,2014,0,36,0,0
3.807,2026-08-05T05:49:51.142377+00:00,right_shoulder_pan,2004,2034,30,37,0,56
3.807,2026-08-05T05:49:51.142377+00:00,right_shoulder_lift,1990,2156,166,38,60,346
3.807,2026-08-05T05:49:51.142377+00:00,right_elbow_flex,2097,2137,40,37,4,94
3.807,2026-08-05T05:49:51.142377+00:00,right_wrist_flex,1976,1990,14,35,1,42
3.807,2026-08-05T05:49:51.142377+00:00,right_wrist_roll,2114,2111,-3,34,1,1044
3.807,2026-08-05T05:49:51.142377+00:00,right_gripper,2428,2442,14,38,2,42
3.857,2026-08-05T05:49:51.192461+00:00,left_shoulder_pan,1857,1851,-6,37,1,1060
3.857,2026-08-05T05:49:51.192461+00:00,left_shoulder_lift,2389,2406,17,37,4,80
3.857,2026-08-05T05:49:51.192461+00:00,left_elbow_flex,1629,1641,12,34,2,60
3.857,2026-08-05T05:49:51.192461+00:00,left_wrist_flex,2169,2173,4,34,1,28
3.857,2026-08-05T05:49:51.192461+00:00,left_wrist_roll,1989,1987,-2,34,1,1044
3.857,2026-08-05T05:49:51.192461+00:00,left_gripper,2014,2014,0,36,0,0
3.857,2026-08-05T05:49:51.192461+00:00,right_shoulder_pan,1996,2026,30,37,1,56
3.857,2026-08-05T05:49:51.192461+00:00,right_shoulder_lift,1989,2156,167,38,60,348
3.857,2026-08-05T05:49:51.192461+00:00,right_elbow_flex,2097,2137,40,37,4,94
3.857,2026-08-05T05:49:51.192461+00:00,right_wrist_flex,1976,1990,14,35,1,42
3.857,2026-08-05T05:49:51.192461+00:00,right_wrist_roll,2114,2111,-3,34,1,1044
3.857,2026-08-05T05:49:51.192461+00:00,right_gripper,2428,2442,14,38,1,42
3.907,2026-08-05T05:49:51.243434+00:00,left_shoulder_pan,1857,1851,-6,37,1,1060
3.907,2026-08-05T05:49:51.243434+00:00,left_shoulder_lift,2389,2406,17,37,4,80
3.907,2026-08-05T05:49:51.243434+00:00,left_elbow_flex,1629,1641,12,34,2,60
3.907,2026-08-05T05:49:51.243434+00:00,left_wrist_flex,2169,2173,4,34,0,28
3.907,2026-08-05T05:49:51.243434+00:00,left_wrist_roll,1989,1987,-2,34,0,1044
3.907,2026-08-05T05:49:51.243434+00:00,left_gripper,2014,2014,0,36,0,0
3.907,2026-08-05T05:49:51.243434+00:00,right_shoulder_pan,1989,2018,29,37,1,52
3.907,2026-08-05T05:49:51.243434+00:00,right_shoulder_lift,1989,2156,167,38,54,348
3.907,2026-08-05T05:49:51.243434+00:00,right_elbow_flex,2097,2137,40,38,4,94
3.907,2026-08-05T05:49:51.243434+00:00,right_wrist_flex,1976,1990,14,35,0,42
3.907,2026-08-05T05:49:51.243434+00:00,right_wrist_roll,2114,2111,-3,34,0,1044
3.907,2026-08-05T05:49:51.243434+00:00,right_gripper,2428,2442,14,38,1,42
3.957,2026-08-05T05:49:51.292879+00:00,left_shoulder_pan,1857,1851,-6,37,1,1060
3.957,2026-08-05T05:49:51.292879+00:00,left_shoulder_lift,2389,2406,17,37,4,80
3.957,2026-08-05T05:49:51.292879+00:00,left_elbow_flex,1629,1641,12,34,2,60
3.957,2026-08-05T05:49:51.292879+00:00,left_wrist_flex,2169,2173,4,34,0,28
3.957,2026-08-05T05:49:51.292879+00:00,left_wrist_roll,1989,1987,-2,34,0,1044
3.957,2026-08-05T05:49:51.292879+00:00,left_gripper,2014,2014,0,37,0,0
3.957,2026-08-05T05:49:51.292879+00:00,right_shoulder_pan,1981,2010,29,37,0,52
3.957,2026-08-05T05:49:51.292879+00:00,right_shoulder_lift,1989,2156,167,38,61,348
3.957,2026-08-05T05:49:51.292879+00:00,right_elbow_flex,2097,2137,40,37,5,94
3.957,2026-08-05T05:49:51.292879+00:00,right_wrist_flex,1976,1990,14,35,1,42
3.957,2026-08-05T05:49:51.292879+00:00,right_wrist_roll,2114,2111,-3,34,0,1044
3.957,2026-08-05T05:49:51.292879+00:00,right_gripper,2428,2442,14,38,2,42
4.007,2026-08-05T05:49:51.343579+00:00,left_shoulder_pan,1857,1851,-6,37,1,1060
4.007,2026-08-05T05:49:51.343579+00:00,left_shoulder_lift,2389,2406,17,37,5,80
4.007,2026-08-05T05:49:51.343579+00:00,left_elbow_flex,1629,1641,12,34,2,60
4.007,2026-08-05T05:49:51.343579+00:00,left_wrist_flex,2169,2173,4,34,1,28
4.007,2026-08-05T05:49:51.343579+00:00,left_wrist_roll,1989,1987,-2,34,0,1044
4.007,2026-08-05T05:49:51.343579+00:00,left_gripper,2014,2014,0,36,0,0
4.007,2026-08-05T05:49:51.343579+00:00,right_shoulder_pan,1973,2003,30,37,1,52
4.007,2026-08-05T05:49:51.343579+00:00,right_shoulder_lift,1989,2156,167,38,65,348
4.007,2026-08-05T05:49:51.343579+00:00,right_elbow_flex,2097,2137,40,38,4,94
4.007,2026-08-05T05:49:51.343579+00:00,right_wrist_flex,1976,1990,14,35,1,42
4.007,2026-08-05T05:49:51.343579+00:00,right_wrist_roll,2114,2111,-3,34,0,1044
4.007,2026-08-05T05:49:51.343579+00:00,right_gripper,2428,2442,14,38,2,42
4.057,2026-08-05T05:49:51.392727+00:00,left_shoulder_pan,1857,1851,-6,37,1,1060
4.057,2026-08-05T05:49:51.392727+00:00,left_shoulder_lift,2389,2406,17,37,4,80
4.057,2026-08-05T05:49:51.392727+00:00,left_elbow_flex,1629,1641,12,34,2,60
4.057,2026-08-05T05:49:51.392727+00:00,left_wrist_flex,2169,2173,4,34,0,28
4.057,2026-08-05T05:49:51.392727+00:00,left_wrist_roll,1989,1987,-2,34,0,1044
4.057,2026-08-05T05:49:51.392727+00:00,left_gripper,2014,2014,0,36,0,0
4.057,2026-08-05T05:49:51.392727+00:00,right_shoulder_pan,1965,1995,30,37,1,60
4.057,2026-08-05T05:49:51.392727+00:00,right_shoulder_lift,1989,2156,167,38,58,348
4.057,2026-08-05T05:49:51.392727+00:00,right_elbow_flex,2097,2137,40,37,4,94
4.057,2026-08-05T05:49:51.392727+00:00,right_wrist_flex,1976,1990,14,35,1,42
4.057,2026-08-05T05:49:51.392727+00:00,right_wrist_roll,2114,2111,-3,34,0,1044
4.057,2026-08-05T05:49:51.392727+00:00,right_gripper,2428,2442,14,38,2,42
4.108,2026-08-05T05:49:51.442883+00:00,left_shoulder_pan,1857,1851,-6,37,1,1060
4.108,2026-08-05T05:49:51.442883+00:00,left_shoulder_lift,2389,2406,17,37,4,80
4.108,2026-08-05T05:49:51.442883+00:00,left_elbow_flex,1629,1641,12,34,3,60
4.108,2026-08-05T05:49:51.442883+00:00,left_wrist_flex,2169,2173,4,34,0,28
4.108,2026-08-05T05:49:51.442883+00:00,left_wrist_roll,1989,1987,-2,34,1,1044
4.108,2026-08-05T05:49:51.442883+00:00,left_gripper,2014,2014,0,36,0,0
4.108,2026-08-05T05:49:51.442883+00:00,right_shoulder_pan,1957,1988,31,37,1,58
4.108,2026-08-05T05:49:51.442883+00:00,right_shoulder_lift,1989,2156,167,38,55,348
4.108,2026-08-05T05:49:51.442883+00:00,right_elbow_flex,2097,2137,40,38,5,94
4.108,2026-08-05T05:49:51.442883+00:00,right_wrist_flex,1976,1990,14,35,1,42
4.108,2026-08-05T05:49:51.442883+00:00,right_wrist_roll,2114,2111,-3,34,1,1044
4.108,2026-08-05T05:49:51.442883+00:00,right_gripper,2428,2442,14,38,2,42
4.158,2026-08-05T05:49:51.493172+00:00,left_shoulder_pan,1857,1851,-6,37,1,1060
4.158,2026-08-05T05:49:51.493172+00:00,left_shoulder_lift,2389,2406,17,37,4,80
4.158,2026-08-05T05:49:51.493172+00:00,left_elbow_flex,1629,1641,12,34,2,60
4.158,2026-08-05T05:49:51.493172+00:00,left_wrist_flex,2169,2173,4,34,0,28
4.158,2026-08-05T05:49:51.493172+00:00,left_wrist_roll,1989,1987,-2,34,0,1044
4.158,2026-08-05T05:49:51.493172+00:00,left_gripper,2014,2014,0,36,0,0
4.158,2026-08-05T05:49:51.493172+00:00,right_shoulder_pan,1949,1980,31,37,1,66
4.158,2026-08-05T05:49:51.493172+00:00,right_shoulder_lift,1989,2156,167,38,54,348
4.158,2026-08-05T05:49:51.493172+00:00,right_elbow_flex,2097,2137,40,37,4,94
4.158,2026-08-05T05:49:51.493172+00:00,right_wrist_flex,1976,1990,14,35,1,42
4.158,2026-08-05T05:49:51.493172+00:00,right_wrist_roll,2114,2111,-3,33,0,1044
4.158,2026-08-05T05:49:51.493172+00:00,right_gripper,2428,2442,14,38,1,42
4.208,2026-08-05T05:49:51.543999+00:00,left_shoulder_pan,1857,1851,-6,37,1,1060
4.208,2026-08-05T05:49:51.543999+00:00,left_shoulder_lift,2389,2406,17,37,4,80
4.208,2026-08-05T05:49:51.543999+00:00,left_elbow_flex,1629,1641,12,34,2,60
4.208,2026-08-05T05:49:51.543999+00:00,left_wrist_flex,2169,2173,4,34,1,28
4.208,2026-08-05T05:49:51.543999+00:00,left_wrist_roll,1989,1987,-2,34,1,1044
4.208,2026-08-05T05:49:51.543999+00:00,left_gripper,2014,2014,0,36,0,0
4.208,2026-08-05T05:49:51.543999+00:00,right_shoulder_pan,1942,1972,30,37,1,54
4.208,2026-08-05T05:49:51.543999+00:00,right_shoulder_lift,1990,2156,166,38,61,348
4.208,2026-08-05T05:49:51.543999+00:00,right_elbow_flex,2097,2137,40,38,4,94
4.208,2026-08-05T05:49:51.543999+00:00,right_wrist_flex,1976,1990,14,34,1,42
4.208,2026-08-05T05:49:51.543999+00:00,right_wrist_roll,2114,2111,-3,34,0,1044
4.208,2026-08-05T05:49:51.543999+00:00,right_gripper,2428,2442,14,38,2,42
4.258,2026-08-05T05:49:51.593096+00:00,left_shoulder_pan,1857,1851,-6,37,1,1060
4.258,2026-08-05T05:49:51.593096+00:00,left_shoulder_lift,2389,2406,17,37,4,80
4.258,2026-08-05T05:49:51.593096+00:00,left_elbow_flex,1629,1641,12,34,2,60
4.258,2026-08-05T05:49:51.593096+00:00,left_wrist_flex,2169,2173,4,34,1,28
4.258,2026-08-05T05:49:51.593096+00:00,left_wrist_roll,1989,1987,-2,34,0,1044
4.258,2026-08-05T05:49:51.593096+00:00,left_gripper,2014,2014,0,36,0,0
4.258,2026-08-05T05:49:51.593096+00:00,right_shoulder_pan,1934,1965,31,37,1,58
4.258,2026-08-05T05:49:51.593096+00:00,right_shoulder_lift,1990,2156,166,38,56,346
4.258,2026-08-05T05:49:51.593096+00:00,right_elbow_flex,2097,2137,40,37,5,94
4.258,2026-08-05T05:49:51.593096+00:00,right_wrist_flex,1976,1990,14,35,1,42
4.258,2026-08-05T05:49:51.593096+00:00,right_wrist_roll,2114,2111,-3,34,0,1044
4.258,2026-08-05T05:49:51.593096+00:00,right_gripper,2428,2442,14,38,1,42
4.308,2026-08-05T05:49:51.643430+00:00,left_shoulder_pan,1857,1851,-6,37,1,1060
4.308,2026-08-05T05:49:51.643430+00:00,left_shoulder_lift,2389,2406,17,37,4,80
4.308,2026-08-05T05:49:51.643430+00:00,left_elbow_flex,1629,1641,12,34,2,60
4.308,2026-08-05T05:49:51.643430+00:00,left_wrist_flex,2169,2173,4,34,0,28
4.308,2026-08-05T05:49:51.643430+00:00,left_wrist_roll,1989,1987,-2,34,1,1044
4.308,2026-08-05T05:49:51.643430+00:00,left_gripper,2014,2014,0,37,0,0
4.308,2026-08-05T05:49:51.643430+00:00,right_shoulder_pan,1926,1957,31,37,1,58
4.308,2026-08-05T05:49:51.643430+00:00,right_shoulder_lift,1991,2156,165,38,55,346
4.308,2026-08-05T05:49:51.643430+00:00,right_elbow_flex,2097,2137,40,37,4,94
4.308,2026-08-05T05:49:51.643430+00:00,right_wrist_flex,1976,1990,14,35,0,42
4.308,2026-08-05T05:49:51.643430+00:00,right_wrist_roll,2114,2111,-3,33,1,1044
4.308,2026-08-05T05:49:51.643430+00:00,right_gripper,2428,2442,14,38,2,42
4.358,2026-08-05T05:49:51.693202+00:00,left_shoulder_pan,1857,1851,-6,37,1,1060
4.358,2026-08-05T05:49:51.693202+00:00,left_shoulder_lift,2389,2406,17,37,4,80
4.358,2026-08-05T05:49:51.693202+00:00,left_elbow_flex,1629,1641,12,34,2,60
4.358,2026-08-05T05:49:51.693202+00:00,left_wrist_flex,2169,2173,4,34,0,28
4.358,2026-08-05T05:49:51.693202+00:00,left_wrist_roll,1989,1987,-2,34,0,1044
4.358,2026-08-05T05:49:51.693202+00:00,left_gripper,2014,2014,0,37,0,0
4.358,2026-08-05T05:49:51.693202+00:00,right_shoulder_pan,1919,1949,30,37,1,64
4.358,2026-08-05T05:49:51.693202+00:00,right_shoulder_lift,1991,2156,165,38,52,344
4.358,2026-08-05T05:49:51.693202+00:00,right_elbow_flex,2097,2137,40,38,5,94
4.358,2026-08-05T05:49:51.693202+00:00,right_wrist_flex,1976,1990,14,34,1,42
4.358,2026-08-05T05:49:51.693202+00:00,right_wrist_roll,2114,2111,-3,34,1,1044
4.358,2026-08-05T05:49:51.693202+00:00,right_gripper,2428,2442,14,38,1,42
4.408,2026-08-05T05:49:51.743501+00:00,left_shoulder_pan,1857,1851,-6,37,1,1060
4.408,2026-08-05T05:49:51.743501+00:00,left_shoulder_lift,2389,2406,17,37,4,80
4.408,2026-08-05T05:49:51.743501+00:00,left_elbow_flex,1629,1641,12,34,2,60
4.408,2026-08-05T05:49:51.743501+00:00,left_wrist_flex,2169,2173,4,34,0,28
4.408,2026-08-05T05:49:51.743501+00:00,left_wrist_roll,1989,1987,-2,34,0,1044
4.408,2026-08-05T05:49:51.743501+00:00,left_gripper,2014,2014,0,36,0,0
4.408,2026-08-05T05:49:51.743501+00:00,right_shoulder_pan,1911,1941,30,37,1,52
4.408,2026-08-05T05:49:51.743501+00:00,right_shoulder_lift,1992,2156,164,38,55,344
4.408,2026-08-05T05:49:51.743501+00:00,right_elbow_flex,2097,2137,40,37,4,94
4.408,2026-08-05T05:49:51.743501+00:00,right_wrist_flex,1976,1990,14,35,1,42
4.408,2026-08-05T05:49:51.743501+00:00,right_wrist_roll,2114,2111,-3,34,0,1044
4.408,2026-08-05T05:49:51.743501+00:00,right_gripper,2428,2442,14,38,2,42
4.458,2026-08-05T05:49:51.793419+00:00,left_shoulder_pan,1857,1851,-6,37,0,1060
4.458,2026-08-05T05:49:51.793419+00:00,left_shoulder_lift,2389,2406,17,37,5,80
4.458,2026-08-05T05:49:51.793419+00:00,left_elbow_flex,1629,1641,12,34,2,60
4.458,2026-08-05T05:49:51.793419+00:00,left_wrist_flex,2169,2173,4,34,1,28
4.458,2026-08-05T05:49:51.793419+00:00,left_wrist_roll,1989,1987,-2,34,0,1044
4.458,2026-08-05T05:49:51.793419+00:00,left_gripper,2014,2014,0,37,0,0
4.458,2026-08-05T05:49:51.793419+00:00,right_shoulder_pan,1904,1934,30,37,0,58
4.458,2026-08-05T05:49:51.793419+00:00,right_shoulder_lift,1993,2156,163,38,56,342
4.458,2026-08-05T05:49:51.793419+00:00,right_elbow_flex,2097,2137,40,37,4,94
4.458,2026-08-05T05:49:51.793419+00:00,right_wrist_flex,1976,1990,14,35,1,42
4.458,2026-08-05T05:49:51.793419+00:00,right_wrist_roll,2114,2111,-3,34,0,1044
4.458,2026-08-05T05:49:51.793419+00:00,right_gripper,2428,2442,14,38,2,42
4.508,2026-08-05T05:49:51.843395+00:00,left_shoulder_pan,1857,1851,-6,37,1,1060
4.508,2026-08-05T05:49:51.843395+00:00,left_shoulder_lift,2389,2406,17,37,4,80
4.508,2026-08-05T05:49:51.843395+00:00,left_elbow_flex,1629,1641,12,34,2,60
4.508,2026-08-05T05:49:51.843395+00:00,left_wrist_flex,2169,2173,4,34,1,28
4.508,2026-08-05T05:49:51.843395+00:00,left_wrist_roll,1989,1987,-2,34,0,1044
4.508,2026-08-05T05:49:51.843395+00:00,left_gripper,2014,2014,0,36,0,0
4.508,2026-08-05T05:49:51.843395+00:00,right_shoulder_pan,1896,1926,30,37,1,48
4.508,2026-08-05T05:49:51.843395+00:00,right_shoulder_lift,1994,2156,162,38,54,340
4.508,2026-08-05T05:49:51.843395+00:00,right_elbow_flex,2097,2137,40,37,4,94
4.508,2026-08-05T05:49:51.843395+00:00,right_wrist_flex,1976,1990,14,35,1,42
4.508,2026-08-05T05:49:51.843395+00:00,right_wrist_roll,2114,2111,-3,34,0,1044
4.508,2026-08-05T05:49:51.843395+00:00,right_gripper,2428,2442,14,38,2,42
4.558,2026-08-05T05:49:51.893502+00:00,left_shoulder_pan,1857,1851,-6,37,1,1060
4.558,2026-08-05T05:49:51.893502+00:00,left_shoulder_lift,2389,2406,17,37,4,80
4.558,2026-08-05T05:49:51.893502+00:00,left_elbow_flex,1629,1641,12,34,2,60
4.558,2026-08-05T05:49:51.893502+00:00,left_wrist_flex,2169,2173,4,34,1,28
4.558,2026-08-05T05:49:51.893502+00:00,left_wrist_roll,1989,1987,-2,33,0,1044
4.558,2026-08-05T05:49:51.893502+00:00,left_gripper,2014,2014,0,37,0,0
4.558,2026-08-05T05:49:51.893502+00:00,right_shoulder_pan,1889,1918,29,37,1,58
4.558,2026-08-05T05:49:51.893502+00:00,right_shoulder_lift,1995,2156,161,38,56,338
4.558,2026-08-05T05:49:51.893502+00:00,right_elbow_flex,2097,2137,40,37,4,94
4.558,2026-08-05T05:49:51.893502+00:00,right_wrist_flex,1976,1990,14,34,1,42
4.558,2026-08-05T05:49:51.893502+00:00,right_wrist_roll,2114,2111,-3,34,0,1044
4.558,2026-08-05T05:49:51.893502+00:00,right_gripper,2428,2442,14,38,2,42
4.608,2026-08-05T05:49:51.943575+00:00,left_shoulder_pan,1857,1851,-6,37,1,1060
4.608,2026-08-05T05:49:51.943575+00:00,left_shoulder_lift,2389,2406,17,37,5,80
4.608,2026-08-05T05:49:51.943575+00:00,left_elbow_flex,1629,1641,12,34,3,60
4.608,2026-08-05T05:49:51.943575+00:00,left_wrist_flex,2169,2173,4,34,1,28
4.608,2026-08-05T05:49:51.943575+00:00,left_wrist_roll,1989,1987,-2,34,0,1044
4.608,2026-08-05T05:49:51.943575+00:00,left_gripper,2014,2014,0,36,0,0
4.608,2026-08-05T05:49:51.943575+00:00,right_shoulder_pan,1882,1911,29,37,1,56
4.608,2026-08-05T05:49:51.943575+00:00,right_shoulder_lift,1996,2156,160,38,50,336
4.608,2026-08-05T05:49:51.943575+00:00,right_elbow_flex,2097,2137,40,37,5,94
4.608,2026-08-05T05:49:51.943575+00:00,right_wrist_flex,1976,1990,14,35,1,42
4.608,2026-08-05T05:49:51.943575+00:00,right_wrist_roll,2114,2111,-3,34,0,1044
4.608,2026-08-05T05:49:51.943575+00:00,right_gripper,2428,2442,14,38,2,42
4.658,2026-08-05T05:49:51.993637+00:00,left_shoulder_pan,1857,1851,-6,37,1,1060
4.658,2026-08-05T05:49:51.993637+00:00,left_shoulder_lift,2389,2406,17,37,4,80
4.658,2026-08-05T05:49:51.993637+00:00,left_elbow_flex,1629,1641,12,34,3,60
4.658,2026-08-05T05:49:51.993637+00:00,left_wrist_flex,2169,2173,4,34,1,28
4.658,2026-08-05T05:49:51.993637+00:00,left_wrist_roll,1989,1987,-2,34,0,1044
4.658,2026-08-05T05:49:51.993637+00:00,left_gripper,2014,2014,0,36,0,0
4.658,2026-08-05T05:49:51.993637+00:00,right_shoulder_pan,1875,1903,28,37,1,50
4.658,2026-08-05T05:49:51.993637+00:00,right_shoulder_lift,1997,2156,159,38,53,330
4.658,2026-08-05T05:49:51.993637+00:00,right_elbow_flex,2097,2137,40,37,4,94
4.658,2026-08-05T05:49:51.993637+00:00,right_wrist_flex,1976,1990,14,35,1,42
4.658,2026-08-05T05:49:51.993637+00:00,right_wrist_roll,2114,2111,-3,34,1,1044
4.658,2026-08-05T05:49:51.993637+00:00,right_gripper,2428,2442,14,38,1,42
4.708,2026-08-05T05:49:52.043688+00:00,left_shoulder_pan,1857,1851,-6,37,1,1060
4.708,2026-08-05T05:49:52.043688+00:00,left_shoulder_lift,2389,2406,17,37,4,80
4.708,2026-08-05T05:49:52.043688+00:00,left_elbow_flex,1629,1641,12,34,2,60
4.708,2026-08-05T05:49:52.043688+00:00,left_wrist_flex,2169,2173,4,34,0,28
4.708,2026-08-05T05:49:52.043688+00:00,left_wrist_roll,1989,1987,-2,34,0,1044
4.708,2026-08-05T05:49:52.043688+00:00,left_gripper,2014,2014,0,36,0,0
4.708,2026-08-05T05:49:52.043688+00:00,right_shoulder_pan,1868,1895,27,37,0,54
4.708,2026-08-05T05:49:52.043688+00:00,right_shoulder_lift,1998,2156,158,38,54,332
4.708,2026-08-05T05:49:52.043688+00:00,right_elbow_flex,2097,2137,40,37,5,94
4.708,2026-08-05T05:49:52.043688+00:00,right_wrist_flex,1976,1990,14,35,1,42
4.708,2026-08-05T05:49:52.043688+00:00,right_wrist_roll,2114,2111,-3,34,0,1044
4.708,2026-08-05T05:49:52.043688+00:00,right_gripper,2428,2442,14,38,1,42
4.759,2026-08-05T05:49:52.095114+00:00,left_shoulder_pan,1857,1851,-6,37,1,1060
4.759,2026-08-05T05:49:52.095114+00:00,left_shoulder_lift,2389,2406,17,37,4,80
4.759,2026-08-05T05:49:52.095114+00:00,left_elbow_flex,1629,1641,12,34,2,60
4.759,2026-08-05T05:49:52.095114+00:00,left_wrist_flex,2169,2173,4,34,0,28
4.759,2026-08-05T05:49:52.095114+00:00,left_wrist_roll,1989,1987,-2,34,1,1044
4.759,2026-08-05T05:49:52.095114+00:00,left_gripper,2014,2014,0,37,0,0
4.759,2026-08-05T05:49:52.095114+00:00,right_shoulder_pan,1862,1889,27,37,1,50
4.759,2026-08-05T05:49:52.095114+00:00,right_shoulder_lift,1999,2156,157,38,46,330
4.759,2026-08-05T05:49:52.095114+00:00,right_elbow_flex,2097,2137,40,38,4,94
4.759,2026-08-05T05:49:52.095114+00:00,right_wrist_flex,1976,1990,14,35,1,42
4.759,2026-08-05T05:49:52.095114+00:00,right_wrist_roll,2114,2111,-3,34,1,1044
4.759,2026-08-05T05:49:52.095114+00:00,right_gripper,2428,2442,14,38,1,42
4.809,2026-08-05T05:49:52.145131+00:00,left_shoulder_pan,1857,1851,-6,37,1,1060
4.809,2026-08-05T05:49:52.145131+00:00,left_shoulder_lift,2389,2406,17,37,4,80
4.809,2026-08-05T05:49:52.145131+00:00,left_elbow_flex,1629,1641,12,34,2,60
4.809,2026-08-05T05:49:52.145131+00:00,left_wrist_flex,2169,2173,4,34,0,28
4.809,2026-08-05T05:49:52.145131+00:00,left_wrist_roll,1989,1987,-2,34,1,1044
4.809,2026-08-05T05:49:52.145131+00:00,left_gripper,2014,2014,0,36,0,0
4.809,2026-08-05T05:49:52.145131+00:00,right_shoulder_pan,1855,1882,27,37,1,54
4.809,2026-08-05T05:49:52.145131+00:00,right_shoulder_lift,2001,2156,155,38,47,328
4.809,2026-08-05T05:49:52.145131+00:00,right_elbow_flex,2097,2137,40,37,4,94
4.809,2026-08-05T05:49:52.145131+00:00,right_wrist_flex,1976,1990,14,35,1,42
4.809,2026-08-05T05:49:52.145131+00:00,right_wrist_roll,2114,2111,-3,34,0,1044
4.809,2026-08-05T05:49:52.145131+00:00,right_gripper,2428,2442,14,38,1,42
4.859,2026-08-05T05:49:52.194225+00:00,left_shoulder_pan,1857,1851,-6,37,1,1060
4.859,2026-08-05T05:49:52.194225+00:00,left_shoulder_lift,2389,2406,17,37,4,80
4.859,2026-08-05T05:49:52.194225+00:00,left_elbow_flex,1629,1641,12,34,2,60
4.859,2026-08-05T05:49:52.194225+00:00,left_wrist_flex,2169,2173,4,34,0,28
4.859,2026-08-05T05:49:52.194225+00:00,left_wrist_roll,1989,1987,-2,34,0,1044
4.859,2026-08-05T05:49:52.194225+00:00,left_gripper,2014,2014,0,36,0,0
4.859,2026-08-05T05:49:52.194225+00:00,right_shoulder_pan,1849,1875,26,37,1,52
4.859,2026-08-05T05:49:52.194225+00:00,right_shoulder_lift,2002,2156,154,38,46,324
4.859,2026-08-05T05:49:52.194225+00:00,right_elbow_flex,2097,2137,40,37,5,94
4.859,2026-08-05T05:49:52.194225+00:00,right_wrist_flex,1976,1990,14,35,1,42
4.859,2026-08-05T05:49:52.194225+00:00,right_wrist_roll,2114,2111,-3,34,0,1044
4.859,2026-08-05T05:49:52.194225+00:00,right_gripper,2428,2442,14,38,2,42
4.909,2026-08-05T05:49:52.244316+00:00,left_shoulder_pan,1857,1851,-6,37,1,1060
4.909,2026-08-05T05:49:52.244316+00:00,left_shoulder_lift,2389,2406,17,37,4,80
4.909,2026-08-05T05:49:52.244316+00:00,left_elbow_flex,1629,1641,12,34,3,60
4.909,2026-08-05T05:49:52.244316+00:00,left_wrist_flex,2169,2173,4,34,0,28
4.909,2026-08-05T05:49:52.244316+00:00,left_wrist_roll,1989,1987,-2,34,0,1044
4.909,2026-08-05T05:49:52.244316+00:00,left_gripper,2014,2014,0,36,0,0
4.909,2026-08-05T05:49:52.244316+00:00,right_shoulder_pan,1843,1869,26,37,1,54
4.909,2026-08-05T05:49:52.244316+00:00,right_shoulder_lift,2004,2156,152,38,51,322
4.909,2026-08-05T05:49:52.244316+00:00,right_elbow_flex,2097,2137,40,37,4,94
4.909,2026-08-05T05:49:52.244316+00:00,right_wrist_flex,1976,1990,14,35,1,42
4.909,2026-08-05T05:49:52.244316+00:00,right_wrist_roll,2114,2111,-3,34,0,1044
4.909,2026-08-05T05:49:52.244316+00:00,right_gripper,2428,2442,14,38,2,42
4.959,2026-08-05T05:49:52.294418+00:00,left_shoulder_pan,1857,1851,-6,37,1,1060
4.959,2026-08-05T05:49:52.294418+00:00,left_shoulder_lift,2389,2406,17,37,4,80
4.959,2026-08-05T05:49:52.294418+00:00,left_elbow_flex,1629,1641,12,34,2,60
4.959,2026-08-05T05:49:52.294418+00:00,left_wrist_flex,2169,2173,4,34,1,28
4.959,2026-08-05T05:49:52.294418+00:00,left_wrist_roll,1989,1987,-2,34,0,1044
4.959,2026-08-05T05:49:52.294418+00:00,left_gripper,2014,2014,0,37,0,0
4.959,2026-08-05T05:49:52.294418+00:00,right_shoulder_pan,1837,1863,26,37,1,54
4.959,2026-08-05T05:49:52.294418+00:00,right_shoulder_lift,2005,2156,151,38,50,318
4.959,2026-08-05T05:49:52.294418+00:00,right_elbow_flex,2097,2137,40,37,5,94
4.959,2026-08-05T05:49:52.294418+00:00,right_wrist_flex,1976,1990,14,35,1,42
4.959,2026-08-05T05:49:52.294418+00:00,right_wrist_roll,2114,2111,-3,34,0,1044
4.959,2026-08-05T05:49:52.294418+00:00,right_gripper,2428,2442,14,38,2,42
5.009,2026-08-05T05:49:52.344457+00:00,left_shoulder_pan,1857,1851,-6,37,1,1060
5.009,2026-08-05T05:49:52.344457+00:00,left_shoulder_lift,2389,2406,17,37,4,80
5.009,2026-08-05T05:49:52.344457+00:00,left_elbow_flex,1629,1641,12,34,2,60
5.009,2026-08-05T05:49:52.344457+00:00,left_wrist_flex,2169,2173,4,34,0,28
5.009,2026-08-05T05:49:52.344457+00:00,left_wrist_roll,1989,1987,-2,34,0,1044
5.009,2026-08-05T05:49:52.344457+00:00,left_gripper,2014,2014,0,36,0,0
5.009,2026-08-05T05:49:52.344457+00:00,right_shoulder_pan,1832,1856,24,37,1,56
5.009,2026-08-05T05:49:52.344457+00:00,right_shoulder_lift,2007,2156,149,38,52,316
5.009,2026-08-05T05:49:52.344457+00:00,right_elbow_flex,2097,2137,40,37,4,94
5.009,2026-08-05T05:49:52.344457+00:00,right_wrist_flex,1976,1990,14,35,1,42
5.009,2026-08-05T05:49:52.344457+00:00,right_wrist_roll,2114,2111,-3,34,0,1044
5.009,2026-08-05T05:49:52.344457+00:00,right_gripper,2428,2442,14,38,1,42
5.059,2026-08-05T05:49:52.394481+00:00,left_shoulder_pan,1857,1851,-6,37,0,1060
5.059,2026-08-05T05:49:52.394481+00:00,left_shoulder_lift,2389,2406,17,37,4,80
5.059,2026-08-05T05:49:52.394481+00:00,left_elbow_flex,1629,1641,12,34,2,60
5.059,2026-08-05T05:49:52.394481+00:00,left_wrist_flex,2169,2173,4,34,0,28
5.059,2026-08-05T05:49:52.394481+00:00,left_wrist_roll,1989,1987,-2,34,0,1044
5.059,2026-08-05T05:49:52.394481+00:00,left_gripper,2014,2014,0,36,0,0
5.059,2026-08-05T05:49:52.394481+00:00,right_shoulder_pan,1826,1850,24,37,1,46
5.059,2026-08-05T05:49:52.394481+00:00,right_shoulder_lift,2009,2156,147,38,51,312
5.059,2026-08-05T05:49:52.394481+00:00,right_elbow_flex,2097,2137,40,37,5,94
5.059,2026-08-05T05:49:52.394481+00:00,right_wrist_flex,1976,1990,14,35,1,42
5.059,2026-08-05T05:49:52.394481+00:00,right_wrist_roll,2114,2111,-3,34,0,1044
5.059,2026-08-05T05:49:52.394481+00:00,right_gripper,2428,2442,14,38,2,42
5.109,2026-08-05T05:49:52.444668+00:00,left_shoulder_pan,1857,1851,-6,37,1,1060
5.109,2026-08-05T05:49:52.444668+00:00,left_shoulder_lift,2389,2406,17,37,4,80
5.109,2026-08-05T05:49:52.444668+00:00,left_elbow_flex,1629,1641,12,34,2,60
5.109,2026-08-05T05:49:52.444668+00:00,left_wrist_flex,2169,2173,4,34,1,28
5.109,2026-08-05T05:49:52.444668+00:00,left_wrist_roll,1989,1987,-2,34,0,1044
5.109,2026-08-05T05:49:52.444668+00:00,left_gripper,2014,2014,0,37,0,0
5.109,2026-08-05T05:49:52.444668+00:00,right_shoulder_pan,1821,1844,23,37,1,52
5.109,2026-08-05T05:49:52.444668+00:00,right_shoulder_lift,2010,2156,146,38,44,304
5.109,2026-08-05T05:49:52.444668+00:00,right_elbow_flex,2097,2137,40,37,5,94
5.109,2026-08-05T05:49:52.444668+00:00,right_wrist_flex,1976,1990,14,35,1,42
5.109,2026-08-05T05:49:52.444668+00:00,right_wrist_roll,2114,2111,-3,34,0,1044
5.109,2026-08-05T05:49:52.444668+00:00,right_gripper,2428,2442,14,38,1,42
5.159,2026-08-05T05:49:52.494379+00:00,left_shoulder_pan,1857,1851,-6,37,1,1060
5.159,2026-08-05T05:49:52.494379+00:00,left_shoulder_lift,2389,2406,17,37,5,80
5.159,2026-08-05T05:49:52.494379+00:00,left_elbow_flex,1629,1641,12,34,2,60
5.159,2026-08-05T05:49:52.494379+00:00,left_wrist_flex,2169,2173,4,34,0,28
5.159,2026-08-05T05:49:52.494379+00:00,left_wrist_roll,1989,1987,-2,34,0,1044
5.159,2026-08-05T05:49:52.494379+00:00,left_gripper,2014,2014,0,36,0,0
5.159,2026-08-05T05:49:52.494379+00:00,right_shoulder_pan,1816,1838,22,37,1,50
5.159,2026-08-05T05:49:52.494379+00:00,right_shoulder_lift,2012,2156,144,38,39,306
5.159,2026-08-05T05:49:52.494379+00:00,right_elbow_flex,2097,2137,40,37,4,94
5.159,2026-08-05T05:49:52.494379+00:00,right_wrist_flex,1976,1990,14,35,1,42
5.159,2026-08-05T05:49:52.494379+00:00,right_wrist_roll,2114,2111,-3,34,0,1044
5.159,2026-08-05T05:49:52.494379+00:00,right_gripper,2428,2442,14,38,2,42
5.209,2026-08-05T05:49:52.544467+00:00,left_shoulder_pan,1857,1851,-6,37,1,1060
5.209,2026-08-05T05:49:52.544467+00:00,left_shoulder_lift,2389,2406,17,37,4,80
5.209,2026-08-05T05:49:52.544467+00:00,left_elbow_flex,1629,1641,12,34,2,60
5.209,2026-08-05T05:49:52.544467+00:00,left_wrist_flex,2169,2173,4,34,0,28
5.209,2026-08-05T05:49:52.544467+00:00,left_wrist_roll,1989,1987,-2,34,0,1044
5.209,2026-08-05T05:49:52.544467+00:00,left_gripper,2014,2014,0,36,0,0
5.209,2026-08-05T05:49:52.544467+00:00,right_shoulder_pan,1811,1833,22,37,1,52
5.209,2026-08-05T05:49:52.544467+00:00,right_shoulder_lift,2014,2156,142,38,46,298
5.209,2026-08-05T05:49:52.544467+00:00,right_elbow_flex,2097,2137,40,37,5,94
5.209,2026-08-05T05:49:52.544467+00:00,right_wrist_flex,1976,1990,14,35,1,42
5.209,2026-08-05T05:49:52.544467+00:00,right_wrist_roll,2114,2111,-3,34,0,1044
5.209,2026-08-05T05:49:52.544467+00:00,right_gripper,2428,2442,14,38,1,42
5.259,2026-08-05T05:49:52.594730+00:00,left_shoulder_pan,1857,1851,-6,37,1,1060
5.259,2026-08-05T05:49:52.594730+00:00,left_shoulder_lift,2389,2406,17,37,4,80
5.259,2026-08-05T05:49:52.594730+00:00,left_elbow_flex,1629,1641,12,34,2,60
5.259,2026-08-05T05:49:52.594730+00:00,left_wrist_flex,2169,2173,4,34,0,28
5.259,2026-08-05T05:49:52.594730+00:00,left_wrist_roll,1989,1987,-2,34,1,1044
5.259,2026-08-05T05:49:52.594730+00:00,left_gripper,2014,2014,0,36,0,0
5.259,2026-08-05T05:49:52.594730+00:00,right_shoulder_pan,1807,1827,20,37,0,44
5.259,2026-08-05T05:49:52.594730+00:00,right_shoulder_lift,2016,2156,140,38,40,298
5.259,2026-08-05T05:49:52.594730+00:00,right_elbow_flex,2097,2137,40,37,5,94
5.259,2026-08-05T05:49:52.594730+00:00,right_wrist_flex,1976,1990,14,35,1,42
5.259,2026-08-05T05:49:52.594730+00:00,right_wrist_roll,2114,2111,-3,34,1,1044
5.259,2026-08-05T05:49:52.594730+00:00,right_gripper,2428,2442,14,38,2,42
5.309,2026-08-05T05:49:52.644839+00:00,left_shoulder_pan,1857,1851,-6,37,1,1060
5.309,2026-08-05T05:49:52.644839+00:00,left_shoulder_lift,2389,2406,17,37,4,80
5.309,2026-08-05T05:49:52.644839+00:00,left_elbow_flex,1629,1641,12,34,2,60
5.309,2026-08-05T05:49:52.644839+00:00,left_wrist_flex,2169,2173,4,34,0,28
5.309,2026-08-05T05:49:52.644839+00:00,left_wrist_roll,1989,1987,-2,34,0,1044
5.309,2026-08-05T05:49:52.644839+00:00,left_gripper,2014,2014,0,37,0,0
5.309,2026-08-05T05:49:52.644839+00:00,right_shoulder_pan,1803,1822,19,37,1,44
5.309,2026-08-05T05:49:52.644839+00:00,right_shoulder_lift,2018,2156,138,38,38,290
5.309,2026-08-05T05:49:52.644839+00:00,right_elbow_flex,2097,2137,40,37,4,94
5.309,2026-08-05T05:49:52.644839+00:00,right_wrist_flex,1976,1990,14,35,1,42
5.309,2026-08-05T05:49:52.644839+00:00,right_wrist_roll,2114,2111,-3,34,0,1044
5.309,2026-08-05T05:49:52.644839+00:00,right_gripper,2428,2442,14,38,1,42
5.359,2026-08-05T05:49:52.694834+00:00,left_shoulder_pan,1857,1851,-6,37,2,1060
5.359,2026-08-05T05:49:52.694834+00:00,left_shoulder_lift,2389,2406,17,37,4,80
5.359,2026-08-05T05:49:52.694834+00:00,left_elbow_flex,1629,1641,12,34,2,60
5.359,2026-08-05T05:49:52.694834+00:00,left_wrist_flex,2169,2173,4,34,0,28
5.359,2026-08-05T05:49:52.694834+00:00,left_wrist_roll,1989,1987,-2,34,0,1044
5.359,2026-08-05T05:49:52.694834+00:00,left_gripper,2014,2014,0,36,0,0
5.359,2026-08-05T05:49:52.694834+00:00,right_shoulder_pan,1799,1817,18,37,1,38
5.359,2026-08-05T05:49:52.694834+00:00,right_shoulder_lift,2020,2156,136,38,43,290
5.359,2026-08-05T05:49:52.694834+00:00,right_elbow_flex,2097,2137,40,37,5,94
5.359,2026-08-05T05:49:52.694834+00:00,right_wrist_flex,1976,1990,14,35,1,42
5.359,2026-08-05T05:49:52.694834+00:00,right_wrist_roll,2114,2111,-3,34,1,1044
5.359,2026-08-05T05:49:52.694834+00:00,right_gripper,2428,2442,14,38,1,42
5.409,2026-08-05T05:49:52.745012+00:00,left_shoulder_pan,1857,1851,-6,37,1,1060
5.409,2026-08-05T05:49:52.745012+00:00,left_shoulder_lift,2389,2406,17,37,4,80
5.409,2026-08-05T05:49:52.745012+00:00,left_elbow_flex,1629,1641,12,34,2,60
5.409,2026-08-05T05:49:52.745012+00:00,left_wrist_flex,2169,2173,4,34,0,28
5.409,2026-08-05T05:49:52.745012+00:00,left_wrist_roll,1989,1987,-2,34,0,1044
5.409,2026-08-05T05:49:52.745012+00:00,left_gripper,2014,2014,0,37,0,0
5.409,2026-08-05T05:49:52.745012+00:00,right_shoulder_pan,1795,1812,17,37,1,46
5.409,2026-08-05T05:49:52.745012+00:00,right_shoulder_lift,2022,2156,134,38,38,282
5.409,2026-08-05T05:49:52.745012+00:00,right_elbow_flex,2097,2137,40,37,4,94
5.409,2026-08-05T05:49:52.745012+00:00,right_wrist_flex,1976,1990,14,35,1,42
5.409,2026-08-05T05:49:52.745012+00:00,right_wrist_roll,2114,2111,-3,34,0,1044
5.409,2026-08-05T05:49:52.745012+00:00,right_gripper,2428,2442,14,38,2,42
5.460,2026-08-05T05:49:52.795026+00:00,left_shoulder_pan,1857,1851,-6,37,1,1060
5.460,2026-08-05T05:49:52.795026+00:00,left_shoulder_lift,2389,2406,17,37,4,80
5.460,2026-08-05T05:49:52.795026+00:00,left_elbow_flex,1629,1641,12,34,2,60
5.460,2026-08-05T05:49:52.795026+00:00,left_wrist_flex,2169,2173,4,34,1,28
5.460,2026-08-05T05:49:52.795026+00:00,left_wrist_roll,1989,1987,-2,34,0,1044
5.460,2026-08-05T05:49:52.795026+00:00,left_gripper,2014,2014,0,38,0,0
5.460,2026-08-05T05:49:52.795026+00:00,right_shoulder_pan,1792,1808,16,37,0,36
5.460,2026-08-05T05:49:52.795026+00:00,right_shoulder_lift,2024,2156,132,38,34,282
5.460,2026-08-05T05:49:52.795026+00:00,right_elbow_flex,2097,2137,40,37,4,94
5.460,2026-08-05T05:49:52.795026+00:00,right_wrist_flex,1976,1990,14,35,0,42
5.460,2026-08-05T05:49:52.795026+00:00,right_wrist_roll,2114,2111,-3,34,1,1044
5.460,2026-08-05T05:49:52.795026+00:00,right_gripper,2428,2442,14,38,1,42
5.510,2026-08-05T05:49:52.844883+00:00,left_shoulder_pan,1857,1851,-6,37,1,1060
5.510,2026-08-05T05:49:52.844883+00:00,left_shoulder_lift,2389,2406,17,37,5,80
5.510,2026-08-05T05:49:52.844883+00:00,left_elbow_flex,1629,1641,12,34,2,60
5.510,2026-08-05T05:49:52.844883+00:00,left_wrist_flex,2169,2173,4,34,1,28
5.510,2026-08-05T05:49:52.844883+00:00,left_wrist_roll,1989,1987,-2,34,0,1044
5.510,2026-08-05T05:49:52.844883+00:00,left_gripper,2014,2014,0,36,0,0
5.510,2026-08-05T05:49:52.844883+00:00,right_shoulder_pan,1789,1804,15,37,1,38
5.510,2026-08-05T05:49:52.844883+00:00,right_shoulder_lift,2026,2156,130,38,36,274
5.510,2026-08-05T05:49:52.844883+00:00,right_elbow_flex,2097,2137,40,37,4,94
5.510,2026-08-05T05:49:52.844883+00:00,right_wrist_flex,1976,1990,14,35,1,42
5.510,2026-08-05T05:49:52.844883+00:00,right_wrist_roll,2114,2111,-3,34,0,1044
5.510,2026-08-05T05:49:52.844883+00:00,right_gripper,2428,2442,14,38,2,42
5.560,2026-08-05T05:49:52.895149+00:00,left_shoulder_pan,1857,1851,-6,37,1,1060
5.560,2026-08-05T05:49:52.895149+00:00,left_shoulder_lift,2389,2406,17,37,5,80
5.560,2026-08-05T05:49:52.895149+00:00,left_elbow_flex,1629,1641,12,34,2,60
5.560,2026-08-05T05:49:52.895149+00:00,left_wrist_flex,2169,2173,4,34,1,28
5.560,2026-08-05T05:49:52.895149+00:00,left_wrist_roll,1989,1987,-2,34,0,1044
5.560,2026-08-05T05:49:52.895149+00:00,left_gripper,2014,2014,0,37,0,0
5.560,2026-08-05T05:49:52.895149+00:00,right_shoulder_pan,1786,1800,14,37,1,30
5.560,2026-08-05T05:49:52.895149+00:00,right_shoulder_lift,2029,2156,127,38,40,274
5.560,2026-08-05T05:49:52.895149+00:00,right_elbow_flex,2097,2137,40,37,5,94
5.560,2026-08-05T05:49:52.895149+00:00,right_wrist_flex,1976,1990,14,35,1,42
5.560,2026-08-05T05:49:52.895149+00:00,right_wrist_roll,2114,2111,-3,34,0,1044
5.560,2026-08-05T05:49:52.895149+00:00,right_gripper,2428,2442,14,39,1,42
5.610,2026-08-05T05:49:52.945085+00:00,left_shoulder_pan,1857,1851,-6,37,1,1060
5.610,2026-08-05T05:49:52.945085+00:00,left_shoulder_lift,2389,2406,17,37,4,80
5.610,2026-08-05T05:49:52.945085+00:00,left_elbow_flex,1629,1641,12,34,2,60
5.610,2026-08-05T05:49:52.945085+00:00,left_wrist_flex,2169,2173,4,34,1,28
5.610,2026-08-05T05:49:52.945085+00:00,left_wrist_roll,1989,1987,-2,34,0,1044
5.610,2026-08-05T05:49:52.945085+00:00,left_gripper,2014,2014,0,36,0,0
5.610,2026-08-05T05:49:52.945085+00:00,right_shoulder_pan,1783,1797,14,37,1,38
5.610,2026-08-05T05:49:52.945085+00:00,right_shoulder_lift,2031,2156,125,38,36,260
5.610,2026-08-05T05:49:52.945085+00:00,right_elbow_flex,2097,2137,40,37,4,94
5.610,2026-08-05T05:49:52.945085+00:00,right_wrist_flex,1976,1990,14,35,1,42
5.610,2026-08-05T05:49:52.945085+00:00,right_wrist_roll,2114,2111,-3,34,0,1044
5.610,2026-08-05T05:49:52.945085+00:00,right_gripper,2428,2442,14,38,2,42
5.660,2026-08-05T05:49:52.995274+00:00,left_shoulder_pan,1857,1851,-6,37,1,1060
5.660,2026-08-05T05:49:52.995274+00:00,left_shoulder_lift,2389,2406,17,37,5,80
5.660,2026-08-05T05:49:52.995274+00:00,left_elbow_flex,1629,1641,12,34,3,60
5.660,2026-08-05T05:49:52.995274+00:00,left_wrist_flex,2169,2173,4,34,0,28
5.660,2026-08-05T05:49:52.995274+00:00,left_wrist_roll,1989,1987,-2,34,0,1044
5.660,2026-08-05T05:49:52.995274+00:00,left_gripper,2014,2014,0,36,0,0
5.660,2026-08-05T05:49:52.995274+00:00,right_shoulder_pan,1781,1794,13,37,0,32
5.660,2026-08-05T05:49:52.995274+00:00,right_shoulder_lift,2033,2156,123,38,29,264
5.660,2026-08-05T05:49:52.995274+00:00,right_elbow_flex,2097,2137,40,37,4,94
5.660,2026-08-05T05:49:52.995274+00:00,right_wrist_flex,1976,1990,14,35,1,42
5.660,2026-08-05T05:49:52.995274+00:00,right_wrist_roll,2114,2111,-3,34,0,1044
5.660,2026-08-05T05:49:52.995274+00:00,right_gripper,2428,2442,14,38,2,42
5.710,2026-08-05T05:49:53.047105+00:00,left_shoulder_pan,1857,1851,-6,37,1,1060
5.710,2026-08-05T05:49:53.047105+00:00,left_shoulder_lift,2389,2406,17,37,4,80
5.710,2026-08-05T05:49:53.047105+00:00,left_elbow_flex,1629,1641,12,34,2,60
5.710,2026-08-05T05:49:53.047105+00:00,left_wrist_flex,2169,2173,4,34,0,28
5.710,2026-08-05T05:49:53.047105+00:00,left_wrist_roll,1989,1987,-2,34,0,1044
5.710,2026-08-05T05:49:53.047105+00:00,left_gripper,2014,2014,0,36,0,0
5.710,2026-08-05T05:49:53.047105+00:00,right_shoulder_pan,1779,1791,12,37,1,36
5.710,2026-08-05T05:49:53.047105+00:00,right_shoulder_lift,2035,2156,121,38,35,256
5.710,2026-08-05T05:49:53.047105+00:00,right_elbow_flex,2097,2137,40,37,4,94
5.710,2026-08-05T05:49:53.047105+00:00,right_wrist_flex,1976,1990,14,35,1,42
5.710,2026-08-05T05:49:53.047105+00:00,right_wrist_roll,2114,2111,-3,34,1,1044
5.710,2026-08-05T05:49:53.047105+00:00,right_gripper,2428,2442,14,38,2,42
5.760,2026-08-05T05:49:53.095834+00:00,left_shoulder_pan,1857,1851,-6,37,1,1060
5.760,2026-08-05T05:49:53.095834+00:00,left_shoulder_lift,2389,2406,17,37,4,80
5.760,2026-08-05T05:49:53.095834+00:00,left_elbow_flex,1629,1641,12,34,2,60
5.760,2026-08-05T05:49:53.095834+00:00,left_wrist_flex,2169,2173,4,34,1,28
5.760,2026-08-05T05:49:53.095834+00:00,left_wrist_roll,1989,1987,-2,34,0,1044
5.760,2026-08-05T05:49:53.095834+00:00,left_gripper,2014,2014,0,36,0,0
5.760,2026-08-05T05:49:53.095834+00:00,right_shoulder_pan,1778,1788,10,37,0,30
5.760,2026-08-05T05:49:53.095834+00:00,right_shoulder_lift,2038,2156,118,38,31,256
5.760,2026-08-05T05:49:53.095834+00:00,right_elbow_flex,2097,2137,40,37,4,94
5.760,2026-08-05T05:49:53.095834+00:00,right_wrist_flex,1976,1990,14,35,1,42
5.760,2026-08-05T05:49:53.095834+00:00,right_wrist_roll,2114,2111,-3,34,0,1044
5.760,2026-08-05T05:49:53.095834+00:00,right_gripper,2428,2442,14,38,2,42
5.810,2026-08-05T05:49:53.147042+00:00,left_shoulder_pan,1857,1851,-6,37,1,1060
5.810,2026-08-05T05:49:53.147042+00:00,left_shoulder_lift,2389,2406,17,37,5,80
5.810,2026-08-05T05:49:53.147042+00:00,left_elbow_flex,1629,1641,12,34,3,60
5.810,2026-08-05T05:49:53.147042+00:00,left_wrist_flex,2169,2173,4,34,0,28
5.810,2026-08-05T05:49:53.147042+00:00,left_wrist_roll,1989,1987,-2,34,0,1044
5.810,2026-08-05T05:49:53.147042+00:00,left_gripper,2014,2014,0,36,0,0
5.810,2026-08-05T05:49:53.147042+00:00,right_shoulder_pan,1776,1786,10,37,1,32
5.810,2026-08-05T05:49:53.147042+00:00,right_shoulder_lift,2040,2156,116,38,25,242
5.810,2026-08-05T05:49:53.147042+00:00,right_elbow_flex,2097,2137,40,37,4,94
5.810,2026-08-05T05:49:53.147042+00:00,right_wrist_flex,1976,1990,14,35,1,42
5.810,2026-08-05T05:49:53.147042+00:00,right_wrist_roll,2114,2111,-3,34,0,1044
5.810,2026-08-05T05:49:53.147042+00:00,right_gripper,2428,2442,14,38,2,42
5.860,2026-08-05T05:49:53.195684+00:00,left_shoulder_pan,1857,1851,-6,37,1,1060
5.860,2026-08-05T05:49:53.195684+00:00,left_shoulder_lift,2389,2406,17,37,5,80
5.860,2026-08-05T05:49:53.195684+00:00,left_elbow_flex,1629,1641,12,34,2,60
5.860,2026-08-05T05:49:53.195684+00:00,left_wrist_flex,2169,2173,4,34,0,28
5.860,2026-08-05T05:49:53.195684+00:00,left_wrist_roll,1989,1987,-2,34,1,1044
5.860,2026-08-05T05:49:53.195684+00:00,left_gripper,2014,2014,0,37,0,0
5.860,2026-08-05T05:49:53.195684+00:00,right_shoulder_pan,1775,1785,10,37,1,30
5.860,2026-08-05T05:49:53.195684+00:00,right_shoulder_lift,2042,2156,114,38,26,246
5.860,2026-08-05T05:49:53.195684+00:00,right_elbow_flex,2097,2137,40,38,5,94
5.860,2026-08-05T05:49:53.195684+00:00,right_wrist_flex,1976,1990,14,35,1,42
5.860,2026-08-05T05:49:53.195684+00:00,right_wrist_roll,2114,2111,-3,34,0,1044
5.860,2026-08-05T05:49:53.195684+00:00,right_gripper,2428,2442,14,38,2,42
5.910,2026-08-05T05:49:53.245475+00:00,left_shoulder_pan,1857,1851,-6,37,1,1060
5.910,2026-08-05T05:49:53.245475+00:00,left_shoulder_lift,2389,2406,17,37,5,80
5.910,2026-08-05T05:49:53.245475+00:00,left_elbow_flex,1629,1641,12,34,2,60
5.910,2026-08-05T05:49:53.245475+00:00,left_wrist_flex,2169,2173,4,34,0,28
5.910,2026-08-05T05:49:53.245475+00:00,left_wrist_roll,1989,1987,-2,34,0,1044
5.910,2026-08-05T05:49:53.245475+00:00,left_gripper,2014,2014,0,36,0,0
5.910,2026-08-05T05:49:53.245475+00:00,right_shoulder_pan,1774,1785,11,37,1,40
5.910,2026-08-05T05:49:53.245475+00:00,right_shoulder_lift,2045,2156,111,38,27,238
5.910,2026-08-05T05:49:53.245475+00:00,right_elbow_flex,2097,2137,40,37,5,94
5.910,2026-08-05T05:49:53.245475+00:00,right_wrist_flex,1976,1990,14,35,1,42
5.910,2026-08-05T05:49:53.245475+00:00,right_wrist_roll,2114,2111,-3,34,0,1044
5.910,2026-08-05T05:49:53.245475+00:00,right_gripper,2428,2442,14,38,1,42
5.960,2026-08-05T05:49:53.295579+00:00,left_shoulder_pan,1857,1851,-6,37,1,1060
5.960,2026-08-05T05:49:53.295579+00:00,left_shoulder_lift,2389,2406,17,37,4,80
5.960,2026-08-05T05:49:53.295579+00:00,left_elbow_flex,1629,1641,12,34,2,60
5.960,2026-08-05T05:49:53.295579+00:00,left_wrist_flex,2169,2173,4,34,0,28
5.960,2026-08-05T05:49:53.295579+00:00,left_wrist_roll,1989,1987,-2,34,0,1044
5.960,2026-08-05T05:49:53.295579+00:00,left_gripper,2014,2014,0,37,0,0
5.960,2026-08-05T05:49:53.295579+00:00,right_shoulder_pan,1774,1784,10,37,0,34
5.960,2026-08-05T05:49:53.295579+00:00,right_shoulder_lift,2047,2156,109,38,29,232
5.960,2026-08-05T05:49:53.295579+00:00,right_elbow_flex,2097,2137,40,37,5,94
5.960,2026-08-05T05:49:53.295579+00:00,right_wrist_flex,1976,1990,14,35,1,42
5.960,2026-08-05T05:49:53.295579+00:00,right_wrist_roll,2114,2111,-3,34,0,1044
5.960,2026-08-05T05:49:53.295579+00:00,right_gripper,2428,2442,14,38,2,42
6.010,2026-08-05T05:49:53.345653+00:00,left_shoulder_pan,1857,1851,-6,37,1,1060
6.010,2026-08-05T05:49:53.345653+00:00,left_shoulder_lift,2389,2406,17,37,4,80
6.010,2026-08-05T05:49:53.345653+00:00,left_elbow_flex,1629,1641,12,34,2,60
6.010,2026-08-05T05:49:53.345653+00:00,left_wrist_flex,2169,2173,4,34,1,28
6.010,2026-08-05T05:49:53.345653+00:00,left_wrist_roll,1989,1987,-2,34,0,1044
6.010,2026-08-05T05:49:53.345653+00:00,left_gripper,2014,2014,0,36,0,0
6.010,2026-08-05T05:49:53.345653+00:00,right_shoulder_pan,1774,1783,9,37,0,32
6.010,2026-08-05T05:49:53.345653+00:00,right_shoulder_lift,2049,2156,107,38,24,228
6.010,2026-08-05T05:49:53.345653+00:00,right_elbow_flex,2097,2137,40,37,4,94
6.010,2026-08-05T05:49:53.345653+00:00,right_wrist_flex,1976,1990,14,35,1,42
6.010,2026-08-05T05:49:53.345653+00:00,right_wrist_roll,2114,2111,-3,34,0,1044
6.010,2026-08-05T05:49:53.345653+00:00,right_gripper,2428,2442,14,38,2,42
6.060,2026-08-05T05:49:53.396028+00:00,left_shoulder_pan,1857,1851,-6,37,2,1060
6.060,2026-08-05T05:49:53.396028+00:00,left_shoulder_lift,2389,2406,17,37,4,80
6.060,2026-08-05T05:49:53.396028+00:00,left_elbow_flex,1629,1641,12,34,2,60
6.060,2026-08-05T05:49:53.396028+00:00,left_wrist_flex,2169,2173,4,34,0,28
6.060,2026-08-05T05:49:53.396028+00:00,left_wrist_roll,1989,1987,-2,34,0,1044
6.060,2026-08-05T05:49:53.396028+00:00,left_gripper,2014,2014,0,36,0,0
6.060,2026-08-05T05:49:53.396028+00:00,right_shoulder_pan,1774,1783,9,37,1,32
6.060,2026-08-05T05:49:53.396028+00:00,right_shoulder_lift,2052,2156,104,38,27,224
6.060,2026-08-05T05:49:53.396028+00:00,right_elbow_flex,2097,2137,40,37,4,94
6.060,2026-08-05T05:49:53.396028+00:00,right_wrist_flex,1976,1990,14,35,1,42
6.060,2026-08-05T05:49:53.396028+00:00,right_wrist_roll,2114,2111,-3,34,1,1044
6.060,2026-08-05T05:49:53.396028+00:00,right_gripper,2428,2442,14,38,1,42
6.110,2026-08-05T05:49:53.446163+00:00,left_shoulder_pan,1857,1851,-6,37,1,1060
6.110,2026-08-05T05:49:53.446163+00:00,left_shoulder_lift,2389,2406,17,37,4,80
6.110,2026-08-05T05:49:53.446163+00:00,left_elbow_flex,1629,1641,12,35,2,60
6.110,2026-08-05T05:49:53.446163+00:00,left_wrist_flex,2169,2173,4,34,0,28
6.110,2026-08-05T05:49:53.446163+00:00,left_wrist_roll,1989,1987,-2,34,0,1044
6.110,2026-08-05T05:49:53.446163+00:00,left_gripper,2014,2014,0,37,0,0
6.110,2026-08-05T05:49:53.446163+00:00,right_shoulder_pan,1775,1783,8,37,0,32
6.110,2026-08-05T05:49:53.446163+00:00,right_shoulder_lift,2054,2156,102,38,21,214
6.110,2026-08-05T05:49:53.446163+00:00,right_elbow_flex,2097,2137,40,37,5,94
6.110,2026-08-05T05:49:53.446163+00:00,right_wrist_flex,1976,1990,14,35,1,42
6.110,2026-08-05T05:49:53.446163+00:00,right_wrist_roll,2114,2111,-3,34,0,1044
6.110,2026-08-05T05:49:53.446163+00:00,right_gripper,2428,2442,14,38,2,42
6.161,2026-08-05T05:49:53.495865+00:00,left_shoulder_pan,1857,1851,-6,37,1,1060
6.161,2026-08-05T05:49:53.495865+00:00,left_shoulder_lift,2389,2406,17,37,4,80
6.161,2026-08-05T05:49:53.495865+00:00,left_elbow_flex,1629,1641,12,34,2,60
6.161,2026-08-05T05:49:53.495865+00:00,left_wrist_flex,2169,2173,4,34,0,28
6.161,2026-08-05T05:49:53.495865+00:00,left_wrist_roll,1989,1987,-2,33,1,1044
6.161,2026-08-05T05:49:53.495865+00:00,left_gripper,2014,2014,0,36,0,0
6.161,2026-08-05T05:49:53.495865+00:00,right_shoulder_pan,1776,1782,6,37,0,28
6.161,2026-08-05T05:49:53.495865+00:00,right_shoulder_lift,2057,2156,99,38,22,214
6.161,2026-08-05T05:49:53.495865+00:00,right_elbow_flex,2097,2137,40,37,5,94
6.161,2026-08-05T05:49:53.495865+00:00,right_wrist_flex,1976,1990,14,35,1,42
6.161,2026-08-05T05:49:53.495865+00:00,right_wrist_roll,2114,2111,-3,34,0,1044
6.161,2026-08-05T05:49:53.495865+00:00,right_gripper,2428,2442,14,38,2,42
6.211,2026-08-05T05:49:53.546162+00:00,left_shoulder_pan,1857,1851,-6,37,1,1060
6.211,2026-08-05T05:49:53.546162+00:00,left_shoulder_lift,2389,2406,17,37,4,80
6.211,2026-08-05T05:49:53.546162+00:00,left_elbow_flex,1629,1641,12,34,2,60
6.211,2026-08-05T05:49:53.546162+00:00,left_wrist_flex,2169,2173,4,34,0,28
6.211,2026-08-05T05:49:53.546162+00:00,left_wrist_roll,1989,1987,-2,34,0,1044
6.211,2026-08-05T05:49:53.546162+00:00,left_gripper,2014,2014,0,37,0,0
6.211,2026-08-05T05:49:53.546162+00:00,right_shoulder_pan,1777,1782,5,37,1,26
6.211,2026-08-05T05:49:53.546162+00:00,right_shoulder_lift,2059,2156,97,38,24,204
6.211,2026-08-05T05:49:53.546162+00:00,right_elbow_flex,2097,2137,40,38,4,94
6.211,2026-08-05T05:49:53.546162+00:00,right_wrist_flex,1976,1990,14,35,1,42
6.211,2026-08-05T05:49:53.546162+00:00,right_wrist_roll,2114,2111,-3,34,0,1044
6.211,2026-08-05T05:49:53.546162+00:00,right_gripper,2428,2442,14,38,2,42
6.261,2026-08-05T05:49:53.596013+00:00,left_shoulder_pan,1857,1851,-6,37,1,1060
6.261,2026-08-05T05:49:53.596013+00:00,left_shoulder_lift,2389,2406,17,37,5,80
6.261,2026-08-05T05:49:53.596013+00:00,left_elbow_flex,1629,1641,12,34,2,60
6.261,2026-08-05T05:49:53.596013+00:00,left_wrist_flex,2169,2173,4,34,0,28
6.261,2026-08-05T05:49:53.596013+00:00,left_wrist_roll,1989,1987,-2,34,0,1044
6.261,2026-08-05T05:49:53.596013+00:00,left_gripper,2014,2014,0,36,0,0
6.261,2026-08-05T05:49:53.596013+00:00,right_shoulder_pan,1778,1782,4,36,0,24
6.261,2026-08-05T05:49:53.596013+00:00,right_shoulder_lift,2061,2156,95,38,20,204
6.261,2026-08-05T05:49:53.596013+00:00,right_elbow_flex,2097,2137,40,38,5,94
6.261,2026-08-05T05:49:53.596013+00:00,right_wrist_flex,1976,1990,14,35,1,42
6.261,2026-08-05T05:49:53.596013+00:00,right_wrist_roll,2114,2111,-3,34,0,1044
6.261,2026-08-05T05:49:53.596013+00:00,right_gripper,2428,2442,14,38,2,42
6.311,2026-08-05T05:49:53.646329+00:00,left_shoulder_pan,1857,1851,-6,37,1,1060
6.311,2026-08-05T05:49:53.646329+00:00,left_shoulder_lift,2389,2406,17,37,4,80
6.311,2026-08-05T05:49:53.646329+00:00,left_elbow_flex,1629,1641,12,34,2,60
6.311,2026-08-05T05:49:53.646329+00:00,left_wrist_flex,2169,2173,4,34,1,28
6.311,2026-08-05T05:49:53.646329+00:00,left_wrist_roll,1989,1987,-2,34,0,1044
6.311,2026-08-05T05:49:53.646329+00:00,left_gripper,2014,2014,0,37,0,0
6.311,2026-08-05T05:49:53.646329+00:00,right_shoulder_pan,1780,1782,2,37,1,22
6.311,2026-08-05T05:49:53.646329+00:00,right_shoulder_lift,2064,2156,92,38,21,200
6.311,2026-08-05T05:49:53.646329+00:00,right_elbow_flex,2097,2137,40,37,4,94
6.311,2026-08-05T05:49:53.646329+00:00,right_wrist_flex,1976,1990,14,35,1,42
6.311,2026-08-05T05:49:53.646329+00:00,right_wrist_roll,2114,2111,-3,34,0,1044
6.311,2026-08-05T05:49:53.646329+00:00,right_gripper,2428,2442,14,38,2,42
6.361,2026-08-05T05:49:53.696146+00:00,left_shoulder_pan,1857,1851,-6,37,1,1060
6.361,2026-08-05T05:49:53.696146+00:00,left_shoulder_lift,2389,2406,17,37,5,80
6.361,2026-08-05T05:49:53.696146+00:00,left_elbow_flex,1629,1641,12,34,2,60
6.361,2026-08-05T05:49:53.696146+00:00,left_wrist_flex,2169,2173,4,34,0,28
6.361,2026-08-05T05:49:53.696146+00:00,left_wrist_roll,1989,1987,-2,34,0,1044
6.361,2026-08-05T05:49:53.696146+00:00,left_gripper,2014,2014,0,36,0,0
6.361,2026-08-05T05:49:53.696146+00:00,right_shoulder_pan,1782,1782,0,37,0,0
6.361,2026-08-05T05:49:53.696146+00:00,right_shoulder_lift,2066,2156,90,38,16,194
6.361,2026-08-05T05:49:53.696146+00:00,right_elbow_flex,2097,2137,40,38,4,94
6.361,2026-08-05T05:49:53.696146+00:00,right_wrist_flex,1976,1990,14,35,1,42
6.361,2026-08-05T05:49:53.696146+00:00,right_wrist_roll,2114,2111,-3,34,0,1044
6.361,2026-08-05T05:49:53.696146+00:00,right_gripper,2428,2442,14,38,1,42
6.411,2026-08-05T05:49:53.746454+00:00,left_shoulder_pan,1857,1851,-6,37,1,1060
6.411,2026-08-05T05:49:53.746454+00:00,left_shoulder_lift,2389,2406,17,37,4,80
6.411,2026-08-05T05:49:53.746454+00:00,left_elbow_flex,1629,1641,12,34,2,60
6.411,2026-08-05T05:49:53.746454+00:00,left_wrist_flex,2169,2173,4,34,0,28
6.411,2026-08-05T05:49:53.746454+00:00,left_wrist_roll,1989,1987,-2,34,0,1044
6.411,2026-08-05T05:49:53.746454+00:00,left_gripper,2014,2014,0,36,0,0
6.411,2026-08-05T05:49:53.746454+00:00,right_shoulder_pan,1784,1783,-1,37,0,0
6.411,2026-08-05T05:49:53.746454+00:00,right_shoulder_lift,2068,2156,88,38,16,194
6.411,2026-08-05T05:49:53.746454+00:00,right_elbow_flex,2097,2137,40,37,5,94
6.411,2026-08-05T05:49:53.746454+00:00,right_wrist_flex,1976,1990,14,35,1,42
6.411,2026-08-05T05:49:53.746454+00:00,right_wrist_roll,2114,2111,-3,34,0,1044
6.411,2026-08-05T05:49:53.746454+00:00,right_gripper,2428,2442,14,38,2,42
6.461,2026-08-05T05:49:53.797237+00:00,left_shoulder_pan,1857,1851,-6,37,1,1060
6.461,2026-08-05T05:49:53.797237+00:00,left_shoulder_lift,2389,2406,17,37,5,80
6.461,2026-08-05T05:49:53.797237+00:00,left_elbow_flex,1629,1641,12,34,2,60
6.461,2026-08-05T05:49:53.797237+00:00,left_wrist_flex,2169,2173,4,34,1,28
6.461,2026-08-05T05:49:53.797237+00:00,left_wrist_roll,1989,1987,-2,34,0,1044
6.461,2026-08-05T05:49:53.797237+00:00,left_gripper,2014,2014,0,36,0,0
6.461,2026-08-05T05:49:53.797237+00:00,right_shoulder_pan,1787,1783,-4,37,0,0
6.461,2026-08-05T05:49:53.797237+00:00,right_shoulder_lift,2070,2156,86,38,14,186
6.461,2026-08-05T05:49:53.797237+00:00,right_elbow_flex,2097,2137,40,37,4,94
6.461,2026-08-05T05:49:53.797237+00:00,right_wrist_flex,1976,1990,14,35,1,42
6.461,2026-08-05T05:49:53.797237+00:00,right_wrist_roll,2114,2111,-3,34,0,1044
6.461,2026-08-05T05:49:53.797237+00:00,right_gripper,2428,2442,14,38,2,42
6.511,2026-08-05T05:49:53.846340+00:00,left_shoulder_pan,1857,1851,-6,37,1,1060
6.511,2026-08-05T05:49:53.846340+00:00,left_shoulder_lift,2389,2406,17,37,4,80
6.511,2026-08-05T05:49:53.846340+00:00,left_elbow_flex,1629,1641,12,34,2,60
6.511,2026-08-05T05:49:53.846340+00:00,left_wrist_flex,2169,2173,4,34,0,28
6.511,2026-08-05T05:49:53.846340+00:00,left_wrist_roll,1989,1987,-2,34,1,1044
6.511,2026-08-05T05:49:53.846340+00:00,left_gripper,2014,2014,0,37,0,0
6.511,2026-08-05T05:49:53.846340+00:00,right_shoulder_pan,1790,1783,-7,37,1,1050
6.511,2026-08-05T05:49:53.846340+00:00,right_shoulder_lift,2072,2156,84,38,13,186
6.511,2026-08-05T05:49:53.846340+00:00,right_elbow_flex,2097,2137,40,37,4,94
6.511,2026-08-05T05:49:53.846340+00:00,right_wrist_flex,1976,1990,14,35,1,42
6.511,2026-08-05T05:49:53.846340+00:00,right_wrist_roll,2114,2111,-3,34,0,1044
6.511,2026-08-05T05:49:53.846340+00:00,right_gripper,2428,2442,14,38,1,42
6.561,2026-08-05T05:49:53.896438+00:00,left_shoulder_pan,1857,1851,-6,37,1,1060
6.561,2026-08-05T05:49:53.896438+00:00,left_shoulder_lift,2389,2406,17,36,4,80
6.561,2026-08-05T05:49:53.896438+00:00,left_elbow_flex,1629,1641,12,34,2,60
6.561,2026-08-05T05:49:53.896438+00:00,left_wrist_flex,2169,2173,4,34,0,28
6.561,2026-08-05T05:49:53.896438+00:00,left_wrist_roll,1989,1987,-2,34,0,1044
6.561,2026-08-05T05:49:53.896438+00:00,left_gripper,2014,2014,0,37,0,0
6.561,2026-08-05T05:49:53.896438+00:00,right_shoulder_pan,1793,1783,-10,37,1,1060
6.561,2026-08-05T05:49:53.896438+00:00,right_shoulder_lift,2075,2156,81,38,18,178
6.561,2026-08-05T05:49:53.896438+00:00,right_elbow_flex,2097,2137,40,37,5,94
6.561,2026-08-05T05:49:53.896438+00:00,right_wrist_flex,1976,1990,14,35,1,42
6.561,2026-08-05T05:49:53.896438+00:00,right_wrist_roll,2114,2111,-3,34,0,1044
6.561,2026-08-05T05:49:53.896438+00:00,right_gripper,2428,2442,14,38,1,42
6.611,2026-08-05T05:49:53.946674+00:00,left_shoulder_pan,1857,1851,-6,37,2,1060
6.611,2026-08-05T05:49:53.946674+00:00,left_shoulder_lift,2389,2406,17,37,5,80
6.611,2026-08-05T05:49:53.946674+00:00,left_elbow_flex,1629,1641,12,34,2,60
6.611,2026-08-05T05:49:53.946674+00:00,left_wrist_flex,2169,2173,4,34,0,28
6.611,2026-08-05T05:49:53.946674+00:00,left_wrist_roll,1989,1987,-2,34,0,1044
6.611,2026-08-05T05:49:53.946674+00:00,left_gripper,2014,2014,0,36,0,0
6.611,2026-08-05T05:49:53.946674+00:00,right_shoulder_pan,1797,1783,-14,37,0,1062
6.611,2026-08-05T05:49:53.946674+00:00,right_shoulder_lift,2077,2156,79,38,11,172
6.611,2026-08-05T05:49:53.946674+00:00,right_elbow_flex,2097,2137,40,37,5,94
6.611,2026-08-05T05:49:53.946674+00:00,right_wrist_flex,1976,1990,14,35,1,42
6.611,2026-08-05T05:49:53.946674+00:00,right_wrist_roll,2114,2111,-3,34,0,1044
6.611,2026-08-05T05:49:53.946674+00:00,right_gripper,2428,2442,14,38,2,42
6.661,2026-08-05T05:49:53.996484+00:00,left_shoulder_pan,1857,1851,-6,37,1,1060
6.661,2026-08-05T05:49:53.996484+00:00,left_shoulder_lift,2389,2406,17,37,4,80
6.661,2026-08-05T05:49:53.996484+00:00,left_elbow_flex,1629,1641,12,34,2,60
6.661,2026-08-05T05:49:53.996484+00:00,left_wrist_flex,2169,2173,4,34,0,28
6.661,2026-08-05T05:49:53.996484+00:00,left_wrist_roll,1989,1987,-2,34,0,1044
6.661,2026-08-05T05:49:53.996484+00:00,left_gripper,2014,2014,0,37,0,0
6.661,2026-08-05T05:49:53.996484+00:00,right_shoulder_pan,1800,1783,-17,37,1,1074
6.661,2026-08-05T05:49:53.996484+00:00,right_shoulder_lift,2079,2156,77,38,11,168
6.661,2026-08-05T05:49:53.996484+00:00,right_elbow_flex,2097,2137,40,37,5,94
6.661,2026-08-05T05:49:53.996484+00:00,right_wrist_flex,1976,1990,14,35,0,42
6.661,2026-08-05T05:49:53.996484+00:00,right_wrist_roll,2114,2111,-3,34,0,1044
6.661,2026-08-05T05:49:53.996484+00:00,right_gripper,2428,2442,14,38,2,42
6.711,2026-08-05T05:49:54.046671+00:00,left_shoulder_pan,1857,1851,-6,37,1,1060
6.711,2026-08-05T05:49:54.046671+00:00,left_shoulder_lift,2389,2406,17,37,5,80
6.711,2026-08-05T05:49:54.046671+00:00,left_elbow_flex,1629,1641,12,34,2,60
6.711,2026-08-05T05:49:54.046671+00:00,left_wrist_flex,2169,2173,4,34,0,28
6.711,2026-08-05T05:49:54.046671+00:00,left_wrist_roll,1989,1987,-2,34,0,1044
6.711,2026-08-05T05:49:54.046671+00:00,left_gripper,2014,2014,0,36,0,0
6.711,2026-08-05T05:49:54.046671+00:00,right_shoulder_pan,1804,1784,-20,37,1,1072
6.711,2026-08-05T05:49:54.046671+00:00,right_shoulder_lift,2081,2156,75,38,12,168
6.711,2026-08-05T05:49:54.046671+00:00,right_elbow_flex,2097,2137,40,37,4,94
6.711,2026-08-05T05:49:54.046671+00:00,right_wrist_flex,1976,1990,14,35,1,42
6.711,2026-08-05T05:49:54.046671+00:00,right_wrist_roll,2114,2111,-3,34,0,1044
6.711,2026-08-05T05:49:54.046671+00:00,right_gripper,2428,2442,14,38,2,42
6.761,2026-08-05T05:49:54.096707+00:00,left_shoulder_pan,1857,1851,-6,37,1,1060
6.761,2026-08-05T05:49:54.096707+00:00,left_shoulder_lift,2389,2406,17,37,4,80
6.761,2026-08-05T05:49:54.096707+00:00,left_elbow_flex,1629,1641,12,34,3,60
6.761,2026-08-05T05:49:54.096707+00:00,left_wrist_flex,2169,2173,4,34,0,28
6.761,2026-08-05T05:49:54.096707+00:00,left_wrist_roll,1989,1987,-2,34,1,1044
6.761,2026-08-05T05:49:54.096707+00:00,left_gripper,2014,2014,0,37,0,0
6.761,2026-08-05T05:49:54.096707+00:00,right_shoulder_pan,1809,1787,-22,37,2,1076
6.761,2026-08-05T05:49:54.096707+00:00,right_shoulder_lift,2083,2156,73,38,10,160
6.761,2026-08-05T05:49:54.096707+00:00,right_elbow_flex,2097,2137,40,37,4,94
6.761,2026-08-05T05:49:54.096707+00:00,right_wrist_flex,1976,1990,14,35,1,42
6.761,2026-08-05T05:49:54.096707+00:00,right_wrist_roll,2114,2111,-3,34,0,1044
6.761,2026-08-05T05:49:54.096707+00:00,right_gripper,2428,2442,14,38,1,42
6.811,2026-08-05T05:49:54.148027+00:00,left_shoulder_pan,1857,1851,-6,37,1,1060
6.811,2026-08-05T05:49:54.148027+00:00,left_shoulder_lift,2389,2406,17,37,4,80
6.811,2026-08-05T05:49:54.148027+00:00,left_elbow_flex,1629,1641,12,34,2,60
6.811,2026-08-05T05:49:54.148027+00:00,left_wrist_flex,2169,2173,4,34,0,28
6.811,2026-08-05T05:49:54.148027+00:00,left_wrist_roll,1989,1987,-2,34,1,1044
6.811,2026-08-05T05:49:54.148027+00:00,left_gripper,2014,2014,0,37,0,0
6.811,2026-08-05T05:49:54.148027+00:00,right_shoulder_pan,1813,1789,-24,37,1,1080
6.811,2026-08-05T05:49:54.148027+00:00,right_shoulder_lift,2085,2156,71,38,10,160
6.811,2026-08-05T05:49:54.148027+00:00,right_elbow_flex,2097,2137,40,37,5,94
6.811,2026-08-05T05:49:54.148027+00:00,right_wrist_flex,1976,1990,14,35,1,42
6.811,2026-08-05T05:49:54.148027+00:00,right_wrist_roll,2114,2111,-3,34,0,1044
6.811,2026-08-05T05:49:54.148027+00:00,right_gripper,2428,2442,14,38,2,42
6.862,2026-08-05T05:49:54.197090+00:00,left_shoulder_pan,1857,1851,-6,37,1,1060
6.862,2026-08-05T05:49:54.197090+00:00,left_shoulder_lift,2389,2406,17,37,4,80
6.862,2026-08-05T05:49:54.197090+00:00,left_elbow_flex,1629,1641,12,34,3,60
6.862,2026-08-05T05:49:54.197090+00:00,left_wrist_flex,2169,2173,4,34,0,28
6.862,2026-08-05T05:49:54.197090+00:00,left_wrist_roll,1989,1987,-2,34,0,1044
6.862,2026-08-05T05:49:54.197090+00:00,left_gripper,2014,2014,0,36,0,0
6.862,2026-08-05T05:49:54.197090+00:00,right_shoulder_pan,1818,1793,-25,37,1,1080
6.862,2026-08-05T05:49:54.197090+00:00,right_shoulder_lift,2087,2156,69,38,10,152
6.862,2026-08-05T05:49:54.197090+00:00,right_elbow_flex,2097,2137,40,37,4,94
6.862,2026-08-05T05:49:54.197090+00:00,right_wrist_flex,1976,1990,14,35,1,42
6.862,2026-08-05T05:49:54.197090+00:00,right_wrist_roll,2114,2111,-3,34,0,1044
6.862,2026-08-05T05:49:54.197090+00:00,right_gripper,2428,2442,14,38,1,42
6.912,2026-08-05T05:49:54.247153+00:00,left_shoulder_pan,1857,1851,-6,37,1,1060
6.912,2026-08-05T05:49:54.247153+00:00,left_shoulder_lift,2389,2406,17,37,4,80
6.912,2026-08-05T05:49:54.247153+00:00,left_elbow_flex,1629,1641,12,34,2,60
6.912,2026-08-05T05:49:54.247153+00:00,left_wrist_flex,2169,2173,4,34,1,28
6.912,2026-08-05T05:49:54.247153+00:00,left_wrist_roll,1989,1987,-2,34,1,1044
6.912,2026-08-05T05:49:54.247153+00:00,left_gripper,2014,2014,0,36,0,0
6.912,2026-08-05T05:49:54.247153+00:00,right_shoulder_pan,1823,1798,-25,37,1,1078
6.912,2026-08-05T05:49:54.247153+00:00,right_shoulder_lift,2088,2156,68,38,13,152
6.912,2026-08-05T05:49:54.247153+00:00,right_elbow_flex,2097,2137,40,37,4,94
6.912,2026-08-05T05:49:54.247153+00:00,right_wrist_flex,1976,1990,14,35,0,42
6.912,2026-08-05T05:49:54.247153+00:00,right_wrist_roll,2114,2111,-3,34,0,1044
6.912,2026-08-05T05:49:54.247153+00:00,right_gripper,2428,2442,14,38,2,42
6.962,2026-08-05T05:49:54.297220+00:00,left_shoulder_pan,1857,1851,-6,37,1,1060
6.962,2026-08-05T05:49:54.297220+00:00,left_shoulder_lift,2389,2406,17,37,5,80
6.962,2026-08-05T05:49:54.297220+00:00,left_elbow_flex,1629,1641,12,34,2,60
6.962,2026-08-05T05:49:54.297220+00:00,left_wrist_flex,2169,2173,4,34,1,28
6.962,2026-08-05T05:49:54.297220+00:00,left_wrist_roll,1989,1987,-2,34,0,1044
6.962,2026-08-05T05:49:54.297220+00:00,left_gripper,2014,2014,0,37,0,0
6.962,2026-08-05T05:49:54.297220+00:00,right_shoulder_pan,1828,1803,-25,37,1,1076
6.962,2026-08-05T05:49:54.297220+00:00,right_shoulder_lift,2090,2156,66,38,10,150
6.962,2026-08-05T05:49:54.297220+00:00,right_elbow_flex,2097,2137,40,37,4,94
6.962,2026-08-05T05:49:54.297220+00:00,right_wrist_flex,1976,1990,14,35,1,42
6.962,2026-08-05T05:49:54.297220+00:00,right_wrist_roll,2114,2111,-3,34,0,1044
6.962,2026-08-05T05:49:54.297220+00:00,right_gripper,2428,2442,14,38,1,42
7.012,2026-08-05T05:49:54.347269+00:00,left_shoulder_pan,1857,1851,-6,37,1,1060
7.012,2026-08-05T05:49:54.347269+00:00,left_shoulder_lift,2389,2406,17,37,4,80
7.012,2026-08-05T05:49:54.347269+00:00,left_elbow_flex,1629,1641,12,34,2,60
7.012,2026-08-05T05:49:54.347269+00:00,left_wrist_flex,2169,2173,4,34,0,28
7.012,2026-08-05T05:49:54.347269+00:00,left_wrist_roll,1989,1987,-2,34,0,1044
7.012,2026-08-05T05:49:54.347269+00:00,left_gripper,2014,2014,0,37,0,0
7.012,2026-08-05T05:49:54.347269+00:00,right_shoulder_pan,1834,1808,-26,37,1,1076
7.012,2026-08-05T05:49:54.347269+00:00,right_shoulder_lift,2092,2156,64,38,10,146
7.012,2026-08-05T05:49:54.347269+00:00,right_elbow_flex,2097,2137,40,38,4,94
7.012,2026-08-05T05:49:54.347269+00:00,right_wrist_flex,1976,1990,14,35,0,42
7.012,2026-08-05T05:49:54.347269+00:00,right_wrist_roll,2114,2111,-3,34,0,1044
7.012,2026-08-05T05:49:54.347269+00:00,right_gripper,2428,2442,14,38,2,42
7.062,2026-08-05T05:49:54.397866+00:00,left_shoulder_pan,1857,1851,-6,37,1,1060
7.062,2026-08-05T05:49:54.397866+00:00,left_shoulder_lift,2389,2406,17,37,4,80
7.062,2026-08-05T05:49:54.397866+00:00,left_elbow_flex,1629,1641,12,34,3,60
7.062,2026-08-05T05:49:54.397866+00:00,left_wrist_flex,2169,2173,4,34,0,28
7.062,2026-08-05T05:49:54.397866+00:00,left_wrist_roll,1989,1987,-2,34,1,1044
7.062,2026-08-05T05:49:54.397866+00:00,left_gripper,2014,2014,0,36,0,0
7.062,2026-08-05T05:49:54.397866+00:00,right_shoulder_pan,1840,1813,-27,37,1,1072
7.062,2026-08-05T05:49:54.397866+00:00,right_shoulder_lift,2093,2156,63,38,10,138
7.062,2026-08-05T05:49:54.397866+00:00,right_elbow_flex,2097,2137,40,37,4,94
7.062,2026-08-05T05:49:54.397866+00:00,right_wrist_flex,1976,1990,14,35,1,42
7.062,2026-08-05T05:49:54.397866+00:00,right_wrist_roll,2114,2111,-3,34,0,1044
7.062,2026-08-05T05:49:54.397866+00:00,right_gripper,2428,2442,14,38,2,42
7.112,2026-08-05T05:49:54.447460+00:00,left_shoulder_pan,1857,1851,-6,37,1,1060
7.112,2026-08-05T05:49:54.447460+00:00,left_shoulder_lift,2389,2406,17,37,4,80
7.112,2026-08-05T05:49:54.447460+00:00,left_elbow_flex,1629,1641,12,34,2,60
7.112,2026-08-05T05:49:54.447460+00:00,left_wrist_flex,2169,2173,4,34,0,28
7.112,2026-08-05T05:49:54.447460+00:00,left_wrist_roll,1989,1987,-2,34,1,1044
7.112,2026-08-05T05:49:54.447460+00:00,left_gripper,2014,2014,0,36,0,0
7.112,2026-08-05T05:49:54.447460+00:00,right_shoulder_pan,1846,1819,-27,37,2,1082
7.112,2026-08-05T05:49:54.447460+00:00,right_shoulder_lift,2095,2156,61,38,9,140
7.112,2026-08-05T05:49:54.447460+00:00,right_elbow_flex,2097,2137,40,37,4,94
7.112,2026-08-05T05:49:54.447460+00:00,right_wrist_flex,1976,1990,14,35,1,42
7.112,2026-08-05T05:49:54.447460+00:00,right_wrist_roll,2114,2111,-3,34,0,1044
7.112,2026-08-05T05:49:54.447460+00:00,right_gripper,2428,2442,14,38,1,42
7.162,2026-08-05T05:49:54.497496+00:00,left_shoulder_pan,1857,1851,-6,37,1,1060
7.162,2026-08-05T05:49:54.497496+00:00,left_shoulder_lift,2389,2406,17,37,4,80
7.162,2026-08-05T05:49:54.497496+00:00,left_elbow_flex,1629,1641,12,34,2,60
7.162,2026-08-05T05:49:54.497496+00:00,left_wrist_flex,2169,2173,4,34,0,28
7.162,2026-08-05T05:49:54.497496+00:00,left_wrist_roll,1989,1987,-2,34,0,1044
7.162,2026-08-05T05:49:54.497496+00:00,left_gripper,2014,2014,0,36,0,0
7.162,2026-08-05T05:49:54.497496+00:00,right_shoulder_pan,1852,1824,-28,37,1,1072
7.162,2026-08-05T05:49:54.497496+00:00,right_shoulder_lift,2096,2156,60,39,9,132
7.162,2026-08-05T05:49:54.497496+00:00,right_elbow_flex,2097,2137,40,38,4,94
7.162,2026-08-05T05:49:54.497496+00:00,right_wrist_flex,1976,1990,14,35,1,42
7.162,2026-08-05T05:49:54.497496+00:00,right_wrist_roll,2114,2111,-3,34,0,1044
7.162,2026-08-05T05:49:54.497496+00:00,right_gripper,2428,2442,14,38,2,42
7.212,2026-08-05T05:49:54.547673+00:00,left_shoulder_pan,1857,1851,-6,37,1,1060
7.212,2026-08-05T05:49:54.547673+00:00,left_shoulder_lift,2389,2406,17,37,4,80
7.212,2026-08-05T05:49:54.547673+00:00,left_elbow_flex,1629,1641,12,34,3,60
7.212,2026-08-05T05:49:54.547673+00:00,left_wrist_flex,2169,2173,4,34,0,28
7.212,2026-08-05T05:49:54.547673+00:00,left_wrist_roll,1989,1987,-2,34,0,1044
7.212,2026-08-05T05:49:54.547673+00:00,left_gripper,2014,2014,0,36,0,0
7.212,2026-08-05T05:49:54.547673+00:00,right_shoulder_pan,1858,1830,-28,37,1,1082
7.212,2026-08-05T05:49:54.547673+00:00,right_shoulder_lift,2098,2156,58,38,10,134
7.212,2026-08-05T05:49:54.547673+00:00,right_elbow_flex,2097,2137,40,38,4,94
7.212,2026-08-05T05:49:54.547673+00:00,right_wrist_flex,1976,1990,14,35,1,42
7.212,2026-08-05T05:49:54.547673+00:00,right_wrist_roll,2114,2111,-3,34,0,1044
7.212,2026-08-05T05:49:54.547673+00:00,right_gripper,2428,2442,14,38,2,42
7.262,2026-08-05T05:49:54.597423+00:00,left_shoulder_pan,1857,1851,-6,37,1,1060
7.262,2026-08-05T05:49:54.597423+00:00,left_shoulder_lift,2389,2406,17,37,4,80
7.262,2026-08-05T05:49:54.597423+00:00,left_elbow_flex,1629,1641,12,34,2,60
7.262,2026-08-05T05:49:54.597423+00:00,left_wrist_flex,2169,2173,4,34,1,28
7.262,2026-08-05T05:49:54.597423+00:00,left_wrist_roll,1989,1987,-2,34,1,1044
7.262,2026-08-05T05:49:54.597423+00:00,left_gripper,2014,2014,0,36,0,0
7.262,2026-08-05T05:49:54.597423+00:00,right_shoulder_pan,1864,1836,-28,37,1,1078
7.262,2026-08-05T05:49:54.597423+00:00,right_shoulder_lift,2099,2156,57,38,8,126
7.262,2026-08-05T05:49:54.597423+00:00,right_elbow_flex,2097,2137,40,38,4,94
7.262,2026-08-05T05:49:54.597423+00:00,right_wrist_flex,1976,1990,14,35,1,42
7.262,2026-08-05T05:49:54.597423+00:00,right_wrist_roll,2114,2111,-3,34,0,1044
7.262,2026-08-05T05:49:54.597423+00:00,right_gripper,2428,2442,14,38,2,42
7.312,2026-08-05T05:49:54.647471+00:00,left_shoulder_pan,1857,1851,-6,37,1,1060
7.312,2026-08-05T05:49:54.647471+00:00,left_shoulder_lift,2389,2406,17,37,4,80
7.312,2026-08-05T05:49:54.647471+00:00,left_elbow_flex,1629,1641,12,34,2,60
7.312,2026-08-05T05:49:54.647471+00:00,left_wrist_flex,2169,2173,4,34,0,28
7.312,2026-08-05T05:49:54.647471+00:00,left_wrist_roll,1989,1987,-2,34,0,1044
7.312,2026-08-05T05:49:54.647471+00:00,left_gripper,2014,2014,0,36,0,0
7.312,2026-08-05T05:49:54.647471+00:00,right_shoulder_pan,1871,1842,-29,37,1,1082
7.312,2026-08-05T05:49:54.647471+00:00,right_shoulder_lift,2100,2156,56,38,6,128
7.312,2026-08-05T05:49:54.647471+00:00,right_elbow_flex,2097,2137,40,37,4,94
7.312,2026-08-05T05:49:54.647471+00:00,right_wrist_flex,1976,1990,14,35,1,42
7.312,2026-08-05T05:49:54.647471+00:00,right_wrist_roll,2114,2111,-3,34,0,1044
7.312,2026-08-05T05:49:54.647471+00:00,right_gripper,2428,2442,14,38,2,42
7.362,2026-08-05T05:49:54.697786+00:00,left_shoulder_pan,1857,1851,-6,37,1,1060
7.362,2026-08-05T05:49:54.697786+00:00,left_shoulder_lift,2389,2406,17,37,5,80
7.362,2026-08-05T05:49:54.697786+00:00,left_elbow_flex,1629,1641,12,34,2,60
7.362,2026-08-05T05:49:54.697786+00:00,left_wrist_flex,2169,2173,4,34,1,28
7.362,2026-08-05T05:49:54.697786+00:00,left_wrist_roll,1989,1987,-2,34,0,1044
7.362,2026-08-05T05:49:54.697786+00:00,left_gripper,2014,2014,0,37,0,0
7.362,2026-08-05T05:49:54.697786+00:00,right_shoulder_pan,1878,1848,-30,37,1,1084
7.362,2026-08-05T05:49:54.697786+00:00,right_shoulder_lift,2102,2156,54,38,7,126
7.362,2026-08-05T05:49:54.697786+00:00,right_elbow_flex,2097,2137,40,37,5,94
7.362,2026-08-05T05:49:54.697786+00:00,right_wrist_flex,1976,1990,14,35,1,42
7.362,2026-08-05T05:49:54.697786+00:00,right_wrist_roll,2114,2111,-3,34,1,1044
7.362,2026-08-05T05:49:54.697786+00:00,right_gripper,2428,2442,14,38,1,42
7.412,2026-08-05T05:49:54.747695+00:00,left_shoulder_pan,1857,1851,-6,37,1,1060
7.412,2026-08-05T05:49:54.747695+00:00,left_shoulder_lift,2389,2406,17,36,4,80
7.412,2026-08-05T05:49:54.747695+00:00,left_elbow_flex,1629,1641,12,34,2,60
7.412,2026-08-05T05:49:54.747695+00:00,left_wrist_flex,2169,2173,4,34,0,28
7.412,2026-08-05T05:49:54.747695+00:00,left_wrist_roll,1989,1987,-2,34,0,1044
7.412,2026-08-05T05:49:54.747695+00:00,left_gripper,2014,2014,0,36,0,0
7.412,2026-08-05T05:49:54.747695+00:00,right_shoulder_pan,1885,1855,-30,37,2,1082
7.412,2026-08-05T05:49:54.747695+00:00,right_shoulder_lift,2103,2156,53,38,7,122
7.412,2026-08-05T05:49:54.747695+00:00,right_elbow_flex,2097,2137,40,37,5,94
7.412,2026-08-05T05:49:54.747695+00:00,right_wrist_flex,1976,1990,14,35,1,42
7.412,2026-08-05T05:49:54.747695+00:00,right_wrist_roll,2114,2111,-3,34,0,1044
7.412,2026-08-05T05:49:54.747695+00:00,right_gripper,2428,2442,14,38,2,42
7.462,2026-08-05T05:49:54.798029+00:00,left_shoulder_pan,1857,1851,-6,37,0,1060
7.462,2026-08-05T05:49:54.798029+00:00,left_shoulder_lift,2389,2406,17,37,5,80
7.462,2026-08-05T05:49:54.798029+00:00,left_elbow_flex,1629,1641,12,34,2,60
7.462,2026-08-05T05:49:54.798029+00:00,left_wrist_flex,2169,2173,4,34,0,28
7.462,2026-08-05T05:49:54.798029+00:00,left_wrist_roll,1989,1987,-2,34,1,1044
7.462,2026-08-05T05:49:54.798029+00:00,left_gripper,2014,2014,0,37,0,0
7.462,2026-08-05T05:49:54.798029+00:00,right_shoulder_pan,1892,1862,-30,36,1,1078
7.462,2026-08-05T05:49:54.798029+00:00,right_shoulder_lift,2104,2156,52,38,7,120
7.462,2026-08-05T05:49:54.798029+00:00,right_elbow_flex,2097,2137,40,37,4,94
7.462,2026-08-05T05:49:54.798029+00:00,right_wrist_flex,1976,1990,14,35,1,42
7.462,2026-08-05T05:49:54.798029+00:00,right_wrist_roll,2114,2111,-3,34,0,1044
7.462,2026-08-05T05:49:54.798029+00:00,right_gripper,2428,2442,14,38,2,42
7.513,2026-08-05T05:49:54.847844+00:00,left_shoulder_pan,1857,1851,-6,37,1,1060
7.513,2026-08-05T05:49:54.847844+00:00,left_shoulder_lift,2389,2406,17,37,4,80
7.513,2026-08-05T05:49:54.847844+00:00,left_elbow_flex,1629,1641,12,34,2,60
7.513,2026-08-05T05:49:54.847844+00:00,left_wrist_flex,2169,2173,4,34,1,28
7.513,2026-08-05T05:49:54.847844+00:00,left_wrist_roll,1989,1987,-2,34,1,1044
7.513,2026-08-05T05:49:54.847844+00:00,left_gripper,2014,2014,0,37,0,0
7.513,2026-08-05T05:49:54.847844+00:00,right_shoulder_pan,1899,1868,-31,37,0,1082
7.513,2026-08-05T05:49:54.847844+00:00,right_shoulder_lift,2105,2156,51,38,6,118
7.513,2026-08-05T05:49:54.847844+00:00,right_elbow_flex,2097,2137,40,37,4,94
7.513,2026-08-05T05:49:54.847844+00:00,right_wrist_flex,1976,1990,14,34,1,42
7.513,2026-08-05T05:49:54.847844+00:00,right_wrist_roll,2114,2111,-3,34,0,1044
7.513,2026-08-05T05:49:54.847844+00:00,right_gripper,2428,2442,14,38,2,42
7.563,2026-08-05T05:49:54.897842+00:00,left_shoulder_pan,1857,1851,-6,37,1,1060
7.563,2026-08-05T05:49:54.897842+00:00,left_shoulder_lift,2389,2406,17,37,4,80
7.563,2026-08-05T05:49:54.897842+00:00,left_elbow_flex,1629,1641,12,34,2,60
7.563,2026-08-05T05:49:54.897842+00:00,left_wrist_flex,2169,2173,4,34,1,28
7.563,2026-08-05T05:49:54.897842+00:00,left_wrist_roll,1989,1987,-2,34,1,1044
7.563,2026-08-05T05:49:54.897842+00:00,left_gripper,2014,2014,0,36,0,0
7.563,2026-08-05T05:49:54.897842+00:00,right_shoulder_pan,1907,1874,-33,37,1,1084
7.563,2026-08-05T05:49:54.897842+00:00,right_shoulder_lift,2105,2156,51,38,6,116
7.563,2026-08-05T05:49:54.897842+00:00,right_elbow_flex,2097,2137,40,37,5,94
7.563,2026-08-05T05:49:54.897842+00:00,right_wrist_flex,1976,1990,14,35,1,42
7.563,2026-08-05T05:49:54.897842+00:00,right_wrist_roll,2114,2111,-3,34,0,1044
7.563,2026-08-05T05:49:54.897842+00:00,right_gripper,2428,2442,14,38,1,42
7.613,2026-08-05T05:49:54.948139+00:00,left_shoulder_pan,1857,1851,-6,37,0,1060
7.613,2026-08-05T05:49:54.948139+00:00,left_shoulder_lift,2389,2406,17,37,4,80
7.613,2026-08-05T05:49:54.948139+00:00,left_elbow_flex,1629,1641,12,34,2,60
7.613,2026-08-05T05:49:54.948139+00:00,left_wrist_flex,2169,2173,4,34,0,28
7.613,2026-08-05T05:49:54.948139+00:00,left_wrist_roll,1989,1987,-2,34,0,1044
7.613,2026-08-05T05:49:54.948139+00:00,left_gripper,2014,2014,0,37,0,0
7.613,2026-08-05T05:49:54.948139+00:00,right_shoulder_pan,1914,1881,-33,37,1,1090
7.613,2026-08-05T05:49:54.948139+00:00,right_shoulder_lift,2106,2156,50,38,6,116
7.613,2026-08-05T05:49:54.948139+00:00,right_elbow_flex,2097,2137,40,38,4,94
7.613,2026-08-05T05:49:54.948139+00:00,right_wrist_flex,1976,1990,14,35,1,42
7.613,2026-08-05T05:49:54.948139+00:00,right_wrist_roll,2114,2111,-3,34,0,1044
7.613,2026-08-05T05:49:54.948139+00:00,right_gripper,2428,2442,14,38,1,42
7.663,2026-08-05T05:49:54.998014+00:00,left_shoulder_pan,1857,1851,-6,37,1,1060
7.663,2026-08-05T05:49:54.998014+00:00,left_shoulder_lift,2389,2406,17,37,4,80
7.663,2026-08-05T05:49:54.998014+00:00,left_elbow_flex,1629,1641,12,34,2,60
7.663,2026-08-05T05:49:54.998014+00:00,left_wrist_flex,2169,2173,4,35,0,28
7.663,2026-08-05T05:49:54.998014+00:00,left_wrist_roll,1989,1987,-2,34,0,1044
7.663,2026-08-05T05:49:54.998014+00:00,left_gripper,2014,2014,0,36,0,0
7.663,2026-08-05T05:49:54.998014+00:00,right_shoulder_pan,1922,1888,-34,37,1,1086
7.663,2026-08-05T05:49:54.998014+00:00,right_shoulder_lift,2107,2156,49,38,6,114
7.663,2026-08-05T05:49:54.998014+00:00,right_elbow_flex,2097,2137,40,38,4,94
7.663,2026-08-05T05:49:54.998014+00:00,right_wrist_flex,1976,1990,14,35,1,42
7.663,2026-08-05T05:49:54.998014+00:00,right_wrist_roll,2114,2111,-3,34,1,1044
7.663,2026-08-05T05:49:54.998014+00:00,right_gripper,2428,2442,14,38,2,42
7.713,2026-08-05T05:49:55.048109+00:00,left_shoulder_pan,1857,1851,-6,37,1,1060
7.713,2026-08-05T05:49:55.048109+00:00,left_shoulder_lift,2389,2406,17,37,5,80
7.713,2026-08-05T05:49:55.048109+00:00,left_elbow_flex,1629,1641,12,34,2,60
7.713,2026-08-05T05:49:55.048109+00:00,left_wrist_flex,2169,2173,4,34,1,28
7.713,2026-08-05T05:49:55.048109+00:00,left_wrist_roll,1989,1987,-2,34,0,1044
7.713,2026-08-05T05:49:55.048109+00:00,left_gripper,2014,2014,0,37,0,0
7.713,2026-08-05T05:49:55.048109+00:00,right_shoulder_pan,1929,1895,-34,36,2,1098
7.713,2026-08-05T05:49:55.048109+00:00,right_shoulder_lift,2107,2156,49,38,5,112
7.713,2026-08-05T05:49:55.048109+00:00,right_elbow_flex,2097,2137,40,37,4,94
7.713,2026-08-05T05:49:55.048109+00:00,right_wrist_flex,1976,1990,14,34,0,42
7.713,2026-08-05T05:49:55.048109+00:00,right_wrist_roll,2114,2111,-3,34,0,1044
7.713,2026-08-05T05:49:55.048109+00:00,right_gripper,2428,2442,14,38,1,42
7.763,2026-08-05T05:49:55.098915+00:00,left_shoulder_pan,1857,1851,-6,37,1,1060
7.763,2026-08-05T05:49:55.098915+00:00,left_shoulder_lift,2389,2406,17,37,5,80
7.763,2026-08-05T05:49:55.098915+00:00,left_elbow_flex,1629,1641,12,34,2,60
7.763,2026-08-05T05:49:55.098915+00:00,left_wrist_flex,2169,2173,4,34,1,28
7.763,2026-08-05T05:49:55.098915+00:00,left_wrist_roll,1989,1987,-2,34,0,1044
7.763,2026-08-05T05:49:55.098915+00:00,left_gripper,2014,2014,0,36,0,0
7.763,2026-08-05T05:49:55.098915+00:00,right_shoulder_pan,1937,1902,-35,37,2,1088
7.763,2026-08-05T05:49:55.098915+00:00,right_shoulder_lift,2108,2156,48,38,6,112
7.763,2026-08-05T05:49:55.098915+00:00,right_elbow_flex,2097,2137,40,37,4,94
7.763,2026-08-05T05:49:55.098915+00:00,right_wrist_flex,1976,1990,14,35,1,42
7.763,2026-08-05T05:49:55.098915+00:00,right_wrist_roll,2114,2111,-3,34,0,1044
7.763,2026-08-05T05:49:55.098915+00:00,right_gripper,2428,2442,14,38,2,42
7.813,2026-08-05T05:49:55.148455+00:00,left_shoulder_pan,1857,1851,-6,37,1,1060
7.813,2026-08-05T05:49:55.148455+00:00,left_shoulder_lift,2389,2406,17,37,4,80
7.813,2026-08-05T05:49:55.148455+00:00,left_elbow_flex,1629,1641,12,34,3,60
7.813,2026-08-05T05:49:55.148455+00:00,left_wrist_flex,2169,2173,4,34,0,28
7.813,2026-08-05T05:49:55.148455+00:00,left_wrist_roll,1989,1987,-2,34,1,1044
7.813,2026-08-05T05:49:55.148455+00:00,left_gripper,2014,2014,0,36,0,0
7.813,2026-08-05T05:49:55.148455+00:00,right_shoulder_pan,1945,1909,-36,37,2,1098
7.813,2026-08-05T05:49:55.148455+00:00,right_shoulder_lift,2108,2156,48,39,5,110
7.813,2026-08-05T05:49:55.148455+00:00,right_elbow_flex,2097,2137,40,37,4,94
7.813,2026-08-05T05:49:55.148455+00:00,right_wrist_flex,1976,1990,14,35,1,42
7.813,2026-08-05T05:49:55.148455+00:00,right_wrist_roll,2114,2111,-3,34,0,1044
7.813,2026-08-05T05:49:55.148455+00:00,right_gripper,2428,2442,14,38,2,42
7.863,2026-08-05T05:49:55.198665+00:00,left_shoulder_pan,1857,1851,-6,37,1,1060
7.863,2026-08-05T05:49:55.198665+00:00,left_shoulder_lift,2389,2406,17,37,4,80
7.863,2026-08-05T05:49:55.198665+00:00,left_elbow_flex,1629,1641,12,34,2,60
7.863,2026-08-05T05:49:55.198665+00:00,left_wrist_flex,2169,2173,4,34,0,28
7.863,2026-08-05T05:49:55.198665+00:00,left_wrist_roll,1989,1987,-2,34,0,1044
7.863,2026-08-05T05:49:55.198665+00:00,left_gripper,2014,2014,0,37,0,0
7.863,2026-08-05T05:49:55.198665+00:00,right_shoulder_pan,1953,1917,-36,37,1,1086
7.863,2026-08-05T05:49:55.198665+00:00,right_shoulder_lift,2109,2156,47,38,5,110
7.863,2026-08-05T05:49:55.198665+00:00,right_elbow_flex,2097,2137,40,37,4,94
7.863,2026-08-05T05:49:55.198665+00:00,right_wrist_flex,1976,1990,14,35,1,42
7.863,2026-08-05T05:49:55.198665+00:00,right_wrist_roll,2114,2111,-3,34,0,1044
7.863,2026-08-05T05:49:55.198665+00:00,right_gripper,2428,2442,14,38,2,42
7.913,2026-08-05T05:49:55.248686+00:00,left_shoulder_pan,1857,1851,-6,37,1,1060
7.913,2026-08-05T05:49:55.248686+00:00,left_shoulder_lift,2389,2406,17,37,4,80
7.913,2026-08-05T05:49:55.248686+00:00,left_elbow_flex,1629,1641,12,34,2,60
7.913,2026-08-05T05:49:55.248686+00:00,left_wrist_flex,2169,2173,4,34,1,28
7.913,2026-08-05T05:49:55.248686+00:00,left_wrist_roll,1989,1987,-2,34,0,1044
7.913,2026-08-05T05:49:55.248686+00:00,left_gripper,2014,2014,0,36,0,0
7.913,2026-08-05T05:49:55.248686+00:00,right_shoulder_pan,1960,1925,-35,37,2,1096
7.913,2026-08-05T05:49:55.248686+00:00,right_shoulder_lift,2109,2156,47,38,5,108
7.913,2026-08-05T05:49:55.248686+00:00,right_elbow_flex,2097,2137,40,38,5,94
7.913,2026-08-05T05:49:55.248686+00:00,right_wrist_flex,1976,1990,14,35,1,42
7.913,2026-08-05T05:49:55.248686+00:00,right_wrist_roll,2114,2111,-3,34,0,1044
7.913,2026-08-05T05:49:55.248686+00:00,right_gripper,2428,2442,14,38,2,42
7.963,2026-08-05T05:49:55.298712+00:00,left_shoulder_pan,1857,1851,-6,37,1,1060
7.963,2026-08-05T05:49:55.298712+00:00,left_shoulder_lift,2389,2406,17,37,4,80
7.963,2026-08-05T05:49:55.298712+00:00,left_elbow_flex,1629,1641,12,34,2,60
7.963,2026-08-05T05:49:55.298712+00:00,left_wrist_flex,2169,2173,4,34,1,28
7.963,2026-08-05T05:49:55.298712+00:00,left_wrist_roll,1989,1987,-2,34,0,1044
7.963,2026-08-05T05:49:55.298712+00:00,left_gripper,2014,2014,0,36,0,0
7.963,2026-08-05T05:49:55.298712+00:00,right_shoulder_pan,1968,1933,-35,37,1,1088
7.963,2026-08-05T05:49:55.298712+00:00,right_shoulder_lift,2109,2156,47,38,6,108
7.963,2026-08-05T05:49:55.298712+00:00,right_elbow_flex,2097,2137,40,38,4,94
7.963,2026-08-05T05:49:55.298712+00:00,right_wrist_flex,1976,1990,14,35,1,42
7.963,2026-08-05T05:49:55.298712+00:00,right_wrist_roll,2114,2111,-3,34,1,1044
7.963,2026-08-05T05:49:55.298712+00:00,right_gripper,2428,2442,14,38,1,42
8.013,2026-08-05T05:49:55.349171+00:00,left_shoulder_pan,1857,1851,-6,37,1,1060
8.013,2026-08-05T05:49:55.349171+00:00,left_shoulder_lift,2389,2406,17,37,4,80
8.013,2026-08-05T05:49:55.349171+00:00,left_elbow_flex,1629,1641,12,34,3,60
8.013,2026-08-05T05:49:55.349171+00:00,left_wrist_flex,2169,2173,4,34,0,28
8.013,2026-08-05T05:49:55.349171+00:00,left_wrist_roll,1989,1987,-2,34,1,1044
8.013,2026-08-05T05:49:55.349171+00:00,left_gripper,2014,2014,0,36,0,0
8.013,2026-08-05T05:49:55.349171+00:00,right_shoulder_pan,1976,1940,-36,37,2,1094
8.013,2026-08-05T05:49:55.349171+00:00,right_shoulder_lift,2109,2156,47,38,5,108
8.013,2026-08-05T05:49:55.349171+00:00,right_elbow_flex,2097,2137,40,38,4,94
8.013,2026-08-05T05:49:55.349171+00:00,right_wrist_flex,1976,1990,14,35,1,42
8.013,2026-08-05T05:49:55.349171+00:00,right_wrist_roll,2114,2111,-3,34,1,1044
8.013,2026-08-05T05:49:55.349171+00:00,right_gripper,2428,2442,14,38,2,42
8.063,2026-08-05T05:49:55.398861+00:00,left_shoulder_pan,1857,1851,-6,37,1,1060
8.063,2026-08-05T05:49:55.398861+00:00,left_shoulder_lift,2389,2406,17,37,4,80
8.063,2026-08-05T05:49:55.398861+00:00,left_elbow_flex,1629,1641,12,34,2,60
8.063,2026-08-05T05:49:55.398861+00:00,left_wrist_flex,2169,2173,4,34,0,28
8.063,2026-08-05T05:49:55.398861+00:00,left_wrist_roll,1989,1987,-2,34,1,1044
8.063,2026-08-05T05:49:55.398861+00:00,left_gripper,2014,2014,0,36,0,0
8.063,2026-08-05T05:49:55.398861+00:00,right_shoulder_pan,1984,1949,-35,37,1,1088
8.063,2026-08-05T05:49:55.398861+00:00,right_shoulder_lift,2109,2156,47,38,7,108
8.063,2026-08-05T05:49:55.398861+00:00,right_elbow_flex,2097,2137,40,37,4,94
8.063,2026-08-05T05:49:55.398861+00:00,right_wrist_flex,1976,1990,14,35,0,42
8.063,2026-08-05T05:49:55.398861+00:00,right_wrist_roll,2114,2111,-3,34,0,1044
8.063,2026-08-05T05:49:55.398861+00:00,right_gripper,2428,2442,14,38,2,42
8.113,2026-08-05T05:49:55.448686+00:00,left_shoulder_pan,1857,1851,-6,37,1,1060
8.113,2026-08-05T05:49:55.448686+00:00,left_shoulder_lift,2389,2406,17,37,4,80
8.113,2026-08-05T05:49:55.448686+00:00,left_elbow_flex,1629,1641,12,34,3,60
8.113,2026-08-05T05:49:55.448686+00:00,left_wrist_flex,2169,2173,4,34,0,28
8.113,2026-08-05T05:49:55.448686+00:00,left_wrist_roll,1989,1987,-2,34,0,1044
8.113,2026-08-05T05:49:55.448686+00:00,left_gripper,2014,2014,0,36,0,0
8.113,2026-08-05T05:49:55.448686+00:00,right_shoulder_pan,1992,1957,-35,40,1,1094
8.113,2026-08-05T05:49:55.448686+00:00,right_shoulder_lift,2109,2156,47,38,6,108
8.113,2026-08-05T05:49:55.448686+00:00,right_elbow_flex,2097,2137,40,37,6,94
8.113,2026-08-05T05:49:55.448686+00:00,right_wrist_flex,1976,1990,14,35,1,42
8.113,2026-08-05T05:49:55.448686+00:00,right_wrist_roll,2114,2111,-3,34,0,1044
8.113,2026-08-05T05:49:55.448686+00:00,right_gripper,2428,2442,14,38,2,42
8.163,2026-08-05T05:49:55.498726+00:00,left_shoulder_pan,1857,1851,-6,37,1,1060
8.163,2026-08-05T05:49:55.498726+00:00,left_shoulder_lift,2389,2406,17,37,5,80
8.163,2026-08-05T05:49:55.498726+00:00,left_elbow_flex,1629,1641,12,34,2,60
8.163,2026-08-05T05:49:55.498726+00:00,left_wrist_flex,2169,2173,4,35,0,28
8.163,2026-08-05T05:49:55.498726+00:00,left_wrist_roll,1989,1987,-2,34,0,1044
8.163,2026-08-05T05:49:55.498726+00:00,left_gripper,2014,2014,0,37,0,0
8.163,2026-08-05T05:49:55.498726+00:00,right_shoulder_pan,2000,1964,-36,37,1,1090
8.163,2026-08-05T05:49:55.498726+00:00,right_shoulder_lift,2109,2156,47,38,6,108
8.163,2026-08-05T05:49:55.498726+00:00,right_elbow_flex,2097,2137,40,37,4,94
8.163,2026-08-05T05:49:55.498726+00:00,right_wrist_flex,1976,1990,14,35,1,42
8.163,2026-08-05T05:49:55.498726+00:00,right_wrist_roll,2114,2111,-3,34,0,1044
8.163,2026-08-05T05:49:55.498726+00:00,right_gripper,2428,2442,14,38,1,42
8.214,2026-08-05T05:49:55.548856+00:00,left_shoulder_pan,1857,1851,-6,37,2,1060
8.214,2026-08-05T05:49:55.548856+00:00,left_shoulder_lift,2389,2406,17,37,4,80
8.214,2026-08-05T05:49:55.548856+00:00,left_elbow_flex,1629,1641,12,34,2,60
8.214,2026-08-05T05:49:55.548856+00:00,left_wrist_flex,2169,2173,4,34,0,28
8.214,2026-08-05T05:49:55.548856+00:00,left_wrist_roll,1989,1987,-2,34,0,1044
8.214,2026-08-05T05:49:55.548856+00:00,left_gripper,2014,2014,0,36,0,0
8.214,2026-08-05T05:49:55.548856+00:00,right_shoulder_pan,2007,1972,-35,37,1,1090
8.214,2026-08-05T05:49:55.548856+00:00,right_shoulder_lift,2108,2156,48,38,4,110
8.214,2026-08-05T05:49:55.548856+00:00,right_elbow_flex,2097,2137,40,37,4,94
8.214,2026-08-05T05:49:55.548856+00:00,right_wrist_flex,1976,1990,14,35,1,42
8.214,2026-08-05T05:49:55.548856+00:00,right_wrist_roll,2114,2111,-3,34,0,1044
8.214,2026-08-05T05:49:55.548856+00:00,right_gripper,2428,2442,14,38,1,42
8.264,2026-08-05T05:49:55.598887+00:00,left_shoulder_pan,1857,1851,-6,37,1,1060
8.264,2026-08-05T05:49:55.598887+00:00,left_shoulder_lift,2389,2406,17,37,4,80
8.264,2026-08-05T05:49:55.598887+00:00,left_elbow_flex,1629,1641,12,34,3,60
8.264,2026-08-05T05:49:55.598887+00:00,left_wrist_flex,2169,2173,4,34,1,28
8.264,2026-08-05T05:49:55.598887+00:00,left_wrist_roll,1989,1987,-2,33,0,1044
8.264,2026-08-05T05:49:55.598887+00:00,left_gripper,2014,2014,0,36,0,0
8.264,2026-08-05T05:49:55.598887+00:00,right_shoulder_pan,2015,1980,-35,37,1,1084
8.264,2026-08-05T05:49:55.598887+00:00,right_shoulder_lift,2108,2156,48,38,6,110
8.264,2026-08-05T05:49:55.598887+00:00,right_elbow_flex,2097,2137,40,37,5,94
8.264,2026-08-05T05:49:55.598887+00:00,right_wrist_flex,1976,1990,14,35,1,42
8.264,2026-08-05T05:49:55.598887+00:00,right_wrist_roll,2114,2111,-3,34,1,1044
8.264,2026-08-05T05:49:55.598887+00:00,right_gripper,2428,2442,14,38,1,42
8.314,2026-08-05T05:49:55.649031+00:00,left_shoulder_pan,1857,1851,-6,37,1,1060
8.314,2026-08-05T05:49:55.649031+00:00,left_shoulder_lift,2389,2406,17,37,5,80
8.314,2026-08-05T05:49:55.649031+00:00,left_elbow_flex,1629,1641,12,34,2,60
8.314,2026-08-05T05:49:55.649031+00:00,left_wrist_flex,2169,2173,4,34,0,28
8.314,2026-08-05T05:49:55.649031+00:00,left_wrist_roll,1989,1987,-2,33,1,1044
8.314,2026-08-05T05:49:55.649031+00:00,left_gripper,2014,2014,0,36,0,0
8.314,2026-08-05T05:49:55.649031+00:00,right_shoulder_pan,2023,1987,-36,37,1,1090
8.314,2026-08-05T05:49:55.649031+00:00,right_shoulder_lift,2107,2156,49,38,6,112
8.314,2026-08-05T05:49:55.649031+00:00,right_elbow_flex,2097,2137,40,37,5,94
8.314,2026-08-05T05:49:55.649031+00:00,right_wrist_flex,1976,1990,14,35,1,42
8.314,2026-08-05T05:49:55.649031+00:00,right_wrist_roll,2114,2111,-3,34,0,1044
8.314,2026-08-05T05:49:55.649031+00:00,right_gripper,2428,2442,14,38,2,42
8.364,2026-08-05T05:49:55.699263+00:00,left_shoulder_pan,1857,1851,-6,37,1,1060
8.364,2026-08-05T05:49:55.699263+00:00,left_shoulder_lift,2389,2406,17,37,4,80
8.364,2026-08-05T05:49:55.699263+00:00,left_elbow_flex,1629,1641,12,34,2,60
8.364,2026-08-05T05:49:55.699263+00:00,left_wrist_flex,2169,2173,4,34,0,28
8.364,2026-08-05T05:49:55.699263+00:00,left_wrist_roll,1989,1987,-2,34,0,1044
8.364,2026-08-05T05:49:55.699263+00:00,left_gripper,2014,2014,0,36,0,0
8.364,2026-08-05T05:49:55.699263+00:00,right_shoulder_pan,2030,1995,-35,37,1,1094
8.364,2026-08-05T05:49:55.699263+00:00,right_shoulder_lift,2107,2156,49,38,3,112
8.364,2026-08-05T05:49:55.699263+00:00,right_elbow_flex,2097,2137,40,37,5,94
8.364,2026-08-05T05:49:55.699263+00:00,right_wrist_flex,1976,1990,14,35,1,42
8.364,2026-08-05T05:49:55.699263+00:00,right_wrist_roll,2114,2111,-3,34,0,1044
8.364,2026-08-05T05:49:55.699263+00:00,right_gripper,2428,2442,14,37,1,42
8.414,2026-08-05T05:49:55.751599+00:00,left_shoulder_pan,1857,1851,-6,37,1,1060
8.414,2026-08-05T05:49:55.751599+00:00,left_shoulder_lift,2389,2406,17,37,4,80
8.414,2026-08-05T05:49:55.751599+00:00,left_elbow_flex,1629,1641,12,34,2,60
8.414,2026-08-05T05:49:55.751599+00:00,left_wrist_flex,2169,2173,4,34,0,28
8.414,2026-08-05T05:49:55.751599+00:00,left_wrist_roll,1989,1987,-2,34,0,1044
8.414,2026-08-05T05:49:55.751599+00:00,left_gripper,2014,2014,0,36,0,0
8.414,2026-08-05T05:49:55.751599+00:00,right_shoulder_pan,2038,2002,-36,37,1,1092
8.414,2026-08-05T05:49:55.751599+00:00,right_shoulder_lift,2106,2156,50,38,6,114
8.414,2026-08-05T05:49:55.751599+00:00,right_elbow_flex,2097,2137,40,37,4,94
8.414,2026-08-05T05:49:55.751599+00:00,right_wrist_flex,1976,1990,14,35,1,42
8.414,2026-08-05T05:49:55.751599+00:00,right_wrist_roll,2114,2111,-3,34,1,1044
8.414,2026-08-05T05:49:55.751599+00:00,right_gripper,2428,2442,14,38,1,42
8.464,2026-08-05T05:49:55.799177+00:00,left_shoulder_pan,1857,1851,-6,37,1,1060
8.464,2026-08-05T05:49:55.799177+00:00,left_shoulder_lift,2389,2406,17,37,4,80
8.464,2026-08-05T05:49:55.799177+00:00,left_elbow_flex,1629,1641,12,35,2,60
8.464,2026-08-05T05:49:55.799177+00:00,left_wrist_flex,2169,2173,4,34,0,28
8.464,2026-08-05T05:49:55.799177+00:00,left_wrist_roll,1989,1987,-2,34,0,1044
8.464,2026-08-05T05:49:55.799177+00:00,left_gripper,2014,2014,0,36,0,0
8.464,2026-08-05T05:49:55.799177+00:00,right_shoulder_pan,2045,2010,-35,37,1,1096
8.464,2026-08-05T05:49:55.799177+00:00,right_shoulder_lift,2105,2156,51,38,7,120
8.464,2026-08-05T05:49:55.799177+00:00,right_elbow_flex,2097,2137,40,37,5,94
8.464,2026-08-05T05:49:55.799177+00:00,right_wrist_flex,1976,1990,14,34,1,42
8.464,2026-08-05T05:49:55.799177+00:00,right_wrist_roll,2114,2111,-3,34,1,1044
8.464,2026-08-05T05:49:55.799177+00:00,right_gripper,2428,2442,14,38,1,42
8.514,2026-08-05T05:49:55.849774+00:00,left_shoulder_pan,1857,1851,-6,37,1,1060
8.514,2026-08-05T05:49:55.849774+00:00,left_shoulder_lift,2389,2406,17,37,5,80
8.514,2026-08-05T05:49:55.849774+00:00,left_elbow_flex,1629,1641,12,34,3,60
8.514,2026-08-05T05:49:55.849774+00:00,left_wrist_flex,2169,2173,4,34,0,28
8.514,2026-08-05T05:49:55.849774+00:00,left_wrist_roll,1989,1987,-2,34,0,1044
8.514,2026-08-05T05:49:55.849774+00:00,left_gripper,2014,2014,0,36,0,0
8.514,2026-08-05T05:49:55.849774+00:00,right_shoulder_pan,2053,2017,-36,37,2,1086
8.514,2026-08-05T05:49:55.849774+00:00,right_shoulder_lift,2104,2156,52,38,8,118
8.514,2026-08-05T05:49:55.849774+00:00,right_elbow_flex,2097,2137,40,37,5,94
8.514,2026-08-05T05:49:55.849774+00:00,right_wrist_flex,1976,1990,14,35,1,42
8.514,2026-08-05T05:49:55.849774+00:00,right_wrist_roll,2114,2111,-3,34,1,1044
8.514,2026-08-05T05:49:55.849774+00:00,right_gripper,2428,2442,14,38,1,42
8.564,2026-08-05T05:49:55.899314+00:00,left_shoulder_pan,1857,1851,-6,37,1,1060
8.564,2026-08-05T05:49:55.899314+00:00,left_shoulder_lift,2389,2406,17,37,4,80
8.564,2026-08-05T05:49:55.899314+00:00,left_elbow_flex,1629,1641,12,34,3,60
8.564,2026-08-05T05:49:55.899314+00:00,left_wrist_flex,2169,2173,4,34,0,28
8.564,2026-08-05T05:49:55.899314+00:00,left_wrist_roll,1989,1987,-2,34,0,1044
8.564,2026-08-05T05:49:55.899314+00:00,left_gripper,2014,2014,0,36,0,0
8.564,2026-08-05T05:49:55.899314+00:00,right_shoulder_pan,2060,2025,-35,37,1,1090
8.564,2026-08-05T05:49:55.899314+00:00,right_shoulder_lift,2103,2156,53,38,7,124
8.564,2026-08-05T05:49:55.899314+00:00,right_elbow_flex,2097,2137,40,37,5,94
8.564,2026-08-05T05:49:55.899314+00:00,right_wrist_flex,1976,1990,14,35,1,42
8.564,2026-08-05T05:49:55.899314+00:00,right_wrist_roll,2114,2111,-3,34,0,1044
8.564,2026-08-05T05:49:55.899314+00:00,right_gripper,2428,2442,14,38,1,42
8.614,2026-08-05T05:49:55.950020+00:00,left_shoulder_pan,1857,1851,-6,37,1,1060
8.614,2026-08-05T05:49:55.950020+00:00,left_shoulder_lift,2389,2406,17,37,5,80
8.614,2026-08-05T05:49:55.950020+00:00,left_elbow_flex,1629,1641,12,34,2,60
8.614,2026-08-05T05:49:55.950020+00:00,left_wrist_flex,2169,2173,4,34,0,28
8.614,2026-08-05T05:49:55.950020+00:00,left_wrist_roll,1989,1987,-2,34,0,1044
8.614,2026-08-05T05:49:55.950020+00:00,left_gripper,2014,2014,0,36,0,0
8.614,2026-08-05T05:49:55.950020+00:00,right_shoulder_pan,2067,2033,-34,37,2,1084
8.614,2026-08-05T05:49:55.950020+00:00,right_shoulder_lift,2102,2156,54,38,9,122
8.614,2026-08-05T05:49:55.950020+00:00,right_elbow_flex,2097,2137,40,37,5,94
8.614,2026-08-05T05:49:55.950020+00:00,right_wrist_flex,1976,1990,14,35,1,42
8.614,2026-08-05T05:49:55.950020+00:00,right_wrist_roll,2114,2111,-3,34,0,1044
8.614,2026-08-05T05:49:55.950020+00:00,right_gripper,2428,2442,14,38,2,42
8.664,2026-08-05T05:49:55.999477+00:00,left_shoulder_pan,1857,1851,-6,37,1,1060
8.664,2026-08-05T05:49:55.999477+00:00,left_shoulder_lift,2389,2406,17,37,5,80
8.664,2026-08-05T05:49:55.999477+00:00,left_elbow_flex,1629,1641,12,34,2,60
8.664,2026-08-05T05:49:55.999477+00:00,left_wrist_flex,2169,2173,4,34,0,28
8.664,2026-08-05T05:49:55.999477+00:00,left_wrist_roll,1989,1987,-2,34,0,1044
8.664,2026-08-05T05:49:55.999477+00:00,left_gripper,2014,2014,0,36,0,0
8.664,2026-08-05T05:49:55.999477+00:00,right_shoulder_pan,2074,2040,-34,37,2,1088
8.664,2026-08-05T05:49:55.999477+00:00,right_shoulder_lift,2101,2156,55,38,9,128
8.664,2026-08-05T05:49:55.999477+00:00,right_elbow_flex,2097,2137,40,37,4,94
8.664,2026-08-05T05:49:55.999477+00:00,right_wrist_flex,1976,1990,14,35,1,42
8.664,2026-08-05T05:49:55.999477+00:00,right_wrist_roll,2114,2111,-3,34,1,1044
8.664,2026-08-05T05:49:55.999477+00:00,right_gripper,2428,2442,14,38,2,42
8.714,2026-08-05T05:49:56.049565+00:00,left_shoulder_pan,1857,1851,-6,37,1,1060
8.714,2026-08-05T05:49:56.049565+00:00,left_shoulder_lift,2389,2406,17,37,4,80
8.714,2026-08-05T05:49:56.049565+00:00,left_elbow_flex,1629,1641,12,34,2,60
8.714,2026-08-05T05:49:56.049565+00:00,left_wrist_flex,2169,2173,4,34,0,28
8.714,2026-08-05T05:49:56.049565+00:00,left_wrist_roll,1989,1987,-2,34,0,1044
8.714,2026-08-05T05:49:56.049565+00:00,left_gripper,2014,2014,0,37,0,0
8.714,2026-08-05T05:49:56.049565+00:00,right_shoulder_pan,2080,2048,-32,37,1,1086
8.714,2026-08-05T05:49:56.049565+00:00,right_shoulder_lift,2100,2156,56,38,10,126
8.714,2026-08-05T05:49:56.049565+00:00,right_elbow_flex,2097,2137,40,38,4,94
8.714,2026-08-05T05:49:56.049565+00:00,right_wrist_flex,1976,1990,14,35,1,42
8.714,2026-08-05T05:49:56.049565+00:00,right_wrist_roll,2114,2111,-3,34,0,1044
8.714,2026-08-05T05:49:56.049565+00:00,right_gripper,2428,2442,14,38,2,42
8.764,2026-08-05T05:49:56.099889+00:00,left_shoulder_pan,1857,1851,-6,37,1,1060
8.764,2026-08-05T05:49:56.099889+00:00,left_shoulder_lift,2389,2406,17,37,4,80
8.764,2026-08-05T05:49:56.099889+00:00,left_elbow_flex,1629,1641,12,34,1,60
8.764,2026-08-05T05:49:56.099889+00:00,left_wrist_flex,2169,2173,4,34,0,28
8.764,2026-08-05T05:49:56.099889+00:00,left_wrist_roll,1989,1987,-2,34,0,1044
8.764,2026-08-05T05:49:56.099889+00:00,left_gripper,2014,2014,0,36,0,0
8.764,2026-08-05T05:49:56.099889+00:00,right_shoulder_pan,2087,2055,-32,37,1,1080
8.764,2026-08-05T05:49:56.099889+00:00,right_shoulder_lift,2099,2156,57,38,7,128
8.764,2026-08-05T05:49:56.099889+00:00,right_elbow_flex,2097,2137,40,37,5,94
8.764,2026-08-05T05:49:56.099889+00:00,right_wrist_flex,1976,1990,14,35,1,42
8.764,2026-08-05T05:49:56.099889+00:00,right_wrist_roll,2114,2111,-3,34,0,1044
8.764,2026-08-05T05:49:56.099889+00:00,right_gripper,2428,2442,14,38,1,42
8.814,2026-08-05T05:49:56.150115+00:00,left_shoulder_pan,1857,1851,-6,37,1,1060
8.814,2026-08-05T05:49:56.150115+00:00,left_shoulder_lift,2389,2406,17,37,4,80
8.814,2026-08-05T05:49:56.150115+00:00,left_elbow_flex,1629,1641,12,34,2,60
8.814,2026-08-05T05:49:56.150115+00:00,left_wrist_flex,2169,2173,4,34,0,28
8.814,2026-08-05T05:49:56.150115+00:00,left_wrist_roll,1989,1987,-2,34,0,1044
8.814,2026-08-05T05:49:56.150115+00:00,left_gripper,2014,2014,0,37,0,0
8.814,2026-08-05T05:49:56.150115+00:00,right_shoulder_pan,2093,2062,-31,37,1,1084
8.814,2026-08-05T05:49:56.150115+00:00,right_shoulder_lift,2097,2156,59,38,10,130
8.814,2026-08-05T05:49:56.150115+00:00,right_elbow_flex,2097,2137,40,38,4,94
8.814,2026-08-05T05:49:56.150115+00:00,right_wrist_flex,1976,1990,14,35,1,42
8.814,2026-08-05T05:49:56.150115+00:00,right_wrist_roll,2114,2111,-3,34,0,1044
8.814,2026-08-05T05:49:56.150115+00:00,right_gripper,2428,2442,14,38,1,42
8.864,2026-08-05T05:49:56.200499+00:00,left_shoulder_pan,1857,1851,-6,37,1,1060
8.864,2026-08-05T05:49:56.200499+00:00,left_shoulder_lift,2389,2406,17,37,5,80
8.864,2026-08-05T05:49:56.200499+00:00,left_elbow_flex,1629,1641,12,34,2,60
8.864,2026-08-05T05:49:56.200499+00:00,left_wrist_flex,2169,2173,4,34,1,28
8.864,2026-08-05T05:49:56.200499+00:00,left_wrist_roll,1989,1987,-2,34,0,1044
8.864,2026-08-05T05:49:56.200499+00:00,left_gripper,2014,2014,0,37,0,0
8.864,2026-08-05T05:49:56.200499+00:00,right_shoulder_pan,2100,2069,-31,37,2,1088
8.864,2026-08-05T05:49:56.200499+00:00,right_shoulder_lift,2096,2156,60,38,8,134
8.864,2026-08-05T05:49:56.200499+00:00,right_elbow_flex,2097,2137,40,38,4,94
8.864,2026-08-05T05:49:56.200499+00:00,right_wrist_flex,1976,1990,14,35,1,42
8.864,2026-08-05T05:49:56.200499+00:00,right_wrist_roll,2114,2111,-3,34,1,1044
8.864,2026-08-05T05:49:56.200499+00:00,right_gripper,2428,2442,14,38,2,42
8.915,2026-08-05T05:49:56.249864+00:00,left_shoulder_pan,1857,1851,-6,37,1,1060
8.915,2026-08-05T05:49:56.249864+00:00,left_shoulder_lift,2389,2406,17,37,4,80
8.915,2026-08-05T05:49:56.249864+00:00,left_elbow_flex,1629,1641,12,34,2,60
8.915,2026-08-05T05:49:56.249864+00:00,left_wrist_flex,2169,2173,4,34,0,28
8.915,2026-08-05T05:49:56.249864+00:00,left_wrist_roll,1989,1987,-2,34,0,1044
8.915,2026-08-05T05:49:56.249864+00:00,left_gripper,2014,2014,0,36,0,0
8.915,2026-08-05T05:49:56.249864+00:00,right_shoulder_pan,2106,2075,-31,37,2,1088
8.915,2026-08-05T05:49:56.249864+00:00,right_shoulder_lift,2094,2156,62,38,11,136
8.915,2026-08-05T05:49:56.249864+00:00,right_elbow_flex,2097,2137,40,37,4,94
8.915,2026-08-05T05:49:56.249864+00:00,right_wrist_flex,1976,1990,14,35,1,42
8.915,2026-08-05T05:49:56.249864+00:00,right_wrist_roll,2114,2111,-3,34,1,1044
8.915,2026-08-05T05:49:56.249864+00:00,right_gripper,2428,2442,14,38,2,42
8.965,2026-08-05T05:49:56.301873+00:00,left_shoulder_pan,1857,1851,-6,37,1,1060
8.965,2026-08-05T05:49:56.301873+00:00,left_shoulder_lift,2389,2406,17,37,4,80
8.965,2026-08-05T05:49:56.301873+00:00,left_elbow_flex,1629,1641,12,34,3,60
8.965,2026-08-05T05:49:56.301873+00:00,left_wrist_flex,2169,2173,4,34,1,28
8.965,2026-08-05T05:49:56.301873+00:00,left_wrist_roll,1989,1987,-2,34,1,1044
8.965,2026-08-05T05:49:56.301873+00:00,left_gripper,2014,2014,0,36,0,0
8.965,2026-08-05T05:49:56.301873+00:00,right_shoulder_pan,2111,2081,-30,37,2,1090
8.965,2026-08-05T05:49:56.301873+00:00,right_shoulder_lift,2093,2156,63,38,12,140
8.965,2026-08-05T05:49:56.301873+00:00,right_elbow_flex,2097,2137,40,38,4,94
8.965,2026-08-05T05:49:56.301873+00:00,right_wrist_flex,1976,1990,14,35,1,42
8.965,2026-08-05T05:49:56.301873+00:00,right_wrist_roll,2114,2111,-3,34,0,1044
8.965,2026-08-05T05:49:56.301873+00:00,right_gripper,2428,2442,14,38,2,42
9.015,2026-08-05T05:49:56.350245+00:00,left_shoulder_pan,1857,1851,-6,37,1,1060
9.015,2026-08-05T05:49:56.350245+00:00,left_shoulder_lift,2389,2406,17,37,4,80
9.015,2026-08-05T05:49:56.350245+00:00,left_elbow_flex,1629,1641,12,34,2,60
9.015,2026-08-05T05:49:56.350245+00:00,left_wrist_flex,2169,2173,4,34,0,28
9.015,2026-08-05T05:49:56.350245+00:00,left_wrist_roll,1989,1987,-2,34,0,1044
9.015,2026-08-05T05:49:56.350245+00:00,left_gripper,2014,2014,0,36,0,0
9.015,2026-08-05T05:49:56.350245+00:00,right_shoulder_pan,2117,2088,-29,37,1,1076
9.015,2026-08-05T05:49:56.350245+00:00,right_shoulder_lift,2091,2156,65,38,9,142
9.015,2026-08-05T05:49:56.350245+00:00,right_elbow_flex,2097,2137,40,37,4,94
9.015,2026-08-05T05:49:56.350245+00:00,right_wrist_flex,1976,1990,14,35,1,42
9.015,2026-08-05T05:49:56.350245+00:00,right_wrist_roll,2114,2111,-3,34,1,1044
9.015,2026-08-05T05:49:56.350245+00:00,right_gripper,2428,2442,14,38,2,42
9.065,2026-08-05T05:49:56.400334+00:00,left_shoulder_pan,1857,1851,-6,37,2,1060
9.065,2026-08-05T05:49:56.400334+00:00,left_shoulder_lift,2389,2406,17,37,4,80
9.065,2026-08-05T05:49:56.400334+00:00,left_elbow_flex,1629,1641,12,34,2,60
9.065,2026-08-05T05:49:56.400334+00:00,left_wrist_flex,2169,2173,4,34,1,28
9.065,2026-08-05T05:49:56.400334+00:00,left_wrist_roll,1989,1987,-2,34,1,1044
9.065,2026-08-05T05:49:56.400334+00:00,left_gripper,2014,2014,0,37,0,0
9.065,2026-08-05T05:49:56.400334+00:00,right_shoulder_pan,2122,2094,-28,37,1,1086
9.065,2026-08-05T05:49:56.400334+00:00,right_shoulder_lift,2089,2156,67,38,10,146
9.065,2026-08-05T05:49:56.400334+00:00,right_elbow_flex,2097,2137,40,37,5,94
9.065,2026-08-05T05:49:56.400334+00:00,right_wrist_flex,1976,1990,14,35,1,42
9.065,2026-08-05T05:49:56.400334+00:00,right_wrist_roll,2114,2111,-3,34,0,1044
9.065,2026-08-05T05:49:56.400334+00:00,right_gripper,2428,2442,14,38,2,42
9.115,2026-08-05T05:49:56.450429+00:00,left_shoulder_pan,1857,1851,-6,37,1,1060
9.115,2026-08-05T05:49:56.450429+00:00,left_shoulder_lift,2389,2406,17,37,5,80
9.115,2026-08-05T05:49:56.450429+00:00,left_elbow_flex,1629,1641,12,34,2,60
9.115,2026-08-05T05:49:56.450429+00:00,left_wrist_flex,2169,2173,4,34,1,28
9.115,2026-08-05T05:49:56.450429+00:00,left_wrist_roll,1989,1987,-2,34,0,1044
9.115,2026-08-05T05:49:56.450429+00:00,left_gripper,2014,2014,0,36,0,0
9.115,2026-08-05T05:49:56.450429+00:00,right_shoulder_pan,2128,2100,-28,37,1,1074
9.115,2026-08-05T05:49:56.450429+00:00,right_shoulder_lift,2087,2156,69,38,11,150
9.115,2026-08-05T05:49:56.450429+00:00,right_elbow_flex,2097,2137,40,38,5,94
9.115,2026-08-05T05:49:56.450429+00:00,right_wrist_flex,1976,1990,14,35,1,42
9.115,2026-08-05T05:49:56.450429+00:00,right_wrist_roll,2114,2111,-3,34,0,1044
9.115,2026-08-05T05:49:56.450429+00:00,right_gripper,2428,2442,14,38,2,42
9.165,2026-08-05T05:49:56.500440+00:00,left_shoulder_pan,1857,1851,-6,37,1,1060
9.165,2026-08-05T05:49:56.500440+00:00,left_shoulder_lift,2389,2406,17,37,4,80
9.165,2026-08-05T05:49:56.500440+00:00,left_elbow_flex,1629,1641,12,34,2,60
9.165,2026-08-05T05:49:56.500440+00:00,left_wrist_flex,2169,2173,4,34,1,28
9.165,2026-08-05T05:49:56.500440+00:00,left_wrist_roll,1989,1987,-2,34,0,1044
9.165,2026-08-05T05:49:56.500440+00:00,left_gripper,2014,2014,0,36,0,0
9.165,2026-08-05T05:49:56.500440+00:00,right_shoulder_pan,2133,2105,-28,37,1,1084
9.165,2026-08-05T05:49:56.500440+00:00,right_shoulder_lift,2086,2156,70,38,14,154
9.165,2026-08-05T05:49:56.500440+00:00,right_elbow_flex,2097,2137,40,38,4,94
9.165,2026-08-05T05:49:56.500440+00:00,right_wrist_flex,1976,1990,14,34,1,42
9.165,2026-08-05T05:49:56.500440+00:00,right_wrist_roll,2114,2111,-3,34,0,1044
9.165,2026-08-05T05:49:56.500440+00:00,right_gripper,2428,2442,14,38,1,42
9.215,2026-08-05T05:49:56.551152+00:00,left_shoulder_pan,1857,1851,-6,37,0,1060
9.215,2026-08-05T05:49:56.551152+00:00,left_shoulder_lift,2389,2406,17,37,4,80
9.215,2026-08-05T05:49:56.551152+00:00,left_elbow_flex,1629,1641,12,34,2,60
9.215,2026-08-05T05:49:56.551152+00:00,left_wrist_flex,2169,2173,4,34,0,28
9.215,2026-08-05T05:49:56.551152+00:00,left_wrist_roll,1989,1987,-2,34,0,1044
9.215,2026-08-05T05:49:56.551152+00:00,left_gripper,2014,2014,0,36,0,0
9.215,2026-08-05T05:49:56.551152+00:00,right_shoulder_pan,2137,2111,-26,37,1,1080
9.215,2026-08-05T05:49:56.551152+00:00,right_shoulder_lift,2084,2156,72,38,11,156
9.215,2026-08-05T05:49:56.551152+00:00,right_elbow_flex,2097,2137,40,37,4,94
9.215,2026-08-05T05:49:56.551152+00:00,right_wrist_flex,1976,1990,14,35,1,42
9.215,2026-08-05T05:49:56.551152+00:00,right_wrist_roll,2114,2111,-3,34,1,1044
9.215,2026-08-05T05:49:56.551152+00:00,right_gripper,2428,2442,14,38,2,42
9.265,2026-08-05T05:49:56.600679+00:00,left_shoulder_pan,1857,1851,-6,37,1,1060
9.265,2026-08-05T05:49:56.600679+00:00,left_shoulder_lift,2389,2406,17,37,4,80
9.265,2026-08-05T05:49:56.600679+00:00,left_elbow_flex,1629,1641,12,34,2,60
9.265,2026-08-05T05:49:56.600679+00:00,left_wrist_flex,2169,2173,4,34,0,28
9.265,2026-08-05T05:49:56.600679+00:00,left_wrist_roll,1989,1987,-2,34,0,1044
9.265,2026-08-05T05:49:56.600679+00:00,left_gripper,2014,2014,0,36,0,0
9.265,2026-08-05T05:49:56.600679+00:00,right_shoulder_pan,2142,2117,-25,37,1,1078
9.265,2026-08-05T05:49:56.600679+00:00,right_shoulder_lift,2082,2156,74,38,15,160
9.265,2026-08-05T05:49:56.600679+00:00,right_elbow_flex,2097,2137,40,37,5,94
9.265,2026-08-05T05:49:56.600679+00:00,right_wrist_flex,1976,1990,14,35,0,42
9.265,2026-08-05T05:49:56.600679+00:00,right_wrist_roll,2114,2111,-3,33,0,1044
9.265,2026-08-05T05:49:56.600679+00:00,right_gripper,2428,2442,14,38,1,42
9.315,2026-08-05T05:49:56.650689+00:00,left_shoulder_pan,1857,1851,-6,37,1,1060
9.315,2026-08-05T05:49:56.650689+00:00,left_shoulder_lift,2389,2406,17,37,4,80
9.315,2026-08-05T05:49:56.650689+00:00,left_elbow_flex,1629,1641,12,34,2,60
9.315,2026-08-05T05:49:56.650689+00:00,left_wrist_flex,2169,2173,4,34,0,28
9.315,2026-08-05T05:49:56.650689+00:00,left_wrist_roll,1989,1987,-2,34,0,1044
9.315,2026-08-05T05:49:56.650689+00:00,left_gripper,2014,2014,0,36,0,0
9.315,2026-08-05T05:49:56.650689+00:00,right_shoulder_pan,2146,2122,-24,37,2,1078
9.315,2026-08-05T05:49:56.650689+00:00,right_shoulder_lift,2080,2156,76,38,12,164
9.315,2026-08-05T05:49:56.650689+00:00,right_elbow_flex,2097,2137,40,38,5,94
9.315,2026-08-05T05:49:56.650689+00:00,right_wrist_flex,1976,1990,14,35,1,42
9.315,2026-08-05T05:49:56.650689+00:00,right_wrist_roll,2114,2111,-3,34,0,1044
9.315,2026-08-05T05:49:56.650689+00:00,right_gripper,2428,2442,14,38,2,42
9.365,2026-08-05T05:49:56.700759+00:00,left_shoulder_pan,1857,1851,-6,37,1,1060
9.365,2026-08-05T05:49:56.700759+00:00,left_shoulder_lift,2389,2406,17,37,5,80
9.365,2026-08-05T05:49:56.700759+00:00,left_elbow_flex,1629,1641,12,34,2,60
9.365,2026-08-05T05:49:56.700759+00:00,left_wrist_flex,2169,2173,4,34,0,28
9.365,2026-08-05T05:49:56.700759+00:00,left_wrist_roll,1989,1987,-2,34,0,1044
9.365,2026-08-05T05:49:56.700759+00:00,left_gripper,2014,2014,0,36,0,0
9.365,2026-08-05T05:49:56.700759+00:00,right_shoulder_pan,2150,2127,-23,37,1,1076
9.365,2026-08-05T05:49:56.700759+00:00,right_shoulder_lift,2078,2156,78,38,12,168
9.365,2026-08-05T05:49:56.700759+00:00,right_elbow_flex,2097,2137,40,38,5,94
9.365,2026-08-05T05:49:56.700759+00:00,right_wrist_flex,1976,1990,14,35,1,42
9.365,2026-08-05T05:49:56.700759+00:00,right_wrist_roll,2114,2111,-3,34,1,1044
9.365,2026-08-05T05:49:56.700759+00:00,right_gripper,2428,2442,14,38,1,42
9.415,2026-08-05T05:49:56.750857+00:00,left_shoulder_pan,1857,1851,-6,37,1,1060
9.415,2026-08-05T05:49:56.750857+00:00,left_shoulder_lift,2389,2406,17,37,4,80
9.415,2026-08-05T05:49:56.750857+00:00,left_elbow_flex,1629,1641,12,34,2,60
9.415,2026-08-05T05:49:56.750857+00:00,left_wrist_flex,2169,2173,4,34,0,28
9.415,2026-08-05T05:49:56.750857+00:00,left_wrist_roll,1989,1987,-2,34,0,1044
9.415,2026-08-05T05:49:56.750857+00:00,left_gripper,2014,2014,0,36,0,0
9.415,2026-08-05T05:49:56.750857+00:00,right_shoulder_pan,2153,2131,-22,37,1,1074
9.415,2026-08-05T05:49:56.750857+00:00,right_shoulder_lift,2076,2156,80,38,19,172
9.415,2026-08-05T05:49:56.750857+00:00,right_elbow_flex,2097,2137,40,37,4,94
9.415,2026-08-05T05:49:56.750857+00:00,right_wrist_flex,1976,1990,14,35,1,42
9.415,2026-08-05T05:49:56.750857+00:00,right_wrist_roll,2114,2111,-3,34,0,1044
9.415,2026-08-05T05:49:56.750857+00:00,right_gripper,2428,2442,14,38,2,42
9.465,2026-08-05T05:49:56.800856+00:00,left_shoulder_pan,1857,1851,-6,37,1,1060
9.465,2026-08-05T05:49:56.800856+00:00,left_shoulder_lift,2389,2406,17,37,4,80
9.465,2026-08-05T05:49:56.800856+00:00,left_elbow_flex,1629,1641,12,34,2,60
9.465,2026-08-05T05:49:56.800856+00:00,left_wrist_flex,2169,2173,4,34,0,28
9.465,2026-08-05T05:49:56.800856+00:00,left_wrist_roll,1989,1987,-2,34,0,1044
9.465,2026-08-05T05:49:56.800856+00:00,left_gripper,2014,2014,0,36,0,0
9.465,2026-08-05T05:49:56.800856+00:00,right_shoulder_pan,2157,2136,-21,37,1,1068
9.465,2026-08-05T05:49:56.800856+00:00,right_shoulder_lift,2073,2156,83,38,13,176
9.465,2026-08-05T05:49:56.800856+00:00,right_elbow_flex,2097,2137,40,37,5,94
9.465,2026-08-05T05:49:56.800856+00:00,right_wrist_flex,1976,1990,14,35,1,42
9.465,2026-08-05T05:49:56.800856+00:00,right_wrist_roll,2114,2111,-3,34,0,1044
9.465,2026-08-05T05:49:56.800856+00:00,right_gripper,2428,2442,14,38,2,42
9.515,2026-08-05T05:49:56.851037+00:00,left_shoulder_pan,1857,1851,-6,37,1,1060
9.515,2026-08-05T05:49:56.851037+00:00,left_shoulder_lift,2389,2406,17,37,4,80
9.515,2026-08-05T05:49:56.851037+00:00,left_elbow_flex,1629,1641,12,34,2,60
9.515,2026-08-05T05:49:56.851037+00:00,left_wrist_flex,2169,2173,4,34,0,28
9.515,2026-08-05T05:49:56.851037+00:00,left_wrist_roll,1989,1987,-2,34,1,1044
9.515,2026-08-05T05:49:56.851037+00:00,left_gripper,2014,2014,0,36,0,0
9.515,2026-08-05T05:49:56.851037+00:00,right_shoulder_pan,2160,2139,-21,37,2,1072
9.515,2026-08-05T05:49:56.851037+00:00,right_shoulder_lift,2071,2156,85,38,16,186
9.515,2026-08-05T05:49:56.851037+00:00,right_elbow_flex,2097,2137,40,37,4,94
9.515,2026-08-05T05:49:56.851037+00:00,right_wrist_flex,1976,1990,14,35,0,42
9.515,2026-08-05T05:49:56.851037+00:00,right_wrist_roll,2114,2111,-3,34,0,1044
9.515,2026-08-05T05:49:56.851037+00:00,right_gripper,2428,2442,14,38,2,42
9.566,2026-08-05T05:49:56.900853+00:00,left_shoulder_pan,1857,1851,-6,37,1,1060
9.566,2026-08-05T05:49:56.900853+00:00,left_shoulder_lift,2389,2406,17,37,4,80
9.566,2026-08-05T05:49:56.900853+00:00,left_elbow_flex,1629,1641,12,34,2,60
9.566,2026-08-05T05:49:56.900853+00:00,left_wrist_flex,2169,2173,4,34,0,28
9.566,2026-08-05T05:49:56.900853+00:00,left_wrist_roll,1989,1987,-2,34,0,1044
9.566,2026-08-05T05:49:56.900853+00:00,left_gripper,2014,2014,0,36,0,0
9.566,2026-08-05T05:49:56.900853+00:00,right_shoulder_pan,2162,2143,-19,37,1,1066
9.566,2026-08-05T05:49:56.900853+00:00,right_shoulder_lift,2069,2156,87,38,20,186
9.566,2026-08-05T05:49:56.900853+00:00,right_elbow_flex,2097,2137,40,37,4,94
9.566,2026-08-05T05:49:56.900853+00:00,right_wrist_flex,1976,1990,14,35,1,42
9.566,2026-08-05T05:49:56.900853+00:00,right_wrist_roll,2114,2111,-3,34,0,1044
9.566,2026-08-05T05:49:56.900853+00:00,right_gripper,2428,2442,14,38,2,42
9.616,2026-08-05T05:49:56.950895+00:00,left_shoulder_pan,1857,1851,-6,37,1,1060
9.616,2026-08-05T05:49:56.950895+00:00,left_shoulder_lift,2389,2406,17,37,4,80
9.616,2026-08-05T05:49:56.950895+00:00,left_elbow_flex,1629,1641,12,34,2,60
9.616,2026-08-05T05:49:56.950895+00:00,left_wrist_flex,2169,2173,4,34,0,28
9.616,2026-08-05T05:49:56.950895+00:00,left_wrist_roll,1989,1987,-2,34,1,1044
9.616,2026-08-05T05:49:56.950895+00:00,left_gripper,2014,2014,0,36,0,0
9.616,2026-08-05T05:49:56.950895+00:00,right_shoulder_pan,2165,2147,-18,37,1,1068
9.616,2026-08-05T05:49:56.950895+00:00,right_shoulder_lift,2067,2156,89,38,21,194
9.616,2026-08-05T05:49:56.950895+00:00,right_elbow_flex,2097,2137,40,37,4,94
9.616,2026-08-05T05:49:56.950895+00:00,right_wrist_flex,1976,1990,14,34,1,42
9.616,2026-08-05T05:49:56.950895+00:00,right_wrist_roll,2114,2111,-3,34,0,1044
9.616,2026-08-05T05:49:56.950895+00:00,right_gripper,2428,2442,14,38,2,42
9.666,2026-08-05T05:49:57.001716+00:00,left_shoulder_pan,1857,1851,-6,37,2,1060
9.666,2026-08-05T05:49:57.001716+00:00,left_shoulder_lift,2389,2406,17,37,5,80
9.666,2026-08-05T05:49:57.001716+00:00,left_elbow_flex,1629,1641,12,34,3,60
9.666,2026-08-05T05:49:57.001716+00:00,left_wrist_flex,2169,2173,4,34,1,28
9.666,2026-08-05T05:49:57.001716+00:00,left_wrist_roll,1989,1987,-2,34,0,1044
9.666,2026-08-05T05:49:57.001716+00:00,left_gripper,2014,2014,0,37,0,0
9.666,2026-08-05T05:49:57.001716+00:00,right_shoulder_pan,2167,2150,-17,37,1,1064
9.666,2026-08-05T05:49:57.001716+00:00,right_shoulder_lift,2065,2156,91,38,18,194
9.666,2026-08-05T05:49:57.001716+00:00,right_elbow_flex,2097,2137,40,37,5,94
9.666,2026-08-05T05:49:57.001716+00:00,right_wrist_flex,1976,1990,14,35,1,42
9.666,2026-08-05T05:49:57.001716+00:00,right_wrist_roll,2114,2111,-3,34,0,1044
9.666,2026-08-05T05:49:57.001716+00:00,right_gripper,2428,2442,14,38,2,42
9.716,2026-08-05T05:49:57.051036+00:00,left_shoulder_pan,1857,1851,-6,37,1,1060
9.716,2026-08-05T05:49:57.051036+00:00,left_shoulder_lift,2389,2406,17,37,4,80
9.716,2026-08-05T05:49:57.051036+00:00,left_elbow_flex,1629,1641,12,34,2,60
9.716,2026-08-05T05:49:57.051036+00:00,left_wrist_flex,2169,2173,4,34,1,28
9.716,2026-08-05T05:49:57.051036+00:00,left_wrist_roll,1989,1987,-2,34,0,1044
9.716,2026-08-05T05:49:57.051036+00:00,left_gripper,2014,2014,0,36,0,0
9.716,2026-08-05T05:49:57.051036+00:00,right_shoulder_pan,2169,2152,-17,37,2,1068
9.716,2026-08-05T05:49:57.051036+00:00,right_shoulder_lift,2062,2156,94,38,21,202
9.716,2026-08-05T05:49:57.051036+00:00,right_elbow_flex,2097,2137,40,37,5,94
9.716,2026-08-05T05:49:57.051036+00:00,right_wrist_flex,1976,1990,14,35,1,42
9.716,2026-08-05T05:49:57.051036+00:00,right_wrist_roll,2114,2111,-3,34,0,1044
9.716,2026-08-05T05:49:57.051036+00:00,right_gripper,2428,2442,14,37,2,42
9.766,2026-08-05T05:49:57.101108+00:00,left_shoulder_pan,1857,1851,-6,37,1,1060
9.766,2026-08-05T05:49:57.101108+00:00,left_shoulder_lift,2389,2406,17,37,4,80
9.766,2026-08-05T05:49:57.101108+00:00,left_elbow_flex,1629,1641,12,34,2,60
9.766,2026-08-05T05:49:57.101108+00:00,left_wrist_flex,2169,2173,4,34,0,28
9.766,2026-08-05T05:49:57.101108+00:00,left_wrist_roll,1989,1987,-2,34,0,1044
9.766,2026-08-05T05:49:57.101108+00:00,left_gripper,2014,2014,0,36,0,0
9.766,2026-08-05T05:49:57.101108+00:00,right_shoulder_pan,2171,2154,-17,37,0,1058
9.766,2026-08-05T05:49:57.101108+00:00,right_shoulder_lift,2060,2156,96,38,22,204
9.766,2026-08-05T05:49:57.101108+00:00,right_elbow_flex,2097,2137,40,37,4,94
9.766,2026-08-05T05:49:57.101108+00:00,right_wrist_flex,1976,1990,14,35,1,42
9.766,2026-08-05T05:49:57.101108+00:00,right_wrist_roll,2114,2111,-3,34,0,1044
9.766,2026-08-05T05:49:57.101108+00:00,right_gripper,2428,2442,14,38,2,42
9.816,2026-08-05T05:49:57.151145+00:00,left_shoulder_pan,1857,1851,-6,37,1,1060
9.816,2026-08-05T05:49:57.151145+00:00,left_shoulder_lift,2389,2406,17,37,5,80
9.816,2026-08-05T05:49:57.151145+00:00,left_elbow_flex,1629,1641,12,34,2,60
9.816,2026-08-05T05:49:57.151145+00:00,left_wrist_flex,2169,2173,4,34,1,28
9.816,2026-08-05T05:49:57.151145+00:00,left_wrist_roll,1989,1987,-2,33,1,1044
9.816,2026-08-05T05:49:57.151145+00:00,left_gripper,2014,2014,0,36,0,0
9.816,2026-08-05T05:49:57.151145+00:00,right_shoulder_pan,2172,2156,-16,37,2,1068
9.816,2026-08-05T05:49:57.151145+00:00,right_shoulder_lift,2058,2156,98,38,22,212
9.816,2026-08-05T05:49:57.151145+00:00,right_elbow_flex,2097,2137,40,38,4,94
9.816,2026-08-05T05:49:57.151145+00:00,right_wrist_flex,1976,1990,14,35,1,42
9.816,2026-08-05T05:49:57.151145+00:00,right_wrist_roll,2114,2111,-3,34,0,1044
9.816,2026-08-05T05:49:57.151145+00:00,right_gripper,2428,2442,14,38,2,42
9.866,2026-08-05T05:49:57.201186+00:00,left_shoulder_pan,1857,1851,-6,37,1,1060
9.866,2026-08-05T05:49:57.201186+00:00,left_shoulder_lift,2389,2406,17,37,4,80
9.866,2026-08-05T05:49:57.201186+00:00,left_elbow_flex,1629,1641,12,34,2,60
9.866,2026-08-05T05:49:57.201186+00:00,left_wrist_flex,2169,2173,4,34,0,28
9.866,2026-08-05T05:49:57.201186+00:00,left_wrist_roll,1989,1987,-2,34,0,1044
9.866,2026-08-05T05:49:57.201186+00:00,left_gripper,2014,2014,0,36,0,0
9.866,2026-08-05T05:49:57.201186+00:00,right_shoulder_pan,2173,2158,-15,37,1,1062
9.866,2026-08-05T05:49:57.201186+00:00,right_shoulder_lift,2055,2156,101,38,24,212
9.866,2026-08-05T05:49:57.201186+00:00,right_elbow_flex,2097,2137,40,37,4,94
9.866,2026-08-05T05:49:57.201186+00:00,right_wrist_flex,1976,1990,14,35,2,42
9.866,2026-08-05T05:49:57.201186+00:00,right_wrist_roll,2114,2111,-3,34,0,1044
9.866,2026-08-05T05:49:57.201186+00:00,right_gripper,2428,2442,14,38,2,42
9.916,2026-08-05T05:49:57.251288+00:00,left_shoulder_pan,1857,1851,-6,37,1,1060
9.916,2026-08-05T05:49:57.251288+00:00,left_shoulder_lift,2389,2406,17,37,4,80
9.916,2026-08-05T05:49:57.251288+00:00,left_elbow_flex,1629,1641,12,34,2,60
9.916,2026-08-05T05:49:57.251288+00:00,left_wrist_flex,2169,2173,4,34,0,28
9.916,2026-08-05T05:49:57.251288+00:00,left_wrist_roll,1989,1987,-2,34,0,1044
9.916,2026-08-05T05:49:57.251288+00:00,left_gripper,2014,2014,0,36,0,0
9.916,2026-08-05T05:49:57.251288+00:00,right_shoulder_pan,2174,2159,-15,37,1,1066
9.916,2026-08-05T05:49:57.251288+00:00,right_shoulder_lift,2053,2156,103,38,23,222
9.916,2026-08-05T05:49:57.251288+00:00,right_elbow_flex,2097,2137,40,37,4,94
9.916,2026-08-05T05:49:57.251288+00:00,right_wrist_flex,1976,1990,14,35,1,42
9.916,2026-08-05T05:49:57.251288+00:00,right_wrist_roll,2114,2111,-3,34,0,1044
9.916,2026-08-05T05:49:57.251288+00:00,right_gripper,2428,2442,14,37,2,42
9.966,2026-08-05T05:49:57.301432+00:00,left_shoulder_pan,1857,1851,-6,37,1,1060
9.966,2026-08-05T05:49:57.301432+00:00,left_shoulder_lift,2389,2406,17,37,5,80
9.966,2026-08-05T05:49:57.301432+00:00,left_elbow_flex,1629,1641,12,34,2,60
9.966,2026-08-05T05:49:57.301432+00:00,left_wrist_flex,2169,2173,4,34,0,28
9.966,2026-08-05T05:49:57.301432+00:00,left_wrist_roll,1989,1987,-2,34,0,1044
9.966,2026-08-05T05:49:57.301432+00:00,left_gripper,2014,2014,0,36,0,0
9.966,2026-08-05T05:49:57.301432+00:00,right_shoulder_pan,2174,2159,-15,37,2,1066
9.966,2026-08-05T05:49:57.301432+00:00,right_shoulder_lift,2051,2156,105,38,27,222
9.966,2026-08-05T05:49:57.301432+00:00,right_elbow_flex,2097,2137,40,37,5,94
9.966,2026-08-05T05:49:57.301432+00:00,right_wrist_flex,1976,1990,14,35,1,42
9.966,2026-08-05T05:49:57.301432+00:00,right_wrist_roll,2114,2111,-3,34,0,1044
9.966,2026-08-05T05:49:57.301432+00:00,right_gripper,2428,2442,14,38,1,42
10.016,2026-08-05T05:49:57.351682+00:00,left_shoulder_pan,1857,1851,-6,37,0,1060
10.016,2026-08-05T05:49:57.351682+00:00,left_shoulder_lift,2389,2406,17,37,5,80
10.016,2026-08-05T05:49:57.351682+00:00,left_elbow_flex,1629,1641,12,34,2,60
10.016,2026-08-05T05:49:57.351682+00:00,left_wrist_flex,2169,2173,4,34,0,28
10.016,2026-08-05T05:49:57.351682+00:00,left_wrist_roll,1989,1987,-2,34,0,1044
10.016,2026-08-05T05:49:57.351682+00:00,left_gripper,2014,2014,0,36,0,0
10.016,2026-08-05T05:49:57.351682+00:00,right_shoulder_pan,2174,2160,-14,37,1,1066
10.016,2026-08-05T05:49:57.351682+00:00,right_shoulder_lift,2048,2156,108,38,23,230
10.016,2026-08-05T05:49:57.351682+00:00,right_elbow_flex,2097,2137,40,37,5,94
10.016,2026-08-05T05:49:57.351682+00:00,right_wrist_flex,1976,1990,14,35,1,42
10.016,2026-08-05T05:49:57.351682+00:00,right_wrist_roll,2114,2111,-3,34,1,1044
10.016,2026-08-05T05:49:57.351682+00:00,right_gripper,2428,2442,14,38,1,42
10.066,2026-08-05T05:49:57.402806+00:00,left_shoulder_pan,1857,1851,-6,37,1,1060
10.066,2026-08-05T05:49:57.402806+00:00,left_shoulder_lift,2389,2406,17,37,4,80
10.066,2026-08-05T05:49:57.402806+00:00,left_elbow_flex,1629,1641,12,34,3,60
10.066,2026-08-05T05:49:57.402806+00:00,left_wrist_flex,2169,2173,4,34,0,28
10.066,2026-08-05T05:49:57.402806+00:00,left_wrist_roll,1989,1987,-2,34,1,1044
10.066,2026-08-05T05:49:57.402806+00:00,left_gripper,2014,2014,0,36,0,0
10.066,2026-08-05T05:49:57.402806+00:00,right_shoulder_pan,2174,2160,-14,37,1,1066
10.066,2026-08-05T05:49:57.402806+00:00,right_shoulder_lift,2046,2156,110,38,25,236
10.066,2026-08-05T05:49:57.402806+00:00,right_elbow_flex,2097,2137,40,37,5,94
10.066,2026-08-05T05:49:57.402806+00:00,right_wrist_flex,1976,1990,14,35,1,42
10.066,2026-08-05T05:49:57.402806+00:00,right_wrist_roll,2114,2111,-3,34,1,1044
10.066,2026-08-05T05:49:57.402806+00:00,right_gripper,2428,2442,14,38,1,42
10.116,2026-08-05T05:49:57.451895+00:00,left_shoulder_pan,1857,1851,-6,37,1,1060
10.116,2026-08-05T05:49:57.451895+00:00,left_shoulder_lift,2389,2406,17,36,4,80
10.116,2026-08-05T05:49:57.451895+00:00,left_elbow_flex,1629,1641,12,34,2,60
10.116,2026-08-05T05:49:57.451895+00:00,left_wrist_flex,2169,2173,4,34,0,28
10.116,2026-08-05T05:49:57.451895+00:00,left_wrist_roll,1989,1987,-2,34,0,1044
10.116,2026-08-05T05:49:57.451895+00:00,left_gripper,2014,2014,0,36,0,0
10.116,2026-08-05T05:49:57.451895+00:00,right_shoulder_pan,2173,2160,-13,37,1,1064
10.116,2026-08-05T05:49:57.451895+00:00,right_shoulder_lift,2044,2156,112,38,27,240
10.116,2026-08-05T05:49:57.451895+00:00,right_elbow_flex,2097,2137,40,37,5,94
10.116,2026-08-05T05:49:57.451895+00:00,right_wrist_flex,1976,1990,14,35,1,42
10.116,2026-08-05T05:49:57.451895+00:00,right_wrist_roll,2114,2111,-3,34,1,1044
10.116,2026-08-05T05:49:57.451895+00:00,right_gripper,2428,2442,14,38,1,42
10.166,2026-08-05T05:49:57.501846+00:00,left_shoulder_pan,1857,1851,-6,37,1,1060
10.166,2026-08-05T05:49:57.501846+00:00,left_shoulder_lift,2389,2406,17,37,4,80
10.166,2026-08-05T05:49:57.501846+00:00,left_elbow_flex,1629,1641,12,34,2,60
10.166,2026-08-05T05:49:57.501846+00:00,left_wrist_flex,2169,2173,4,34,0,28
10.166,2026-08-05T05:49:57.501846+00:00,left_wrist_roll,1989,1987,-2,34,0,1044
10.166,2026-08-05T05:49:57.501846+00:00,left_gripper,2014,2014,0,36,0,0
10.166,2026-08-05T05:49:57.501846+00:00,right_shoulder_pan,2172,2160,-12,37,1,1062
10.166,2026-08-05T05:49:57.501846+00:00,right_shoulder_lift,2041,2156,115,38,24,240
10.166,2026-08-05T05:49:57.501846+00:00,right_elbow_flex,2097,2137,40,37,5,94
10.166,2026-08-05T05:49:57.501846+00:00,right_wrist_flex,1976,1990,14,35,1,42
10.166,2026-08-05T05:49:57.501846+00:00,right_wrist_roll,2114,2111,-3,34,0,1044
10.166,2026-08-05T05:49:57.501846+00:00,right_gripper,2428,2442,14,38,2,42
10.216,2026-08-05T05:49:57.552222+00:00,left_shoulder_pan,1857,1851,-6,37,1,1060
10.216,2026-08-05T05:49:57.552222+00:00,left_shoulder_lift,2389,2406,17,37,4,80
10.216,2026-08-05T05:49:57.552222+00:00,left_elbow_flex,1629,1641,12,34,2,60
10.216,2026-08-05T05:49:57.552222+00:00,left_wrist_flex,2169,2173,4,34,0,28
10.216,2026-08-05T05:49:57.552222+00:00,left_wrist_roll,1989,1987,-2,34,0,1044
10.216,2026-08-05T05:49:57.552222+00:00,left_gripper,2014,2014,0,36,0,0
10.216,2026-08-05T05:49:57.552222+00:00,right_shoulder_pan,2171,2160,-11,37,1,1060
10.216,2026-08-05T05:49:57.552222+00:00,right_shoulder_lift,2039,2156,117,38,27,250
10.216,2026-08-05T05:49:57.552222+00:00,right_elbow_flex,2097,2137,40,37,4,94
10.216,2026-08-05T05:49:57.552222+00:00,right_wrist_flex,1976,1990,14,35,1,42
10.216,2026-08-05T05:49:57.552222+00:00,right_wrist_roll,2114,2111,-3,34,0,1044
10.216,2026-08-05T05:49:57.552222+00:00,right_gripper,2428,2442,14,38,2,42
10.267,2026-08-05T05:49:57.601879+00:00,left_shoulder_pan,1857,1851,-6,37,1,1060
10.267,2026-08-05T05:49:57.601879+00:00,left_shoulder_lift,2389,2406,17,37,4,80
10.267,2026-08-05T05:49:57.601879+00:00,left_elbow_flex,1629,1641,12,34,2,60
10.267,2026-08-05T05:49:57.601879+00:00,left_wrist_flex,2169,2173,4,34,0,28
10.267,2026-08-05T05:49:57.601879+00:00,left_wrist_roll,1989,1987,-2,34,0,1044
10.267,2026-08-05T05:49:57.601879+00:00,left_gripper,2014,2014,0,37,0,0
10.267,2026-08-05T05:49:57.601879+00:00,right_shoulder_pan,2170,2160,-10,37,1,1058
10.267,2026-08-05T05:49:57.601879+00:00,right_shoulder_lift,2037,2156,119,38,33,250
10.267,2026-08-05T05:49:57.601879+00:00,right_elbow_flex,2097,2137,40,37,5,94
10.267,2026-08-05T05:49:57.601879+00:00,right_wrist_flex,1976,1990,14,35,1,42
10.267,2026-08-05T05:49:57.601879+00:00,right_wrist_roll,2114,2111,-3,34,0,1044
10.267,2026-08-05T05:49:57.601879+00:00,right_gripper,2428,2442,14,38,2,42
10.317,2026-08-05T05:49:57.652118+00:00,left_shoulder_pan,1857,1851,-6,37,1,1060
10.317,2026-08-05T05:49:57.652118+00:00,left_shoulder_lift,2389,2406,17,37,5,80
10.317,2026-08-05T05:49:57.652118+00:00,left_elbow_flex,1629,1641,12,34,2,60
10.317,2026-08-05T05:49:57.652118+00:00,left_wrist_flex,2169,2173,4,34,0,28
10.317,2026-08-05T05:49:57.652118+00:00,left_wrist_roll,1989,1987,-2,34,0,1044
10.317,2026-08-05T05:49:57.652118+00:00,left_gripper,2014,2014,0,36,0,0
10.317,2026-08-05T05:49:57.652118+00:00,right_shoulder_pan,2168,2160,-8,37,0,1056
10.317,2026-08-05T05:49:57.652118+00:00,right_shoulder_lift,2034,2156,122,38,32,254
10.317,2026-08-05T05:49:57.652118+00:00,right_elbow_flex,2097,2137,40,38,5,94
10.317,2026-08-05T05:49:57.652118+00:00,right_wrist_flex,1976,1990,14,34,1,42
10.317,2026-08-05T05:49:57.652118+00:00,right_wrist_roll,2114,2111,-3,34,0,1044
10.317,2026-08-05T05:49:57.652118+00:00,right_gripper,2428,2442,14,38,1,42
10.367,2026-08-05T05:49:57.702046+00:00,left_shoulder_pan,1857,1851,-6,37,1,1060
10.367,2026-08-05T05:49:57.702046+00:00,left_shoulder_lift,2389,2406,17,37,4,80
10.367,2026-08-05T05:49:57.702046+00:00,left_elbow_flex,1629,1641,12,34,2,60
10.367,2026-08-05T05:49:57.702046+00:00,left_wrist_flex,2169,2173,4,34,1,28
10.367,2026-08-05T05:49:57.702046+00:00,left_wrist_roll,1989,1987,-2,34,1,1044
10.367,2026-08-05T05:49:57.702046+00:00,left_gripper,2014,2014,0,36,0,0
10.367,2026-08-05T05:49:57.702046+00:00,right_shoulder_pan,2166,2160,-6,37,1,1052
10.367,2026-08-05T05:49:57.702046+00:00,right_shoulder_lift,2032,2156,124,38,39,264
10.367,2026-08-05T05:49:57.702046+00:00,right_elbow_flex,2097,2137,40,37,5,94
10.367,2026-08-05T05:49:57.702046+00:00,right_wrist_flex,1976,1990,14,35,1,42
10.367,2026-08-05T05:49:57.702046+00:00,right_wrist_roll,2114,2111,-3,34,1,1044
10.367,2026-08-05T05:49:57.702046+00:00,right_gripper,2428,2442,14,38,1,42
10.417,2026-08-05T05:49:57.752057+00:00,left_shoulder_pan,1857,1851,-6,37,1,1060
10.417,2026-08-05T05:49:57.752057+00:00,left_shoulder_lift,2389,2406,17,37,5,80
10.417,2026-08-05T05:49:57.752057+00:00,left_elbow_flex,1629,1641,12,34,2,60
10.417,2026-08-05T05:49:57.752057+00:00,left_wrist_flex,2169,2173,4,34,0,28
10.417,2026-08-05T05:49:57.752057+00:00,left_wrist_roll,1989,1987,-2,34,1,1044
10.417,2026-08-05T05:49:57.752057+00:00,left_gripper,2014,2014,0,37,0,0
10.417,2026-08-05T05:49:57.752057+00:00,right_shoulder_pan,2163,2160,-3,37,1,1048
10.417,2026-08-05T05:49:57.752057+00:00,right_shoulder_lift,2030,2156,126,38,30,264
10.417,2026-08-05T05:49:57.752057+00:00,right_elbow_flex,2097,2137,40,38,4,94
10.417,2026-08-05T05:49:57.752057+00:00,right_wrist_flex,1976,1990,14,35,1,42
10.417,2026-08-05T05:49:57.752057+00:00,right_wrist_roll,2114,2111,-3,34,0,1044
10.417,2026-08-05T05:49:57.752057+00:00,right_gripper,2428,2442,14,38,1,42
10.467,2026-08-05T05:49:57.802419+00:00,left_shoulder_pan,1857,1851,-6,37,1,1060
10.467,2026-08-05T05:49:57.802419+00:00,left_shoulder_lift,2389,2406,17,37,4,80
10.467,2026-08-05T05:49:57.802419+00:00,left_elbow_flex,1629,1641,12,34,2,60
10.467,2026-08-05T05:49:57.802419+00:00,left_wrist_flex,2169,2173,4,35,0,28
10.467,2026-08-05T05:49:57.802419+00:00,left_wrist_roll,1989,1987,-2,34,0,1044
10.467,2026-08-05T05:49:57.802419+00:00,left_gripper,2014,2014,0,36,0,0
10.467,2026-08-05T05:49:57.802419+00:00,right_shoulder_pan,2161,2160,-1,37,0,1042
10.467,2026-08-05T05:49:57.802419+00:00,right_shoulder_lift,2027,2156,129,38,31,268
10.467,2026-08-05T05:49:57.802419+00:00,right_elbow_flex,2097,2137,40,37,4,94
10.467,2026-08-05T05:49:57.802419+00:00,right_wrist_flex,1976,1990,14,35,1,42
10.467,2026-08-05T05:49:57.802419+00:00,right_wrist_roll,2114,2111,-3,34,0,1044
10.467,2026-08-05T05:49:57.802419+00:00,right_gripper,2428,2442,14,38,2,42
10.517,2026-08-05T05:49:57.852160+00:00,left_shoulder_pan,1857,1851,-6,37,1,1060
10.517,2026-08-05T05:49:57.852160+00:00,left_shoulder_lift,2389,2406,17,37,4,80
10.517,2026-08-05T05:49:57.852160+00:00,left_elbow_flex,1629,1641,12,34,2,60
10.517,2026-08-05T05:49:57.852160+00:00,left_wrist_flex,2169,2173,4,34,0,28
10.517,2026-08-05T05:49:57.852160+00:00,left_wrist_roll,1989,1987,-2,34,0,1044
10.517,2026-08-05T05:49:57.852160+00:00,left_gripper,2014,2014,0,36,0,0
10.517,2026-08-05T05:49:57.852160+00:00,right_shoulder_pan,2158,2160,2,37,0,0
10.517,2026-08-05T05:49:57.852160+00:00,right_shoulder_lift,2025,2156,131,38,39,274
10.517,2026-08-05T05:49:57.852160+00:00,right_elbow_flex,2097,2137,40,37,5,94
10.517,2026-08-05T05:49:57.852160+00:00,right_wrist_flex,1976,1990,14,35,1,42
10.517,2026-08-05T05:49:57.852160+00:00,right_wrist_roll,2114,2111,-3,34,1,1044
10.517,2026-08-05T05:49:57.852160+00:00,right_gripper,2428,2442,14,38,2,42
10.567,2026-08-05T05:49:57.902319+00:00,left_shoulder_pan,1857,1851,-6,37,1,1060
10.567,2026-08-05T05:49:57.902319+00:00,left_shoulder_lift,2389,2406,17,37,5,80
10.567,2026-08-05T05:49:57.902319+00:00,left_elbow_flex,1629,1641,12,34,1,60
10.567,2026-08-05T05:49:57.902319+00:00,left_wrist_flex,2169,2173,4,34,1,28
10.567,2026-08-05T05:49:57.902319+00:00,left_wrist_roll,1989,1987,-2,34,0,1044
10.567,2026-08-05T05:49:57.902319+00:00,left_gripper,2014,2014,0,36,0,0
10.567,2026-08-05T05:49:57.902319+00:00,right_shoulder_pan,2154,2160,6,37,0,20
10.567,2026-08-05T05:49:57.902319+00:00,right_shoulder_lift,2023,2156,133,38,37,278
10.567,2026-08-05T05:49:57.902319+00:00,right_elbow_flex,2097,2137,40,37,4,94
10.567,2026-08-05T05:49:57.902319+00:00,right_wrist_flex,1976,1990,14,35,1,42
10.567,2026-08-05T05:49:57.902319+00:00,right_wrist_roll,2114,2111,-3,34,1,1044
10.567,2026-08-05T05:49:57.902319+00:00,right_gripper,2428,2442,14,38,2,42
10.617,2026-08-05T05:49:57.952340+00:00,left_shoulder_pan,1857,1851,-6,37,1,1060
10.617,2026-08-05T05:49:57.952340+00:00,left_shoulder_lift,2389,2406,17,37,5,80
10.617,2026-08-05T05:49:57.952340+00:00,left_elbow_flex,1629,1641,12,34,2,60
10.617,2026-08-05T05:49:57.952340+00:00,left_wrist_flex,2169,2173,4,34,0,28
10.617,2026-08-05T05:49:57.952340+00:00,left_wrist_roll,1989,1987,-2,34,0,1044
10.617,2026-08-05T05:49:57.952340+00:00,left_gripper,2014,2014,0,37,0,0
10.617,2026-08-05T05:49:57.952340+00:00,right_shoulder_pan,2151,2160,9,37,1,36
10.617,2026-08-05T05:49:57.952340+00:00,right_shoulder_lift,2021,2156,135,38,35,282
10.617,2026-08-05T05:49:57.952340+00:00,right_elbow_flex,2097,2137,40,37,4,94
10.617,2026-08-05T05:49:57.952340+00:00,right_wrist_flex,1976,1990,14,35,1,42
10.617,2026-08-05T05:49:57.952340+00:00,right_wrist_roll,2114,2111,-3,34,0,1044
10.617,2026-08-05T05:49:57.952340+00:00,right_gripper,2428,2442,14,38,2,42
10.667,2026-08-05T05:49:58.002420+00:00,left_shoulder_pan,1857,1851,-6,37,1,1060
10.667,2026-08-05T05:49:58.002420+00:00,left_shoulder_lift,2389,2406,17,37,4,80
10.667,2026-08-05T05:49:58.002420+00:00,left_elbow_flex,1629,1641,12,34,3,60
10.667,2026-08-05T05:49:58.002420+00:00,left_wrist_flex,2169,2173,4,34,0,28
10.667,2026-08-05T05:49:58.002420+00:00,left_wrist_roll,1989,1987,-2,34,0,1044
10.667,2026-08-05T05:49:58.002420+00:00,left_gripper,2014,2014,0,36,0,0
10.667,2026-08-05T05:49:58.002420+00:00,right_shoulder_pan,2147,2159,12,37,1,32
10.667,2026-08-05T05:49:58.002420+00:00,right_shoulder_lift,2019,2156,137,38,42,286
10.667,2026-08-05T05:49:58.002420+00:00,right_elbow_flex,2097,2137,40,37,4,94
10.667,2026-08-05T05:49:58.002420+00:00,right_wrist_flex,1976,1990,14,35,1,42
10.667,2026-08-05T05:49:58.002420+00:00,right_wrist_roll,2114,2111,-3,33,0,1044
10.667,2026-08-05T05:49:58.002420+00:00,right_gripper,2428,2442,14,38,2,42
10.717,2026-08-05T05:49:58.052454+00:00,left_shoulder_pan,1857,1851,-6,37,1,1060
10.717,2026-08-05T05:49:58.052454+00:00,left_shoulder_lift,2389,2406,17,37,4,80
10.717,2026-08-05T05:49:58.052454+00:00,left_elbow_flex,1629,1641,12,34,2,60
10.717,2026-08-05T05:49:58.052454+00:00,left_wrist_flex,2169,2173,4,34,0,28
10.717,2026-08-05T05:49:58.052454+00:00,left_wrist_roll,1989,1987,-2,34,1,1044
10.717,2026-08-05T05:49:58.052454+00:00,left_gripper,2014,2014,0,36,0,0
10.717,2026-08-05T05:49:58.052454+00:00,right_shoulder_pan,2143,2158,15,37,1,42
10.717,2026-08-05T05:49:58.052454+00:00,right_shoulder_lift,2017,2156,139,38,36,290
10.717,2026-08-05T05:49:58.052454+00:00,right_elbow_flex,2097,2137,40,38,4,94
10.717,2026-08-05T05:49:58.052454+00:00,right_wrist_flex,1976,1990,14,35,1,42
10.717,2026-08-05T05:49:58.052454+00:00,right_wrist_roll,2114,2111,-3,34,1,1044
10.717,2026-08-05T05:49:58.052454+00:00,right_gripper,2428,2442,14,38,2,42
10.767,2026-08-05T05:49:58.102631+00:00,left_shoulder_pan,1857,1851,-6,37,0,1060
10.767,2026-08-05T05:49:58.102631+00:00,left_shoulder_lift,2389,2406,17,37,5,80
10.767,2026-08-05T05:49:58.102631+00:00,left_elbow_flex,1629,1641,12,34,2,60
10.767,2026-08-05T05:49:58.102631+00:00,left_wrist_flex,2169,2173,4,34,0,28
10.767,2026-08-05T05:49:58.102631+00:00,left_wrist_roll,1989,1987,-2,34,0,1044
10.767,2026-08-05T05:49:58.102631+00:00,left_gripper,2014,2014,0,36,0,0
10.767,2026-08-05T05:49:58.102631+00:00,right_shoulder_pan,2139,2156,17,37,1,42
10.767,2026-08-05T05:49:58.102631+00:00,right_shoulder_lift,2015,2156,141,38,36,294
10.767,2026-08-05T05:49:58.102631+00:00,right_elbow_flex,2097,2137,40,37,5,94
10.767,2026-08-05T05:49:58.102631+00:00,right_wrist_flex,1976,1990,14,35,1,42
10.767,2026-08-05T05:49:58.102631+00:00,right_wrist_roll,2114,2111,-3,34,0,1044
10.767,2026-08-05T05:49:58.102631+00:00,right_gripper,2428,2442,14,38,1,42
10.817,2026-08-05T05:49:58.156629+00:00,left_shoulder_pan,1857,1851,-6,37,1,1060
10.817,2026-08-05T05:49:58.156629+00:00,left_shoulder_lift,2389,2406,17,37,4,80
10.817,2026-08-05T05:49:58.156629+00:00,left_elbow_flex,1629,1641,12,34,2,60
10.817,2026-08-05T05:49:58.156629+00:00,left_wrist_flex,2169,2173,4,34,1,28
10.817,2026-08-05T05:49:58.156629+00:00,left_wrist_roll,1989,1987,-2,34,1,1044
10.817,2026-08-05T05:49:58.156629+00:00,left_gripper,2014,2014,0,37,0,0
10.817,2026-08-05T05:49:58.156629+00:00,right_shoulder_pan,2134,2153,19,37,1,44
10.817,2026-08-05T05:49:58.156629+00:00,right_shoulder_lift,2013,2156,143,38,39,298
10.817,2026-08-05T05:49:58.156629+00:00,right_elbow_flex,2097,2137,40,38,4,94
10.817,2026-08-05T05:49:58.156629+00:00,right_wrist_flex,1976,1990,14,35,1,42
10.817,2026-08-05T05:49:58.156629+00:00,right_wrist_roll,2114,2111,-3,34,0,1044
10.817,2026-08-05T05:49:58.156629+00:00,right_gripper,2428,2442,14,38,2,42
10.867,2026-08-05T05:49:58.203026+00:00,left_shoulder_pan,1857,1851,-6,37,1,1060
10.867,2026-08-05T05:49:58.203026+00:00,left_shoulder_lift,2389,2406,17,37,4,80
10.867,2026-08-05T05:49:58.203026+00:00,left_elbow_flex,1629,1641,12,34,3,60
10.867,2026-08-05T05:49:58.203026+00:00,left_wrist_flex,2169,2173,4,34,1,28
10.867,2026-08-05T05:49:58.203026+00:00,left_wrist_roll,1989,1987,-2,34,0,1044
10.867,2026-08-05T05:49:58.203026+00:00,left_gripper,2014,2014,0,36,0,0
10.867,2026-08-05T05:49:58.203026+00:00,right_shoulder_pan,2129,2150,21,37,1,46
10.867,2026-08-05T05:49:58.203026+00:00,right_shoulder_lift,2011,2156,145,38,40,302
10.867,2026-08-05T05:49:58.203026+00:00,right_elbow_flex,2097,2137,40,37,4,94
10.867,2026-08-05T05:49:58.203026+00:00,right_wrist_flex,1976,1990,14,35,1,42
10.867,2026-08-05T05:49:58.203026+00:00,right_wrist_roll,2114,2111,-3,34,0,1044
10.867,2026-08-05T05:49:58.203026+00:00,right_gripper,2428,2442,14,38,2,42
10.917,2026-08-05T05:49:58.253042+00:00,left_shoulder_pan,1857,1851,-6,37,1,1060
10.917,2026-08-05T05:49:58.253042+00:00,left_shoulder_lift,2389,2406,17,37,5,80
10.917,2026-08-05T05:49:58.253042+00:00,left_elbow_flex,1629,1641,12,34,2,60
10.917,2026-08-05T05:49:58.253042+00:00,left_wrist_flex,2169,2173,4,34,1,28
10.917,2026-08-05T05:49:58.253042+00:00,left_wrist_roll,1989,1987,-2,34,0,1044
10.917,2026-08-05T05:49:58.253042+00:00,left_gripper,2014,2014,0,37,0,0
10.917,2026-08-05T05:49:58.253042+00:00,right_shoulder_pan,2124,2145,21,37,1,46
10.917,2026-08-05T05:49:58.253042+00:00,right_shoulder_lift,2009,2156,147,38,49,306
10.917,2026-08-05T05:49:58.253042+00:00,right_elbow_flex,2097,2137,40,38,4,94
10.917,2026-08-05T05:49:58.253042+00:00,right_wrist_flex,1976,1990,14,35,1,42
10.917,2026-08-05T05:49:58.253042+00:00,right_wrist_roll,2114,2111,-3,34,1,1044
10.917,2026-08-05T05:49:58.253042+00:00,right_gripper,2428,2442,14,38,2,42
10.968,2026-08-05T05:49:58.303083+00:00,left_shoulder_pan,1857,1851,-6,37,1,1060
10.968,2026-08-05T05:49:58.303083+00:00,left_shoulder_lift,2389,2406,17,37,4,80
10.968,2026-08-05T05:49:58.303083+00:00,left_elbow_flex,1629,1641,12,34,2,60
10.968,2026-08-05T05:49:58.303083+00:00,left_wrist_flex,2169,2173,4,34,0,28
10.968,2026-08-05T05:49:58.303083+00:00,left_wrist_roll,1989,1987,-2,34,0,1044
10.968,2026-08-05T05:49:58.303083+00:00,left_gripper,2014,2014,0,36,0,0
10.968,2026-08-05T05:49:58.303083+00:00,right_shoulder_pan,2119,2140,21,37,1,46
10.968,2026-08-05T05:49:58.303083+00:00,right_shoulder_lift,2008,2156,148,38,41,310
10.968,2026-08-05T05:49:58.303083+00:00,right_elbow_flex,2097,2137,40,37,4,94
10.968,2026-08-05T05:49:58.303083+00:00,right_wrist_flex,1976,1990,14,35,1,42
10.968,2026-08-05T05:49:58.303083+00:00,right_wrist_roll,2114,2111,-3,34,0,1044
10.968,2026-08-05T05:49:58.303083+00:00,right_gripper,2428,2442,14,38,1,42
11.018,2026-08-05T05:49:58.353134+00:00,left_shoulder_pan,1857,1851,-6,37,1,1060
11.018,2026-08-05T05:49:58.353134+00:00,left_shoulder_lift,2389,2406,17,37,4,80
11.018,2026-08-05T05:49:58.353134+00:00,left_elbow_flex,1629,1641,12,34,3,60
11.018,2026-08-05T05:49:58.353134+00:00,left_wrist_flex,2169,2173,4,34,0,28
11.018,2026-08-05T05:49:58.353134+00:00,left_wrist_roll,1989,1987,-2,34,0,1044
11.018,2026-08-05T05:49:58.353134+00:00,left_gripper,2014,2014,0,37,0,0
11.018,2026-08-05T05:49:58.353134+00:00,right_shoulder_pan,2113,2135,22,37,1,46
11.018,2026-08-05T05:49:58.353134+00:00,right_shoulder_lift,2006,2156,150,38,46,312
11.018,2026-08-05T05:49:58.353134+00:00,right_elbow_flex,2097,2137,40,37,4,94
11.018,2026-08-05T05:49:58.353134+00:00,right_wrist_flex,1976,1990,14,35,1,42
11.018,2026-08-05T05:49:58.353134+00:00,right_wrist_roll,2114,2111,-3,34,0,1044
11.018,2026-08-05T05:49:58.353134+00:00,right_gripper,2428,2442,14,38,1,42
11.068,2026-08-05T05:49:58.403028+00:00,left_shoulder_pan,1857,1851,-6,37,1,1060
11.068,2026-08-05T05:49:58.403028+00:00,left_shoulder_lift,2389,2406,17,37,4,80
11.068,2026-08-05T05:49:58.403028+00:00,left_elbow_flex,1629,1641,12,34,2,60
11.068,2026-08-05T05:49:58.403028+00:00,left_wrist_flex,2169,2173,4,34,0,28
11.068,2026-08-05T05:49:58.403028+00:00,left_wrist_roll,1989,1987,-2,34,1,1044
11.068,2026-08-05T05:49:58.403028+00:00,left_gripper,2014,2014,0,36,0,0
11.068,2026-08-05T05:49:58.403028+00:00,right_shoulder_pan,2108,2129,21,37,1,46
11.068,2026-08-05T05:49:58.403028+00:00,right_shoulder_lift,2004,2156,152,38,55,320
11.068,2026-08-05T05:49:58.403028+00:00,right_elbow_flex,2097,2137,40,37,4,94
11.068,2026-08-05T05:49:58.403028+00:00,right_wrist_flex,1976,1990,14,35,1,42
11.068,2026-08-05T05:49:58.403028+00:00,right_wrist_roll,2114,2111,-3,34,0,1044
11.068,2026-08-05T05:49:58.403028+00:00,right_gripper,2428,2442,14,38,1,42
11.118,2026-08-05T05:49:58.453291+00:00,left_shoulder_pan,1857,1851,-6,37,0,1060
11.118,2026-08-05T05:49:58.453291+00:00,left_shoulder_lift,2389,2406,17,37,4,80
11.118,2026-08-05T05:49:58.453291+00:00,left_elbow_flex,1629,1641,12,34,2,60
11.118,2026-08-05T05:49:58.453291+00:00,left_wrist_flex,2169,2173,4,34,0,28
11.118,2026-08-05T05:49:58.453291+00:00,left_wrist_roll,1989,1987,-2,34,0,1044
11.118,2026-08-05T05:49:58.453291+00:00,left_gripper,2014,2014,0,37,0,0
11.118,2026-08-05T05:49:58.453291+00:00,right_shoulder_pan,2102,2123,21,37,1,46
11.118,2026-08-05T05:49:58.453291+00:00,right_shoulder_lift,2003,2156,153,38,44,320
11.118,2026-08-05T05:49:58.453291+00:00,right_elbow_flex,2097,2137,40,37,5,94
11.118,2026-08-05T05:49:58.453291+00:00,right_wrist_flex,1976,1990,14,35,1,42
11.118,2026-08-05T05:49:58.453291+00:00,right_wrist_roll,2114,2111,-3,34,1,1044
11.118,2026-08-05T05:49:58.453291+00:00,right_gripper,2428,2442,14,38,1,42
11.168,2026-08-05T05:49:58.503132+00:00,left_shoulder_pan,1857,1851,-6,37,1,1060
11.168,2026-08-05T05:49:58.503132+00:00,left_shoulder_lift,2389,2406,17,37,4,80
11.168,2026-08-05T05:49:58.503132+00:00,left_elbow_flex,1629,1641,12,34,2,60
11.168,2026-08-05T05:49:58.503132+00:00,left_wrist_flex,2169,2173,4,34,0,28
11.168,2026-08-05T05:49:58.503132+00:00,left_wrist_roll,1989,1987,-2,34,1,1044
11.168,2026-08-05T05:49:58.503132+00:00,left_gripper,2014,2014,0,36,0,0
11.168,2026-08-05T05:49:58.503132+00:00,right_shoulder_pan,2096,2118,22,37,0,46
11.168,2026-08-05T05:49:58.503132+00:00,right_shoulder_lift,2001,2156,155,38,46,326
11.168,2026-08-05T05:49:58.503132+00:00,right_elbow_flex,2097,2137,40,37,4,94
11.168,2026-08-05T05:49:58.503132+00:00,right_wrist_flex,1976,1990,14,35,1,42
11.168,2026-08-05T05:49:58.503132+00:00,right_wrist_roll,2114,2111,-3,34,0,1044
11.168,2026-08-05T05:49:58.503132+00:00,right_gripper,2428,2442,14,38,1,42
11.218,2026-08-05T05:49:58.553202+00:00,left_shoulder_pan,1857,1851,-6,37,1,1060
11.218,2026-08-05T05:49:58.553202+00:00,left_shoulder_lift,2389,2406,17,37,5,80
11.218,2026-08-05T05:49:58.553202+00:00,left_elbow_flex,1629,1641,12,34,2,60
11.218,2026-08-05T05:49:58.553202+00:00,left_wrist_flex,2169,2173,4,34,1,28
11.218,2026-08-05T05:49:58.553202+00:00,left_wrist_roll,1989,1987,-2,33,0,1044
11.218,2026-08-05T05:49:58.553202+00:00,left_gripper,2014,2014,0,36,0,0
11.218,2026-08-05T05:49:58.553202+00:00,right_shoulder_pan,2089,2112,23,37,1,48
11.218,2026-08-05T05:49:58.553202+00:00,right_shoulder_lift,2000,2156,156,38,52,326
11.218,2026-08-05T05:49:58.553202+00:00,right_elbow_flex,2097,2137,40,38,5,94
11.218,2026-08-05T05:49:58.553202+00:00,right_wrist_flex,1976,1990,14,35,1,42
11.218,2026-08-05T05:49:58.553202+00:00,right_wrist_roll,2114,2111,-3,34,0,1044
11.218,2026-08-05T05:49:58.553202+00:00,right_gripper,2428,2442,14,38,1,42
11.268,2026-08-05T05:49:58.603288+00:00,left_shoulder_pan,1857,1851,-6,37,1,1060
11.268,2026-08-05T05:49:58.603288+00:00,left_shoulder_lift,2389,2406,17,37,4,80
11.268,2026-08-05T05:49:58.603288+00:00,left_elbow_flex,1629,1641,12,34,2,60
11.268,2026-08-05T05:49:58.603288+00:00,left_wrist_flex,2169,2173,4,34,0,28
11.268,2026-08-05T05:49:58.603288+00:00,left_wrist_roll,1989,1987,-2,34,0,1044
11.268,2026-08-05T05:49:58.603288+00:00,left_gripper,2014,2014,0,36,0,0
11.268,2026-08-05T05:49:58.603288+00:00,right_shoulder_pan,2083,2107,24,37,1,52
11.268,2026-08-05T05:49:58.603288+00:00,right_shoulder_lift,1999,2156,157,38,48,332
11.268,2026-08-05T05:49:58.603288+00:00,right_elbow_flex,2097,2137,40,37,4,94
11.268,2026-08-05T05:49:58.603288+00:00,right_wrist_flex,1976,1990,14,35,1,42
11.268,2026-08-05T05:49:58.603288+00:00,right_wrist_roll,2114,2111,-3,34,1,1044
11.268,2026-08-05T05:49:58.603288+00:00,right_gripper,2428,2442,14,38,1,42
11.318,2026-08-05T05:49:58.653674+00:00,left_shoulder_pan,1857,1851,-6,37,1,1060
11.318,2026-08-05T05:49:58.653674+00:00,left_shoulder_lift,2389,2406,17,37,4,80
11.318,2026-08-05T05:49:58.653674+00:00,left_elbow_flex,1629,1641,12,34,2,60
11.318,2026-08-05T05:49:58.653674+00:00,left_wrist_flex,2169,2173,4,34,0,28
11.318,2026-08-05T05:49:58.653674+00:00,left_wrist_roll,1989,1987,-2,34,0,1044
11.318,2026-08-05T05:49:58.653674+00:00,left_gripper,2014,2014,0,37,0,0
11.318,2026-08-05T05:49:58.653674+00:00,right_shoulder_pan,2076,2101,25,37,1,48
11.318,2026-08-05T05:49:58.653674+00:00,right_shoulder_lift,1997,2156,159,38,53,330
11.318,2026-08-05T05:49:58.653674+00:00,right_elbow_flex,2097,2137,40,38,4,94
11.318,2026-08-05T05:49:58.653674+00:00,right_wrist_flex,1976,1990,14,35,1,42
11.318,2026-08-05T05:49:58.653674+00:00,right_wrist_roll,2114,2111,-3,34,1,1044
11.318,2026-08-05T05:49:58.653674+00:00,right_gripper,2428,2442,14,38,2,42
11.368,2026-08-05T05:49:58.703689+00:00,left_shoulder_pan,1857,1851,-6,37,1,1060
11.368,2026-08-05T05:49:58.703689+00:00,left_shoulder_lift,2389,2406,17,37,5,80
11.368,2026-08-05T05:49:58.703689+00:00,left_elbow_flex,1629,1641,12,34,2,60
11.368,2026-08-05T05:49:58.703689+00:00,left_wrist_flex,2169,2173,4,34,0,28
11.368,2026-08-05T05:49:58.703689+00:00,left_wrist_roll,1989,1987,-2,34,0,1044
11.368,2026-08-05T05:49:58.703689+00:00,left_gripper,2014,2014,0,36,0,0
11.368,2026-08-05T05:49:58.703689+00:00,right_shoulder_pan,2069,2095,26,37,1,54
11.368,2026-08-05T05:49:58.703689+00:00,right_shoulder_lift,1996,2156,160,38,48,338
11.368,2026-08-05T05:49:58.703689+00:00,right_elbow_flex,2097,2137,40,37,4,94
11.368,2026-08-05T05:49:58.703689+00:00,right_wrist_flex,1976,1990,14,35,1,42
11.368,2026-08-05T05:49:58.703689+00:00,right_wrist_roll,2114,2111,-3,34,0,1044
11.368,2026-08-05T05:49:58.703689+00:00,right_gripper,2428,2442,14,38,1,42
11.418,2026-08-05T05:49:58.753485+00:00,left_shoulder_pan,1857,1851,-6,37,1,1060
11.418,2026-08-05T05:49:58.753485+00:00,left_shoulder_lift,2389,2406,17,37,4,80
11.418,2026-08-05T05:49:58.753485+00:00,left_elbow_flex,1629,1641,12,34,2,60
11.418,2026-08-05T05:49:58.753485+00:00,left_wrist_flex,2169,2173,4,34,1,28
11.418,2026-08-05T05:49:58.753485+00:00,left_wrist_roll,1989,1987,-2,34,0,1044
11.418,2026-08-05T05:49:58.753485+00:00,left_gripper,2014,2014,0,36,0,0
11.418,2026-08-05T05:49:58.753485+00:00,right_shoulder_pan,2062,2088,26,37,1,52
11.418,2026-08-05T05:49:58.753485+00:00,right_shoulder_lift,1995,2156,161,38,50,336
11.418,2026-08-05T05:49:58.753485+00:00,right_elbow_flex,2097,2137,40,38,5,94
11.418,2026-08-05T05:49:58.753485+00:00,right_wrist_flex,1976,1990,14,35,1,42
11.418,2026-08-05T05:49:58.753485+00:00,right_wrist_roll,2114,2111,-3,34,0,1044
11.418,2026-08-05T05:49:58.753485+00:00,right_gripper,2428,2442,14,38,2,42
11.468,2026-08-05T05:49:58.803601+00:00,left_shoulder_pan,1857,1851,-6,37,1,1060
11.468,2026-08-05T05:49:58.803601+00:00,left_shoulder_lift,2389,2406,17,37,4,80
11.468,2026-08-05T05:49:58.803601+00:00,left_elbow_flex,1629,1641,12,34,2,60
11.468,2026-08-05T05:49:58.803601+00:00,left_wrist_flex,2169,2173,4,34,0,28
11.468,2026-08-05T05:49:58.803601+00:00,left_wrist_roll,1989,1987,-2,34,0,1044
11.468,2026-08-05T05:49:58.803601+00:00,left_gripper,2014,2014,0,37,0,0
11.468,2026-08-05T05:49:58.803601+00:00,right_shoulder_pan,2055,2082,27,37,1,56
11.468,2026-08-05T05:49:58.803601+00:00,right_shoulder_lift,1994,2156,162,38,57,342
11.468,2026-08-05T05:49:58.803601+00:00,right_elbow_flex,2097,2137,40,38,4,94
11.468,2026-08-05T05:49:58.803601+00:00,right_wrist_flex,1976,1990,14,35,1,42
11.468,2026-08-05T05:49:58.803601+00:00,right_wrist_roll,2114,2111,-3,34,0,1044
11.468,2026-08-05T05:49:58.803601+00:00,right_gripper,2428,2442,14,38,2,42
11.518,2026-08-05T05:49:58.853726+00:00,left_shoulder_pan,1857,1851,-6,37,0,1060
11.518,2026-08-05T05:49:58.853726+00:00,left_shoulder_lift,2389,2406,17,37,4,80
11.518,2026-08-05T05:49:58.853726+00:00,left_elbow_flex,1629,1641,12,34,2,60
11.518,2026-08-05T05:49:58.853726+00:00,left_wrist_flex,2169,2173,4,34,1,28
11.518,2026-08-05T05:49:58.853726+00:00,left_wrist_roll,1989,1987,-2,34,0,1044
11.518,2026-08-05T05:49:58.853726+00:00,left_gripper,2014,2014,0,37,0,0
11.518,2026-08-05T05:49:58.853726+00:00,right_shoulder_pan,2048,2075,27,37,1,52
11.518,2026-08-05T05:49:58.853726+00:00,right_shoulder_lift,1993,2156,163,38,57,340
11.518,2026-08-05T05:49:58.853726+00:00,right_elbow_flex,2097,2137,40,37,5,94
11.518,2026-08-05T05:49:58.853726+00:00,right_wrist_flex,1976,1990,14,35,1,42
11.518,2026-08-05T05:49:58.853726+00:00,right_wrist_roll,2114,2111,-3,34,0,1044
11.518,2026-08-05T05:49:58.853726+00:00,right_gripper,2428,2442,14,38,2,42
11.568,2026-08-05T05:49:58.903726+00:00,left_shoulder_pan,1857,1851,-6,37,1,1060
11.568,2026-08-05T05:49:58.903726+00:00,left_shoulder_lift,2389,2406,17,37,4,80
11.568,2026-08-05T05:49:58.903726+00:00,left_elbow_flex,1629,1641,12,34,1,60
11.568,2026-08-05T05:49:58.903726+00:00,left_wrist_flex,2169,2173,4,34,0,28
11.568,2026-08-05T05:49:58.903726+00:00,left_wrist_roll,1989,1987,-2,34,0,1044
11.568,2026-08-05T05:49:58.903726+00:00,left_gripper,2014,2014,0,37,0,0
11.568,2026-08-05T05:49:58.903726+00:00,right_shoulder_pan,2040,2068,28,37,1,54
11.568,2026-08-05T05:49:58.903726+00:00,right_shoulder_lift,1992,2156,164,38,51,346
11.568,2026-08-05T05:49:58.903726+00:00,right_elbow_flex,2097,2137,40,37,5,94
11.568,2026-08-05T05:49:58.903726+00:00,right_wrist_flex,1976,1990,14,35,1,42
11.568,2026-08-05T05:49:58.903726+00:00,right_wrist_roll,2114,2111,-3,34,0,1044
11.568,2026-08-05T05:49:58.903726+00:00,right_gripper,2428,2442,14,38,2,42
11.619,2026-08-05T05:49:58.953777+00:00,left_shoulder_pan,1857,1851,-6,37,1,1060
11.619,2026-08-05T05:49:58.953777+00:00,left_shoulder_lift,2389,2406,17,37,4,80
11.619,2026-08-05T05:49:58.953777+00:00,left_elbow_flex,1629,1641,12,34,2,60
11.619,2026-08-05T05:49:58.953777+00:00,left_wrist_flex,2169,2173,4,34,0,28
11.619,2026-08-05T05:49:58.953777+00:00,left_wrist_roll,1989,1987,-2,34,0,1044
11.619,2026-08-05T05:49:58.953777+00:00,left_gripper,2014,2014,0,36,0,0
11.619,2026-08-05T05:49:58.953777+00:00,right_shoulder_pan,2033,2061,28,37,0,54
11.619,2026-08-05T05:49:58.953777+00:00,right_shoulder_lift,1992,2156,164,38,56,342
11.619,2026-08-05T05:49:58.953777+00:00,right_elbow_flex,2097,2137,40,37,4,94
11.619,2026-08-05T05:49:58.953777+00:00,right_wrist_flex,1976,1990,14,35,1,42
11.619,2026-08-05T05:49:58.953777+00:00,right_wrist_roll,2114,2111,-3,34,0,1044
11.619,2026-08-05T05:49:58.953777+00:00,right_gripper,2428,2442,14,38,2,42
11.669,2026-08-05T05:49:59.003918+00:00,left_shoulder_pan,1857,1851,-6,37,1,1060
11.669,2026-08-05T05:49:59.003918+00:00,left_shoulder_lift,2389,2406,17,37,5,80
11.669,2026-08-05T05:49:59.003918+00:00,left_elbow_flex,1629,1641,12,34,2,60
11.669,2026-08-05T05:49:59.003918+00:00,left_wrist_flex,2169,2173,4,34,1,28
11.669,2026-08-05T05:49:59.003918+00:00,left_wrist_roll,1989,1987,-2,34,1,1044
11.669,2026-08-05T05:49:59.003918+00:00,left_gripper,2014,2014,0,36,0,0
11.669,2026-08-05T05:49:59.003918+00:00,right_shoulder_pan,2025,2054,29,37,1,50
11.669,2026-08-05T05:49:59.003918+00:00,right_shoulder_lift,1991,2156,165,38,64,348
11.669,2026-08-05T05:49:59.003918+00:00,right_elbow_flex,2097,2137,40,37,4,94
11.669,2026-08-05T05:49:59.003918+00:00,right_wrist_flex,1976,1990,14,35,2,42
11.669,2026-08-05T05:49:59.003918+00:00,right_wrist_roll,2114,2111,-3,34,0,1044
11.669,2026-08-05T05:49:59.003918+00:00,right_gripper,2428,2442,14,38,2,42
11.719,2026-08-05T05:49:59.053917+00:00,left_shoulder_pan,1857,1851,-6,37,1,1060
11.719,2026-08-05T05:49:59.053917+00:00,left_shoulder_lift,2389,2406,17,37,4,80
11.719,2026-08-05T05:49:59.053917+00:00,left_elbow_flex,1629,1641,12,34,2,60
11.719,2026-08-05T05:49:59.053917+00:00,left_wrist_flex,2169,2173,4,34,0,28
11.719,2026-08-05T05:49:59.053917+00:00,left_wrist_roll,1989,1987,-2,34,0,1044
11.719,2026-08-05T05:49:59.053917+00:00,left_gripper,2014,2014,0,37,0,0
11.719,2026-08-05T05:49:59.053917+00:00,right_shoulder_pan,2018,2047,29,37,1,60
11.719,2026-08-05T05:49:59.053917+00:00,right_shoulder_lift,1990,2156,166,38,57,346
11.719,2026-08-05T05:49:59.053917+00:00,right_elbow_flex,2097,2137,40,37,5,94
11.719,2026-08-05T05:49:59.053917+00:00,right_wrist_flex,1976,1990,14,35,0,42
11.719,2026-08-05T05:49:59.053917+00:00,right_wrist_roll,2114,2111,-3,34,0,1044
11.719,2026-08-05T05:49:59.053917+00:00,right_gripper,2428,2442,14,38,2,42
11.769,2026-08-05T05:49:59.104055+00:00,left_shoulder_pan,1857,1851,-6,37,1,1060
11.769,2026-08-05T05:49:59.104055+00:00,left_shoulder_lift,2389,2406,17,37,4,80
11.769,2026-08-05T05:49:59.104055+00:00,left_elbow_flex,1629,1641,12,34,2,60
11.769,2026-08-05T05:49:59.104055+00:00,left_wrist_flex,2169,2173,4,34,1,28
11.769,2026-08-05T05:49:59.104055+00:00,left_wrist_roll,1989,1987,-2,34,0,1044
11.769,2026-08-05T05:49:59.104055+00:00,left_gripper,2014,2014,0,36,0,0
11.769,2026-08-05T05:49:59.104055+00:00,right_shoulder_pan,2010,2039,29,37,0,56
11.769,2026-08-05T05:49:59.104055+00:00,right_shoulder_lift,1990,2156,166,38,58,346
11.769,2026-08-05T05:49:59.104055+00:00,right_elbow_flex,2097,2137,40,38,4,94
11.769,2026-08-05T05:49:59.104055+00:00,right_wrist_flex,1976,1990,14,35,1,42
11.769,2026-08-05T05:49:59.104055+00:00,right_wrist_roll,2114,2111,-3,34,0,1044
11.769,2026-08-05T05:49:59.104055+00:00,right_gripper,2428,2442,14,38,2,42
11.819,2026-08-05T05:49:59.154173+00:00,left_shoulder_pan,1857,1851,-6,37,0,1060
11.819,2026-08-05T05:49:59.154173+00:00,left_shoulder_lift,2389,2406,17,37,4,80
11.819,2026-08-05T05:49:59.154173+00:00,left_elbow_flex,1629,1641,12,34,2,60
11.819,2026-08-05T05:49:59.154173+00:00,left_wrist_flex,2169,2173,4,34,0,28
11.819,2026-08-05T05:49:59.154173+00:00,left_wrist_roll,1989,1987,-2,34,1,1044
11.819,2026-08-05T05:49:59.154173+00:00,left_gripper,2014,2014,0,36,0,0
11.819,2026-08-05T05:49:59.154173+00:00,right_shoulder_pan,2002,2032,30,37,1,60
11.819,2026-08-05T05:49:59.154173+00:00,right_shoulder_lift,1990,2156,166,38,57,346
11.819,2026-08-05T05:49:59.154173+00:00,right_elbow_flex,2097,2137,40,37,4,94
11.819,2026-08-05T05:49:59.154173+00:00,right_wrist_flex,1976,1990,14,35,1,42
11.819,2026-08-05T05:49:59.154173+00:00,right_wrist_roll,2114,2111,-3,34,0,1044
11.819,2026-08-05T05:49:59.154173+00:00,right_gripper,2428,2442,14,38,2,42
11.869,2026-08-05T05:49:59.204599+00:00,left_shoulder_pan,1857,1851,-6,37,1,1060
11.869,2026-08-05T05:49:59.204599+00:00,left_shoulder_lift,2389,2406,17,37,5,80
11.869,2026-08-05T05:49:59.204599+00:00,left_elbow_flex,1629,1641,12,34,3,60
11.869,2026-08-05T05:49:59.204599+00:00,left_wrist_flex,2169,2173,4,34,0,28
11.869,2026-08-05T05:49:59.204599+00:00,left_wrist_roll,1989,1987,-2,34,0,1044
11.869,2026-08-05T05:49:59.204599+00:00,left_gripper,2014,2014,0,37,0,0
11.869,2026-08-05T05:49:59.204599+00:00,right_shoulder_pan,1995,2024,29,37,1,56
11.869,2026-08-05T05:49:59.204599+00:00,right_shoulder_lift,1989,2156,167,38,60,348
11.869,2026-08-05T05:49:59.204599+00:00,right_elbow_flex,2097,2137,40,37,5,94
11.869,2026-08-05T05:49:59.204599+00:00,right_wrist_flex,1976,1990,14,35,1,42
11.869,2026-08-05T05:49:59.204599+00:00,right_wrist_roll,2114,2111,-3,34,1,1044
11.869,2026-08-05T05:49:59.204599+00:00,right_gripper,2428,2442,14,38,3,42
11.919,2026-08-05T05:49:59.254460+00:00,left_shoulder_pan,1857,1851,-6,37,1,1060
11.919,2026-08-05T05:49:59.254460+00:00,left_shoulder_lift,2389,2406,17,37,4,80
11.919,2026-08-05T05:49:59.254460+00:00,left_elbow_flex,1629,1641,12,34,2,60
11.919,2026-08-05T05:49:59.254460+00:00,left_wrist_flex,2169,2173,4,34,0,28
11.919,2026-08-05T05:49:59.254460+00:00,left_wrist_roll,1989,1987,-2,34,0,1044
11.919,2026-08-05T05:49:59.254460+00:00,left_gripper,2014,2014,0,37,0,0
11.919,2026-08-05T05:49:59.254460+00:00,right_shoulder_pan,1987,2016,29,37,1,50
11.919,2026-08-05T05:49:59.254460+00:00,right_shoulder_lift,1989,2156,167,38,52,348
11.919,2026-08-05T05:49:59.254460+00:00,right_elbow_flex,2097,2137,40,37,4,94
11.919,2026-08-05T05:49:59.254460+00:00,right_wrist_flex,1976,1990,14,35,1,42
11.919,2026-08-05T05:49:59.254460+00:00,right_wrist_roll,2114,2111,-3,34,0,1044
11.919,2026-08-05T05:49:59.254460+00:00,right_gripper,2428,2442,14,38,2,42
11.969,2026-08-05T05:49:59.304605+00:00,left_shoulder_pan,1857,1851,-6,37,0,1060
11.969,2026-08-05T05:49:59.304605+00:00,left_shoulder_lift,2389,2406,17,37,4,80
11.969,2026-08-05T05:49:59.304605+00:00,left_elbow_flex,1629,1641,12,34,2,60
11.969,2026-08-05T05:49:59.304605+00:00,left_wrist_flex,2169,2173,4,34,1,28
11.969,2026-08-05T05:49:59.304605+00:00,left_wrist_roll,1989,1987,-2,34,0,1044
11.969,2026-08-05T05:49:59.304605+00:00,left_gripper,2014,2014,0,36,0,0
11.969,2026-08-05T05:49:59.304605+00:00,right_shoulder_pan,1979,2009,30,37,0,56
11.969,2026-08-05T05:49:59.304605+00:00,right_shoulder_lift,1989,2156,167,38,57,348
11.969,2026-08-05T05:49:59.304605+00:00,right_elbow_flex,2097,2137,40,37,4,94
11.969,2026-08-05T05:49:59.304605+00:00,right_wrist_flex,1976,1990,14,35,1,42
11.969,2026-08-05T05:49:59.304605+00:00,right_wrist_roll,2114,2111,-3,34,0,1044
11.969,2026-08-05T05:49:59.304605+00:00,right_gripper,2428,2442,14,38,1,42
12.019,2026-08-05T05:49:59.354628+00:00,left_shoulder_pan,1857,1851,-6,37,1,1060
12.019,2026-08-05T05:49:59.354628+00:00,left_shoulder_lift,2389,2406,17,37,4,80
12.019,2026-08-05T05:49:59.354628+00:00,left_elbow_flex,1629,1641,12,34,2,60
12.019,2026-08-05T05:49:59.354628+00:00,left_wrist_flex,2169,2173,4,34,0,28
12.019,2026-08-05T05:49:59.354628+00:00,left_wrist_roll,1989,1987,-2,34,0,1044
12.019,2026-08-05T05:49:59.354628+00:00,left_gripper,2014,2014,0,36,0,0
12.019,2026-08-05T05:49:59.354628+00:00,right_shoulder_pan,1971,2001,30,37,1,60
12.019,2026-08-05T05:49:59.354628+00:00,right_shoulder_lift,1989,2156,167,38,60,348
12.019,2026-08-05T05:49:59.354628+00:00,right_elbow_flex,2097,2137,40,38,4,94
12.019,2026-08-05T05:49:59.354628+00:00,right_wrist_flex,1976,1990,14,35,1,42
12.019,2026-08-05T05:49:59.354628+00:00,right_wrist_roll,2114,2111,-3,34,0,1044
12.019,2026-08-05T05:49:59.354628+00:00,right_gripper,2428,2442,14,38,1,42
12.069,2026-08-05T05:49:59.404715+00:00,left_shoulder_pan,1857,1851,-6,37,0,1060
12.069,2026-08-05T05:49:59.404715+00:00,left_shoulder_lift,2389,2406,17,37,5,80
12.069,2026-08-05T05:49:59.404715+00:00,left_elbow_flex,1629,1641,12,34,2,60
12.069,2026-08-05T05:49:59.404715+00:00,left_wrist_flex,2169,2173,4,34,0,28
12.069,2026-08-05T05:49:59.404715+00:00,left_wrist_roll,1989,1987,-2,34,0,1044
12.069,2026-08-05T05:49:59.404715+00:00,left_gripper,2014,2014,0,36,0,0
12.069,2026-08-05T05:49:59.404715+00:00,right_shoulder_pan,1963,1993,30,37,1,56
12.069,2026-08-05T05:49:59.404715+00:00,right_shoulder_lift,1989,2156,167,38,56,348
12.069,2026-08-05T05:49:59.404715+00:00,right_elbow_flex,2097,2137,40,37,5,94
12.069,2026-08-05T05:49:59.404715+00:00,right_wrist_flex,1976,1990,14,35,1,42
12.069,2026-08-05T05:49:59.404715+00:00,right_wrist_roll,2114,2111,-3,34,0,1044
12.069,2026-08-05T05:49:59.404715+00:00,right_gripper,2428,2442,14,38,1,42
12.119,2026-08-05T05:49:59.454691+00:00,left_shoulder_pan,1857,1851,-6,37,1,1060
12.119,2026-08-05T05:49:59.454691+00:00,left_shoulder_lift,2389,2406,17,37,4,80
12.119,2026-08-05T05:49:59.454691+00:00,left_elbow_flex,1629,1641,12,35,3,60
12.119,2026-08-05T05:49:59.454691+00:00,left_wrist_flex,2169,2173,4,34,0,28
12.119,2026-08-05T05:49:59.454691+00:00,left_wrist_roll,1989,1987,-2,34,1,1044
12.119,2026-08-05T05:49:59.454691+00:00,left_gripper,2014,2014,0,36,0,0
12.119,2026-08-05T05:49:59.454691+00:00,right_shoulder_pan,1955,1986,31,37,2,62
12.119,2026-08-05T05:49:59.454691+00:00,right_shoulder_lift,1989,2156,167,38,53,348
12.119,2026-08-05T05:49:59.454691+00:00,right_elbow_flex,2097,2137,40,38,5,94
12.119,2026-08-05T05:49:59.454691+00:00,right_wrist_flex,1976,1990,14,35,0,42
12.119,2026-08-05T05:49:59.454691+00:00,right_wrist_roll,2114,2111,-3,34,0,1044
12.119,2026-08-05T05:49:59.454691+00:00,right_gripper,2428,2442,14,38,1,42
12.169,2026-08-05T05:49:59.504882+00:00,left_shoulder_pan,1857,1851,-6,37,1,1060
12.169,2026-08-05T05:49:59.504882+00:00,left_shoulder_lift,2389,2406,17,37,4,80
12.169,2026-08-05T05:49:59.504882+00:00,left_elbow_flex,1629,1641,12,34,2,60
12.169,2026-08-05T05:49:59.504882+00:00,left_wrist_flex,2169,2173,4,34,1,28
12.169,2026-08-05T05:49:59.504882+00:00,left_wrist_roll,1989,1987,-2,34,0,1044
12.169,2026-08-05T05:49:59.504882+00:00,left_gripper,2014,2014,0,36,0,0
12.169,2026-08-05T05:49:59.504882+00:00,right_shoulder_pan,1947,1978,31,37,1,58
12.169,2026-08-05T05:49:59.504882+00:00,right_shoulder_lift,1990,2156,166,38,54,348
12.169,2026-08-05T05:49:59.504882+00:00,right_elbow_flex,2097,2137,40,37,4,94
12.169,2026-08-05T05:49:59.504882+00:00,right_wrist_flex,1976,1990,14,35,1,42
12.169,2026-08-05T05:49:59.504882+00:00,right_wrist_roll,2114,2111,-3,34,0,1044
12.169,2026-08-05T05:49:59.504882+00:00,right_gripper,2428,2442,14,38,2,42
12.219,2026-08-05T05:49:59.554767+00:00,left_shoulder_pan,1857,1851,-6,37,1,1060
12.219,2026-08-05T05:49:59.554767+00:00,left_shoulder_lift,2389,2406,17,37,4,80
12.219,2026-08-05T05:49:59.554767+00:00,left_elbow_flex,1629,1641,12,34,3,60
12.219,2026-08-05T05:49:59.554767+00:00,left_wrist_flex,2169,2173,4,34,1,28
12.219,2026-08-05T05:49:59.554767+00:00,left_wrist_roll,1989,1987,-2,34,0,1044
12.219,2026-08-05T05:49:59.554767+00:00,left_gripper,2014,2014,0,36,0,0
12.219,2026-08-05T05:49:59.554767+00:00,right_shoulder_pan,1940,1970,30,37,1,60
12.219,2026-08-05T05:49:59.554767+00:00,right_shoulder_lift,1990,2156,166,38,61,346
12.219,2026-08-05T05:49:59.554767+00:00,right_elbow_flex,2097,2137,40,37,4,94
12.219,2026-08-05T05:49:59.554767+00:00,right_wrist_flex,1976,1990,14,35,1,42
12.219,2026-08-05T05:49:59.554767+00:00,right_wrist_roll,2114,2111,-3,34,0,1044
12.219,2026-08-05T05:49:59.554767+00:00,right_gripper,2428,2442,14,38,1,42
12.269,2026-08-05T05:49:59.604952+00:00,left_shoulder_pan,1857,1851,-6,37,1,1060
12.269,2026-08-05T05:49:59.604952+00:00,left_shoulder_lift,2389,2406,17,37,5,80
12.269,2026-08-05T05:49:59.604952+00:00,left_elbow_flex,1629,1641,12,34,2,60
12.269,2026-08-05T05:49:59.604952+00:00,left_wrist_flex,2169,2173,4,34,0,28
12.269,2026-08-05T05:49:59.604952+00:00,left_wrist_roll,1989,1987,-2,34,0,1044
12.269,2026-08-05T05:49:59.604952+00:00,left_gripper,2014,2014,0,36,0,0
12.269,2026-08-05T05:49:59.604952+00:00,right_shoulder_pan,1932,1963,31,37,1,54
12.269,2026-08-05T05:49:59.604952+00:00,right_shoulder_lift,1990,2156,166,38,57,346
12.269,2026-08-05T05:49:59.604952+00:00,right_elbow_flex,2097,2137,40,37,4,94
12.269,2026-08-05T05:49:59.604952+00:00,right_wrist_flex,1976,1990,14,35,1,42
12.269,2026-08-05T05:49:59.604952+00:00,right_wrist_roll,2114,2111,-3,34,0,1044
12.269,2026-08-05T05:49:59.604952+00:00,right_gripper,2428,2442,14,38,2,42
12.319,2026-08-05T05:49:59.654929+00:00,left_shoulder_pan,1857,1851,-6,37,1,1060
12.319,2026-08-05T05:49:59.654929+00:00,left_shoulder_lift,2389,2406,17,37,4,80
12.319,2026-08-05T05:49:59.654929+00:00,left_elbow_flex,1629,1641,12,34,2,60
12.319,2026-08-05T05:49:59.654929+00:00,left_wrist_flex,2169,2173,4,34,0,28
12.319,2026-08-05T05:49:59.654929+00:00,left_wrist_roll,1989,1987,-2,34,1,1044
12.319,2026-08-05T05:49:59.654929+00:00,left_gripper,2014,2014,0,36,0,0
12.319,2026-08-05T05:49:59.654929+00:00,right_shoulder_pan,1924,1955,31,37,1,58
12.319,2026-08-05T05:49:59.654929+00:00,right_shoulder_lift,1991,2156,165,38,58,346
12.319,2026-08-05T05:49:59.654929+00:00,right_elbow_flex,2097,2137,40,37,5,94
12.319,2026-08-05T05:49:59.654929+00:00,right_wrist_flex,1976,1990,14,35,1,42
12.319,2026-08-05T05:49:59.654929+00:00,right_wrist_roll,2114,2111,-3,34,0,1044
12.319,2026-08-05T05:49:59.654929+00:00,right_gripper,2428,2442,14,38,1,42
12.370,2026-08-05T05:49:59.704860+00:00,left_shoulder_pan,1857,1851,-6,37,1,1060
12.370,2026-08-05T05:49:59.704860+00:00,left_shoulder_lift,2389,2406,17,37,5,80
12.370,2026-08-05T05:49:59.704860+00:00,left_elbow_flex,1629,1641,12,34,2,60
12.370,2026-08-05T05:49:59.704860+00:00,left_wrist_flex,2169,2173,4,34,1,28
12.370,2026-08-05T05:49:59.704860+00:00,left_wrist_roll,1989,1987,-2,34,0,1044
12.370,2026-08-05T05:49:59.704860+00:00,left_gripper,2014,2014,0,36,0,0
12.370,2026-08-05T05:49:59.704860+00:00,right_shoulder_pan,1917,1948,31,37,1,60
12.370,2026-08-05T05:49:59.704860+00:00,right_shoulder_lift,1992,2156,164,38,59,344
12.370,2026-08-05T05:49:59.704860+00:00,right_elbow_flex,2097,2137,40,37,5,94
12.370,2026-08-05T05:49:59.704860+00:00,right_wrist_flex,1976,1990,14,35,1,42
12.370,2026-08-05T05:49:59.704860+00:00,right_wrist_roll,2114,2111,-3,34,0,1044
12.370,2026-08-05T05:49:59.704860+00:00,right_gripper,2428,2442,14,38,2,42
12.420,2026-08-05T05:49:59.755094+00:00,left_shoulder_pan,1857,1851,-6,37,1,1060
12.420,2026-08-05T05:49:59.755094+00:00,left_shoulder_lift,2389,2406,17,37,5,80
12.420,2026-08-05T05:49:59.755094+00:00,left_elbow_flex,1629,1641,12,34,2,60
12.420,2026-08-05T05:49:59.755094+00:00,left_wrist_flex,2169,2173,4,34,0,28
12.420,2026-08-05T05:49:59.755094+00:00,left_wrist_roll,1989,1987,-2,34,0,1044
12.420,2026-08-05T05:49:59.755094+00:00,left_gripper,2014,2014,0,36,0,0
12.420,2026-08-05T05:49:59.755094+00:00,right_shoulder_pan,1909,1939,30,37,1,58
12.420,2026-08-05T05:49:59.755094+00:00,right_shoulder_lift,1992,2156,164,38,55,338
12.420,2026-08-05T05:49:59.755094+00:00,right_elbow_flex,2097,2137,40,37,4,94
12.420,2026-08-05T05:49:59.755094+00:00,right_wrist_flex,1976,1990,14,35,1,42
12.420,2026-08-05T05:49:59.755094+00:00,right_wrist_roll,2114,2111,-3,34,0,1044
12.420,2026-08-05T05:49:59.755094+00:00,right_gripper,2428,2442,14,38,1,42
12.470,2026-08-05T05:49:59.805049+00:00,left_shoulder_pan,1857,1851,-6,37,1,1060
12.470,2026-08-05T05:49:59.805049+00:00,left_shoulder_lift,2389,2406,17,37,4,80
12.470,2026-08-05T05:49:59.805049+00:00,left_elbow_flex,1629,1641,12,34,2,60
12.470,2026-08-05T05:49:59.805049+00:00,left_wrist_flex,2169,2173,4,34,0,28
12.470,2026-08-05T05:49:59.805049+00:00,left_wrist_roll,1989,1987,-2,34,0,1044
12.470,2026-08-05T05:49:59.805049+00:00,left_gripper,2014,2014,0,36,0,0
12.470,2026-08-05T05:49:59.805049+00:00,right_shoulder_pan,1902,1932,30,37,1,58
12.470,2026-08-05T05:49:59.805049+00:00,right_shoulder_lift,1993,2156,163,38,58,342
12.470,2026-08-05T05:49:59.805049+00:00,right_elbow_flex,2097,2137,40,37,5,94
12.470,2026-08-05T05:49:59.805049+00:00,right_wrist_flex,1976,1990,14,34,1,42
12.470,2026-08-05T05:49:59.805049+00:00,right_wrist_roll,2114,2111,-3,34,1,1044
12.470,2026-08-05T05:49:59.805049+00:00,right_gripper,2428,2442,14,38,1,42
12.520,2026-08-05T05:49:59.855138+00:00,left_shoulder_pan,1857,1851,-6,37,0,1060
12.520,2026-08-05T05:49:59.855138+00:00,left_shoulder_lift,2389,2406,17,37,5,80
12.520,2026-08-05T05:49:59.855138+00:00,left_elbow_flex,1629,1641,12,34,2,60
12.520,2026-08-05T05:49:59.855138+00:00,left_wrist_flex,2169,2173,4,34,0,28
12.520,2026-08-05T05:49:59.855138+00:00,left_wrist_roll,1989,1987,-2,34,0,1044
12.520,2026-08-05T05:49:59.855138+00:00,left_gripper,2014,2014,0,36,0,0
12.520,2026-08-05T05:49:59.855138+00:00,right_shoulder_pan,1895,1924,29,37,1,64
12.520,2026-08-05T05:49:59.855138+00:00,right_shoulder_lift,1994,2156,162,38,55,336
12.520,2026-08-05T05:49:59.855138+00:00,right_elbow_flex,2097,2137,40,37,4,94
12.520,2026-08-05T05:49:59.855138+00:00,right_wrist_flex,1976,1990,14,35,1,42
12.520,2026-08-05T05:49:59.855138+00:00,right_wrist_roll,2114,2111,-3,34,0,1044
12.520,2026-08-05T05:49:59.855138+00:00,right_gripper,2428,2442,14,38,1,42
12.570,2026-08-05T05:49:59.905141+00:00,left_shoulder_pan,1857,1851,-6,37,1,1060
12.570,2026-08-05T05:49:59.905141+00:00,left_shoulder_lift,2389,2406,17,37,4,80
12.570,2026-08-05T05:49:59.905141+00:00,left_elbow_flex,1629,1641,12,34,2,60
12.570,2026-08-05T05:49:59.905141+00:00,left_wrist_flex,2169,2173,4,34,0,28
12.570,2026-08-05T05:49:59.905141+00:00,left_wrist_roll,1989,1987,-2,34,0,1044
12.570,2026-08-05T05:49:59.905141+00:00,left_gripper,2014,2014,0,36,0,0
12.570,2026-08-05T05:49:59.905141+00:00,right_shoulder_pan,1887,1916,29,37,1,54
12.570,2026-08-05T05:49:59.905141+00:00,right_shoulder_lift,1995,2156,161,38,54,338
12.570,2026-08-05T05:49:59.905141+00:00,right_elbow_flex,2097,2137,40,37,4,94
12.570,2026-08-05T05:49:59.905141+00:00,right_wrist_flex,1976,1990,14,35,2,42
12.570,2026-08-05T05:49:59.905141+00:00,right_wrist_roll,2114,2111,-3,34,0,1044
12.570,2026-08-05T05:49:59.905141+00:00,right_gripper,2428,2442,14,38,1,42
12.620,2026-08-05T05:49:59.955423+00:00,left_shoulder_pan,1857,1851,-6,37,1,1060
12.620,2026-08-05T05:49:59.955423+00:00,left_shoulder_lift,2389,2406,17,37,4,80
12.620,2026-08-05T05:49:59.955423+00:00,left_elbow_flex,1629,1641,12,34,2,60
12.620,2026-08-05T05:49:59.955423+00:00,left_wrist_flex,2169,2173,4,34,0,28
12.620,2026-08-05T05:49:59.955423+00:00,left_wrist_roll,1989,1987,-2,34,0,1044
12.620,2026-08-05T05:49:59.955423+00:00,left_gripper,2014,2014,0,36,0,0
12.620,2026-08-05T05:49:59.955423+00:00,right_shoulder_pan,1880,1909,29,37,1,60
12.620,2026-08-05T05:49:59.955423+00:00,right_shoulder_lift,1996,2156,160,38,51,336
12.620,2026-08-05T05:49:59.955423+00:00,right_elbow_flex,2097,2137,40,37,5,94
12.620,2026-08-05T05:49:59.955423+00:00,right_wrist_flex,1976,1990,14,35,1,42
12.620,2026-08-05T05:49:59.955423+00:00,right_wrist_roll,2114,2111,-3,34,0,1044
12.620,2026-08-05T05:49:59.955423+00:00,right_gripper,2428,2442,14,38,2,42
12.670,2026-08-05T05:50:00.005312+00:00,left_shoulder_pan,1857,1851,-6,37,1,1060
12.670,2026-08-05T05:50:00.005312+00:00,left_shoulder_lift,2389,2406,17,37,4,80
12.670,2026-08-05T05:50:00.005312+00:00,left_elbow_flex,1629,1641,12,34,2,60
12.670,2026-08-05T05:50:00.005312+00:00,left_wrist_flex,2169,2173,4,34,0,28
12.670,2026-08-05T05:50:00.005312+00:00,left_wrist_roll,1989,1987,-2,34,0,1044
12.670,2026-08-05T05:50:00.005312+00:00,left_gripper,2014,2014,0,36,0,0
12.670,2026-08-05T05:50:00.005312+00:00,right_shoulder_pan,1874,1901,27,37,1,54
12.670,2026-08-05T05:50:00.005312+00:00,right_shoulder_lift,1997,2156,159,38,53,334
12.670,2026-08-05T05:50:00.005312+00:00,right_elbow_flex,2097,2137,40,37,4,94
12.670,2026-08-05T05:50:00.005312+00:00,right_wrist_flex,1976,1990,14,35,1,42
12.670,2026-08-05T05:50:00.005312+00:00,right_wrist_roll,2114,2111,-3,34,0,1044
12.670,2026-08-05T05:50:00.005312+00:00,right_gripper,2428,2442,14,38,1,42
12.720,2026-08-05T05:50:00.055360+00:00,left_shoulder_pan,1857,1851,-6,37,1,1060
12.720,2026-08-05T05:50:00.055360+00:00,left_shoulder_lift,2389,2406,17,37,4,80
12.720,2026-08-05T05:50:00.055360+00:00,left_elbow_flex,1629,1641,12,34,2,60
12.720,2026-08-05T05:50:00.055360+00:00,left_wrist_flex,2169,2173,4,34,1,28
12.720,2026-08-05T05:50:00.055360+00:00,left_wrist_roll,1989,1987,-2,34,1,1044
12.720,2026-08-05T05:50:00.055360+00:00,left_gripper,2014,2014,0,37,0,0
12.720,2026-08-05T05:50:00.055360+00:00,right_shoulder_pan,1867,1894,27,37,1,52
12.720,2026-08-05T05:50:00.055360+00:00,right_shoulder_lift,1998,2156,158,38,53,332
12.720,2026-08-05T05:50:00.055360+00:00,right_elbow_flex,2097,2137,40,38,4,94
12.720,2026-08-05T05:50:00.055360+00:00,right_wrist_flex,1976,1990,14,35,1,42
12.720,2026-08-05T05:50:00.055360+00:00,right_wrist_roll,2114,2111,-3,34,0,1044
12.720,2026-08-05T05:50:00.055360+00:00,right_gripper,2428,2442,14,38,2,42
12.770,2026-08-05T05:50:00.105472+00:00,left_shoulder_pan,1857,1851,-6,37,1,1060
12.770,2026-08-05T05:50:00.105472+00:00,left_shoulder_lift,2389,2406,17,37,4,80
12.770,2026-08-05T05:50:00.105472+00:00,left_elbow_flex,1629,1641,12,35,3,60
12.770,2026-08-05T05:50:00.105472+00:00,left_wrist_flex,2169,2173,4,34,0,28
12.770,2026-08-05T05:50:00.105472+00:00,left_wrist_roll,1989,1987,-2,34,0,1044
12.770,2026-08-05T05:50:00.105472+00:00,left_gripper,2014,2014,0,36,0,0
12.770,2026-08-05T05:50:00.105472+00:00,right_shoulder_pan,1860,1887,27,37,1,52
12.770,2026-08-05T05:50:00.105472+00:00,right_shoulder_lift,2000,2156,156,38,50,330
12.770,2026-08-05T05:50:00.105472+00:00,right_elbow_flex,2097,2137,40,37,4,94
12.770,2026-08-05T05:50:00.105472+00:00,right_wrist_flex,1976,1990,14,35,1,42
12.770,2026-08-05T05:50:00.105472+00:00,right_wrist_roll,2114,2111,-3,34,0,1044
12.770,2026-08-05T05:50:00.105472+00:00,right_gripper,2428,2442,14,38,2,42
12.820,2026-08-05T05:50:00.156772+00:00,left_shoulder_pan,1857,1851,-6,37,1,1060
12.820,2026-08-05T05:50:00.156772+00:00,left_shoulder_lift,2389,2406,17,37,5,80
12.820,2026-08-05T05:50:00.156772+00:00,left_elbow_flex,1629,1641,12,34,2,60
12.820,2026-08-05T05:50:00.156772+00:00,left_wrist_flex,2169,2173,4,34,1,28
12.820,2026-08-05T05:50:00.156772+00:00,left_wrist_roll,1989,1987,-2,34,1,1044
12.820,2026-08-05T05:50:00.156772+00:00,left_gripper,2014,2014,0,36,0,0
12.820,2026-08-05T05:50:00.156772+00:00,right_shoulder_pan,1854,1880,26,37,1,52
12.820,2026-08-05T05:50:00.156772+00:00,right_shoulder_lift,2001,2156,155,38,44,326
12.820,2026-08-05T05:50:00.156772+00:00,right_elbow_flex,2097,2137,40,37,4,94
12.820,2026-08-05T05:50:00.156772+00:00,right_wrist_flex,1976,1990,14,35,1,42
12.820,2026-08-05T05:50:00.156772+00:00,right_wrist_roll,2114,2111,-3,34,1,1044
12.820,2026-08-05T05:50:00.156772+00:00,right_gripper,2428,2442,14,38,2,42
12.870,2026-08-05T05:50:00.207903+00:00,left_shoulder_pan,1857,1851,-6,37,1,1060
12.870,2026-08-05T05:50:00.207903+00:00,left_shoulder_lift,2389,2406,17,37,4,80
12.870,2026-08-05T05:50:00.207903+00:00,left_elbow_flex,1629,1641,12,34,2,60
12.870,2026-08-05T05:50:00.207903+00:00,left_wrist_flex,2169,2173,4,34,0,28
12.870,2026-08-05T05:50:00.207903+00:00,left_wrist_roll,1989,1987,-2,34,1,1044
12.870,2026-08-05T05:50:00.207903+00:00,left_gripper,2014,2014,0,37,0,0
12.870,2026-08-05T05:50:00.207903+00:00,right_shoulder_pan,1848,1874,26,37,1,50
12.870,2026-08-05T05:50:00.207903+00:00,right_shoulder_lift,2002,2156,154,38,52,324
12.870,2026-08-05T05:50:00.207903+00:00,right_elbow_flex,2097,2137,40,38,5,94
12.870,2026-08-05T05:50:00.207903+00:00,right_wrist_flex,1976,1990,14,35,0,42
12.870,2026-08-05T05:50:00.207903+00:00,right_wrist_roll,2114,2111,-3,34,0,1044
12.870,2026-08-05T05:50:00.207903+00:00,right_gripper,2428,2442,14,38,2,42
12.920,2026-08-05T05:50:00.255693+00:00,left_shoulder_pan,1857,1851,-6,37,1,1060
12.920,2026-08-05T05:50:00.255693+00:00,left_shoulder_lift,2389,2406,17,37,4,80
12.920,2026-08-05T05:50:00.255693+00:00,left_elbow_flex,1629,1641,12,34,2,60
12.920,2026-08-05T05:50:00.255693+00:00,left_wrist_flex,2169,2173,4,34,1,28
12.920,2026-08-05T05:50:00.255693+00:00,left_wrist_roll,1989,1987,-2,34,0,1044
12.920,2026-08-05T05:50:00.255693+00:00,left_gripper,2014,2014,0,36,0,0
12.920,2026-08-05T05:50:00.255693+00:00,right_shoulder_pan,1842,1867,25,37,1,58
12.920,2026-08-05T05:50:00.255693+00:00,right_shoulder_lift,2004,2156,152,38,51,322
12.920,2026-08-05T05:50:00.255693+00:00,right_elbow_flex,2097,2137,40,38,4,94
12.920,2026-08-05T05:50:00.255693+00:00,right_wrist_flex,1976,1990,14,35,1,42
12.920,2026-08-05T05:50:00.255693+00:00,right_wrist_roll,2114,2111,-3,34,0,1044
12.920,2026-08-05T05:50:00.255693+00:00,right_gripper,2428,2442,14,38,1,42
12.970,2026-08-05T05:50:00.306034+00:00,left_shoulder_pan,1857,1851,-6,37,1,1060
12.970,2026-08-05T05:50:00.306034+00:00,left_shoulder_lift,2389,2406,17,37,4,80
12.970,2026-08-05T05:50:00.306034+00:00,left_elbow_flex,1629,1641,12,34,2,60
12.970,2026-08-05T05:50:00.306034+00:00,left_wrist_flex,2169,2173,4,34,1,28
12.970,2026-08-05T05:50:00.306034+00:00,left_wrist_roll,1989,1987,-2,34,0,1044
12.970,2026-08-05T05:50:00.306034+00:00,left_gripper,2014,2014,0,37,0,0
12.970,2026-08-05T05:50:00.306034+00:00,right_shoulder_pan,1836,1861,25,37,1,48
12.970,2026-08-05T05:50:00.306034+00:00,right_shoulder_lift,2006,2156,150,38,41,314
12.970,2026-08-05T05:50:00.306034+00:00,right_elbow_flex,2097,2137,40,37,4,94
12.970,2026-08-05T05:50:00.306034+00:00,right_wrist_flex,1976,1990,14,35,1,42
12.970,2026-08-05T05:50:00.306034+00:00,right_wrist_roll,2114,2111,-3,34,0,1044
12.970,2026-08-05T05:50:00.306034+00:00,right_gripper,2428,2442,14,37,2,42
13.021,2026-08-05T05:50:00.355796+00:00,left_shoulder_pan,1857,1851,-6,37,1,1060
13.021,2026-08-05T05:50:00.355796+00:00,left_shoulder_lift,2389,2406,17,37,4,80
13.021,2026-08-05T05:50:00.355796+00:00,left_elbow_flex,1629,1641,12,34,2,60
13.021,2026-08-05T05:50:00.355796+00:00,left_wrist_flex,2169,2173,4,34,0,28
13.021,2026-08-05T05:50:00.355796+00:00,left_wrist_roll,1989,1987,-2,34,0,1044
13.021,2026-08-05T05:50:00.355796+00:00,left_gripper,2014,2014,0,36,0,0
13.021,2026-08-05T05:50:00.355796+00:00,right_shoulder_pan,1830,1855,25,37,1,52
13.021,2026-08-05T05:50:00.355796+00:00,right_shoulder_lift,2007,2156,149,38,49,314
13.021,2026-08-05T05:50:00.355796+00:00,right_elbow_flex,2097,2137,40,38,4,94
13.021,2026-08-05T05:50:00.355796+00:00,right_wrist_flex,1976,1990,14,35,1,42
13.021,2026-08-05T05:50:00.355796+00:00,right_wrist_roll,2114,2111,-3,34,0,1044
13.021,2026-08-05T05:50:00.355796+00:00,right_gripper,2428,2442,14,38,2,42
13.071,2026-08-05T05:50:00.406201+00:00,left_shoulder_pan,1857,1851,-6,37,1,1060
13.071,2026-08-05T05:50:00.406201+00:00,left_shoulder_lift,2389,2406,17,37,4,80
13.071,2026-08-05T05:50:00.406201+00:00,left_elbow_flex,1629,1641,12,34,2,60
13.071,2026-08-05T05:50:00.406201+00:00,left_wrist_flex,2169,2173,4,34,1,28
13.071,2026-08-05T05:50:00.406201+00:00,left_wrist_roll,1989,1987,-2,34,0,1044
13.071,2026-08-05T05:50:00.406201+00:00,left_gripper,2014,2014,0,36,0,0
13.071,2026-08-05T05:50:00.406201+00:00,right_shoulder_pan,1825,1849,24,37,1,50
13.071,2026-08-05T05:50:00.406201+00:00,right_shoulder_lift,2009,2156,147,38,41,312
13.071,2026-08-05T05:50:00.406201+00:00,right_elbow_flex,2097,2137,40,38,5,94
13.071,2026-08-05T05:50:00.406201+00:00,right_wrist_flex,1976,1990,14,35,1,42
13.071,2026-08-05T05:50:00.406201+00:00,right_wrist_roll,2114,2111,-3,34,1,1044
13.071,2026-08-05T05:50:00.406201+00:00,right_gripper,2428,2442,14,38,2,42
13.121,2026-08-05T05:50:00.455919+00:00,left_shoulder_pan,1857,1851,-6,37,1,1060
13.121,2026-08-05T05:50:00.455919+00:00,left_shoulder_lift,2389,2406,17,37,4,80
13.121,2026-08-05T05:50:00.455919+00:00,left_elbow_flex,1629,1641,12,34,1,60
13.121,2026-08-05T05:50:00.455919+00:00,left_wrist_flex,2169,2173,4,34,1,28
13.121,2026-08-05T05:50:00.455919+00:00,left_wrist_roll,1989,1987,-2,34,0,1044
13.121,2026-08-05T05:50:00.455919+00:00,left_gripper,2014,2014,0,36,0,0
13.121,2026-08-05T05:50:00.455919+00:00,right_shoulder_pan,1820,1843,23,37,0,50
13.121,2026-08-05T05:50:00.455919+00:00,right_shoulder_lift,2011,2156,145,38,48,308
13.121,2026-08-05T05:50:00.455919+00:00,right_elbow_flex,2097,2137,40,37,4,94
13.121,2026-08-05T05:50:00.455919+00:00,right_wrist_flex,1976,1990,14,36,1,42
13.121,2026-08-05T05:50:00.455919+00:00,right_wrist_roll,2114,2111,-3,34,0,1044
13.121,2026-08-05T05:50:00.455919+00:00,right_gripper,2428,2442,14,38,1,42
13.171,2026-08-05T05:50:00.506231+00:00,left_shoulder_pan,1857,1851,-6,37,1,1060
13.171,2026-08-05T05:50:00.506231+00:00,left_shoulder_lift,2389,2406,17,37,4,80
13.171,2026-08-05T05:50:00.506231+00:00,left_elbow_flex,1629,1641,12,35,2,60
13.171,2026-08-05T05:50:00.506231+00:00,left_wrist_flex,2169,2173,4,34,1,28
13.171,2026-08-05T05:50:00.506231+00:00,left_wrist_roll,1989,1987,-2,34,1,1044
13.171,2026-08-05T05:50:00.506231+00:00,left_gripper,2014,2014,0,36,0,0
13.171,2026-08-05T05:50:00.506231+00:00,right_shoulder_pan,1815,1837,22,37,1,48
13.171,2026-08-05T05:50:00.506231+00:00,right_shoulder_lift,2013,2156,143,38,45,300
13.171,2026-08-05T05:50:00.506231+00:00,right_elbow_flex,2097,2137,40,38,5,94
13.171,2026-08-05T05:50:00.506231+00:00,right_wrist_flex,1976,1990,14,34,1,42
13.171,2026-08-05T05:50:00.506231+00:00,right_wrist_roll,2114,2111,-3,34,0,1044
13.171,2026-08-05T05:50:00.506231+00:00,right_gripper,2428,2442,14,38,2,42
13.221,2026-08-05T05:50:00.556909+00:00,left_shoulder_pan,1857,1851,-6,37,0,1060
13.221,2026-08-05T05:50:00.556909+00:00,left_shoulder_lift,2389,2406,17,37,4,80
13.221,2026-08-05T05:50:00.556909+00:00,left_elbow_flex,1629,1641,12,34,1,60
13.221,2026-08-05T05:50:00.556909+00:00,left_wrist_flex,2169,2173,4,34,1,28
13.221,2026-08-05T05:50:00.556909+00:00,left_wrist_roll,1989,1987,-2,34,0,1044
13.221,2026-08-05T05:50:00.556909+00:00,left_gripper,2014,2014,0,37,0,0
13.221,2026-08-05T05:50:00.556909+00:00,right_shoulder_pan,1810,1831,21,37,1,48
13.221,2026-08-05T05:50:00.556909+00:00,right_shoulder_lift,2015,2156,141,38,48,300
13.221,2026-08-05T05:50:00.556909+00:00,right_elbow_flex,2097,2137,40,37,4,94
13.221,2026-08-05T05:50:00.556909+00:00,right_wrist_flex,1976,1990,14,35,1,42
13.221,2026-08-05T05:50:00.556909+00:00,right_wrist_roll,2114,2111,-3,34,0,1044
13.221,2026-08-05T05:50:00.556909+00:00,right_gripper,2428,2442,14,38,1,42
13.271,2026-08-05T05:50:00.606440+00:00,left_shoulder_pan,1857,1851,-6,37,0,1060
13.271,2026-08-05T05:50:00.606440+00:00,left_shoulder_lift,2389,2406,17,37,5,80
13.271,2026-08-05T05:50:00.606440+00:00,left_elbow_flex,1629,1641,12,34,2,60
13.271,2026-08-05T05:50:00.606440+00:00,left_wrist_flex,2169,2173,4,34,0,28
13.271,2026-08-05T05:50:00.606440+00:00,left_wrist_roll,1989,1987,-2,34,0,1044
13.271,2026-08-05T05:50:00.606440+00:00,left_gripper,2014,2014,0,36,0,0
13.271,2026-08-05T05:50:00.606440+00:00,right_shoulder_pan,1806,1826,20,37,1,50
13.271,2026-08-05T05:50:00.606440+00:00,right_shoulder_lift,2016,2156,140,38,43,292
13.271,2026-08-05T05:50:00.606440+00:00,right_elbow_flex,2097,2137,40,37,5,94
13.271,2026-08-05T05:50:00.606440+00:00,right_wrist_flex,1976,1990,14,35,1,42
13.271,2026-08-05T05:50:00.606440+00:00,right_wrist_roll,2114,2111,-3,34,0,1044
13.271,2026-08-05T05:50:00.606440+00:00,right_gripper,2428,2442,14,38,1,42
13.321,2026-08-05T05:50:00.656186+00:00,left_shoulder_pan,1857,1851,-6,37,1,1060
13.321,2026-08-05T05:50:00.656186+00:00,left_shoulder_lift,2389,2406,17,37,4,80
13.321,2026-08-05T05:50:00.656186+00:00,left_elbow_flex,1629,1641,12,34,2,60
13.321,2026-08-05T05:50:00.656186+00:00,left_wrist_flex,2169,2173,4,34,0,28
13.321,2026-08-05T05:50:00.656186+00:00,left_wrist_roll,1989,1987,-2,34,1,1044
13.321,2026-08-05T05:50:00.656186+00:00,left_gripper,2014,2014,0,36,0,0
13.321,2026-08-05T05:50:00.656186+00:00,right_shoulder_pan,1802,1821,19,37,0,40
13.321,2026-08-05T05:50:00.656186+00:00,right_shoulder_lift,2018,2156,138,38,45,294
13.321,2026-08-05T05:50:00.656186+00:00,right_elbow_flex,2097,2137,40,38,4,94
13.321,2026-08-05T05:50:00.656186+00:00,right_wrist_flex,1976,1990,14,35,1,42
13.321,2026-08-05T05:50:00.656186+00:00,right_wrist_roll,2114,2111,-3,34,0,1044
13.321,2026-08-05T05:50:00.656186+00:00,right_gripper,2428,2442,14,38,2,42
13.371,2026-08-05T05:50:00.706540+00:00,left_shoulder_pan,1857,1851,-6,37,1,1060
13.371,2026-08-05T05:50:00.706540+00:00,left_shoulder_lift,2389,2406,17,37,5,80
13.371,2026-08-05T05:50:00.706540+00:00,left_elbow_flex,1629,1641,12,34,2,60
13.371,2026-08-05T05:50:00.706540+00:00,left_wrist_flex,2169,2173,4,34,1,28
13.371,2026-08-05T05:50:00.706540+00:00,left_wrist_roll,1989,1987,-2,34,0,1044
13.371,2026-08-05T05:50:00.706540+00:00,left_gripper,2014,2014,0,36,0,0
13.371,2026-08-05T05:50:00.706540+00:00,right_shoulder_pan,1798,1816,18,37,1,34
13.371,2026-08-05T05:50:00.706540+00:00,right_shoulder_lift,2021,2156,135,38,42,286
13.371,2026-08-05T05:50:00.706540+00:00,right_elbow_flex,2097,2137,40,37,5,94
13.371,2026-08-05T05:50:00.706540+00:00,right_wrist_flex,1976,1990,14,35,1,42
13.371,2026-08-05T05:50:00.706540+00:00,right_wrist_roll,2114,2111,-3,34,0,1044
13.371,2026-08-05T05:50:00.706540+00:00,right_gripper,2428,2442,14,38,2,42
13.421,2026-08-05T05:50:00.756371+00:00,left_shoulder_pan,1857,1851,-6,37,2,1060
13.421,2026-08-05T05:50:00.756371+00:00,left_shoulder_lift,2389,2406,17,37,4,80
13.421,2026-08-05T05:50:00.756371+00:00,left_elbow_flex,1629,1641,12,34,2,60
13.421,2026-08-05T05:50:00.756371+00:00,left_wrist_flex,2169,2173,4,34,1,28
13.421,2026-08-05T05:50:00.756371+00:00,left_wrist_roll,1989,1987,-2,34,1,1044
13.421,2026-08-05T05:50:00.756371+00:00,left_gripper,2014,2014,0,36,0,0
13.421,2026-08-05T05:50:00.756371+00:00,right_shoulder_pan,1794,1811,17,37,0,38
13.421,2026-08-05T05:50:00.756371+00:00,right_shoulder_lift,2023,2156,133,38,36,280
13.421,2026-08-05T05:50:00.756371+00:00,right_elbow_flex,2097,2137,40,37,4,94
13.421,2026-08-05T05:50:00.756371+00:00,right_wrist_flex,1976,1990,14,35,1,42
13.421,2026-08-05T05:50:00.756371+00:00,right_wrist_roll,2114,2111,-3,34,0,1044
13.421,2026-08-05T05:50:00.756371+00:00,right_gripper,2428,2442,14,38,1,42
13.471,2026-08-05T05:50:00.806702+00:00,left_shoulder_pan,1857,1851,-6,37,1,1060
13.471,2026-08-05T05:50:00.806702+00:00,left_shoulder_lift,2389,2406,17,37,4,80
13.471,2026-08-05T05:50:00.806702+00:00,left_elbow_flex,1629,1641,12,34,2,60
13.471,2026-08-05T05:50:00.806702+00:00,left_wrist_flex,2169,2173,4,34,0,28
13.471,2026-08-05T05:50:00.806702+00:00,left_wrist_roll,1989,1987,-2,34,0,1044
13.471,2026-08-05T05:50:00.806702+00:00,left_gripper,2014,2014,0,37,0,0
13.471,2026-08-05T05:50:00.806702+00:00,right_shoulder_pan,1791,1807,16,37,0,42
13.471,2026-08-05T05:50:00.806702+00:00,right_shoulder_lift,2025,2156,131,38,40,276
13.471,2026-08-05T05:50:00.806702+00:00,right_elbow_flex,2097,2137,40,37,4,94
13.471,2026-08-05T05:50:00.806702+00:00,right_wrist_flex,1976,1990,14,35,0,42
13.471,2026-08-05T05:50:00.806702+00:00,right_wrist_roll,2114,2111,-3,34,0,1044
13.471,2026-08-05T05:50:00.806702+00:00,right_gripper,2428,2442,14,38,1,42
13.521,2026-08-05T05:50:00.856481+00:00,left_shoulder_pan,1857,1851,-6,37,1,1060
13.521,2026-08-05T05:50:00.856481+00:00,left_shoulder_lift,2389,2406,17,37,5,80
13.521,2026-08-05T05:50:00.856481+00:00,left_elbow_flex,1629,1641,12,34,2,60
13.521,2026-08-05T05:50:00.856481+00:00,left_wrist_flex,2169,2173,4,34,0,28
13.521,2026-08-05T05:50:00.856481+00:00,left_wrist_roll,1989,1987,-2,34,0,1044
13.521,2026-08-05T05:50:00.856481+00:00,left_gripper,2014,2014,0,36,0,0
13.521,2026-08-05T05:50:00.856481+00:00,right_shoulder_pan,1788,1803,15,37,1,40
13.521,2026-08-05T05:50:00.856481+00:00,right_shoulder_lift,2027,2156,129,38,37,276
13.521,2026-08-05T05:50:00.856481+00:00,right_elbow_flex,2097,2137,40,38,5,94
13.521,2026-08-05T05:50:00.856481+00:00,right_wrist_flex,1976,1990,14,35,1,42
13.521,2026-08-05T05:50:00.856481+00:00,right_wrist_roll,2114,2111,-3,34,0,1044
13.521,2026-08-05T05:50:00.856481+00:00,right_gripper,2428,2442,14,38,2,42
13.571,2026-08-05T05:50:00.907202+00:00,left_shoulder_pan,1857,1851,-6,37,1,1060
13.571,2026-08-05T05:50:00.907202+00:00,left_shoulder_lift,2389,2406,17,37,4,80
13.571,2026-08-05T05:50:00.907202+00:00,left_elbow_flex,1629,1641,12,34,2,60
13.571,2026-08-05T05:50:00.907202+00:00,left_wrist_flex,2169,2173,4,34,1,28
13.571,2026-08-05T05:50:00.907202+00:00,left_wrist_roll,1989,1987,-2,34,0,1044
13.571,2026-08-05T05:50:00.907202+00:00,left_gripper,2014,2014,0,36,0,0
13.571,2026-08-05T05:50:00.907202+00:00,right_shoulder_pan,1785,1799,14,37,0,38
13.571,2026-08-05T05:50:00.907202+00:00,right_shoulder_lift,2029,2156,127,38,38,268
13.571,2026-08-05T05:50:00.907202+00:00,right_elbow_flex,2097,2137,40,37,4,94
13.571,2026-08-05T05:50:00.907202+00:00,right_wrist_flex,1976,1990,14,35,1,42
13.571,2026-08-05T05:50:00.907202+00:00,right_wrist_roll,2114,2111,-3,34,0,1044
13.571,2026-08-05T05:50:00.907202+00:00,right_gripper,2428,2442,14,38,2,42
13.621,2026-08-05T05:50:00.956699+00:00,left_shoulder_pan,1857,1851,-6,37,1,1060
13.621,2026-08-05T05:50:00.956699+00:00,left_shoulder_lift,2389,2406,17,37,4,80
13.621,2026-08-05T05:50:00.956699+00:00,left_elbow_flex,1629,1641,12,34,2,60
13.621,2026-08-05T05:50:00.956699+00:00,left_wrist_flex,2169,2173,4,34,0,28
13.621,2026-08-05T05:50:00.956699+00:00,left_wrist_roll,1989,1987,-2,34,0,1044
13.621,2026-08-05T05:50:00.956699+00:00,left_gripper,2014,2014,0,37,0,0
13.621,2026-08-05T05:50:00.956699+00:00,right_shoulder_pan,1783,1796,13,37,1,36
13.621,2026-08-05T05:50:00.956699+00:00,right_shoulder_lift,2031,2156,125,38,30,268
13.621,2026-08-05T05:50:00.956699+00:00,right_elbow_flex,2097,2137,40,37,5,94
13.621,2026-08-05T05:50:00.956699+00:00,right_wrist_flex,1976,1990,14,35,1,42
13.621,2026-08-05T05:50:00.956699+00:00,right_wrist_roll,2114,2111,-3,34,0,1044
13.621,2026-08-05T05:50:00.956699+00:00,right_gripper,2428,2442,14,38,1,42
13.671,2026-08-05T05:50:01.006945+00:00,left_shoulder_pan,1857,1851,-6,37,1,1060
13.671,2026-08-05T05:50:01.006945+00:00,left_shoulder_lift,2389,2406,17,37,4,80
13.671,2026-08-05T05:50:01.006945+00:00,left_elbow_flex,1629,1641,12,35,3,60
13.671,2026-08-05T05:50:01.006945+00:00,left_wrist_flex,2169,2173,4,34,0,28
13.671,2026-08-05T05:50:01.006945+00:00,left_wrist_roll,1989,1987,-2,34,1,1044
13.671,2026-08-05T05:50:01.006945+00:00,left_gripper,2014,2014,0,36,0,0
13.671,2026-08-05T05:50:01.006945+00:00,right_shoulder_pan,1781,1793,12,37,1,32
13.671,2026-08-05T05:50:01.006945+00:00,right_shoulder_lift,2034,2156,122,38,34,260
13.671,2026-08-05T05:50:01.006945+00:00,right_elbow_flex,2097,2137,40,38,4,94
13.671,2026-08-05T05:50:01.006945+00:00,right_wrist_flex,1976,1990,14,35,1,42
13.671,2026-08-05T05:50:01.006945+00:00,right_wrist_roll,2114,2111,-3,34,0,1044
13.671,2026-08-05T05:50:01.006945+00:00,right_gripper,2428,2442,14,38,2,42
13.722,2026-08-05T05:50:01.056767+00:00,left_shoulder_pan,1857,1851,-6,37,1,1060
13.722,2026-08-05T05:50:01.056767+00:00,left_shoulder_lift,2389,2406,17,37,4,80
13.722,2026-08-05T05:50:01.056767+00:00,left_elbow_flex,1629,1641,12,34,2,60
13.722,2026-08-05T05:50:01.056767+00:00,left_wrist_flex,2169,2173,4,34,0,28
13.722,2026-08-05T05:50:01.056767+00:00,left_wrist_roll,1989,1987,-2,34,0,1044
13.722,2026-08-05T05:50:01.056767+00:00,left_gripper,2014,2014,0,36,0,0
13.722,2026-08-05T05:50:01.056767+00:00,right_shoulder_pan,1779,1791,12,37,0,34
13.722,2026-08-05T05:50:01.056767+00:00,right_shoulder_lift,2036,2156,120,38,27,254
13.722,2026-08-05T05:50:01.056767+00:00,right_elbow_flex,2097,2137,40,37,4,94
13.722,2026-08-05T05:50:01.056767+00:00,right_wrist_flex,1976,1990,14,35,1,42
13.722,2026-08-05T05:50:01.056767+00:00,right_wrist_roll,2114,2111,-3,34,1,1044
13.722,2026-08-05T05:50:01.056767+00:00,right_gripper,2428,2442,14,38,1,42
13.772,2026-08-05T05:50:01.108100+00:00,left_shoulder_pan,1857,1851,-6,37,1,1060
13.772,2026-08-05T05:50:01.108100+00:00,left_shoulder_lift,2389,2406,17,37,4,80
13.772,2026-08-05T05:50:01.108100+00:00,left_elbow_flex,1629,1641,12,34,2,60
13.772,2026-08-05T05:50:01.108100+00:00,left_wrist_flex,2169,2173,4,34,1,28
13.772,2026-08-05T05:50:01.108100+00:00,left_wrist_roll,1989,1987,-2,34,1,1044
13.772,2026-08-05T05:50:01.108100+00:00,left_gripper,2014,2014,0,36,0,0
13.772,2026-08-05T05:50:01.108100+00:00,right_shoulder_pan,1777,1789,12,37,0,30
13.772,2026-08-05T05:50:01.108100+00:00,right_shoulder_lift,2038,2156,118,38,26,250
13.772,2026-08-05T05:50:01.108100+00:00,right_elbow_flex,2097,2137,40,38,5,94
13.772,2026-08-05T05:50:01.108100+00:00,right_wrist_flex,1976,1990,14,35,0,42
13.772,2026-08-05T05:50:01.108100+00:00,right_wrist_roll,2114,2111,-3,34,1,1044
13.772,2026-08-05T05:50:01.108100+00:00,right_gripper,2428,2442,14,38,1,42
13.822,2026-08-05T05:50:01.156908+00:00,left_shoulder_pan,1857,1851,-6,37,1,1060
13.822,2026-08-05T05:50:01.156908+00:00,left_shoulder_lift,2389,2406,17,37,5,80
13.822,2026-08-05T05:50:01.156908+00:00,left_elbow_flex,1629,1641,12,34,3,60
13.822,2026-08-05T05:50:01.156908+00:00,left_wrist_flex,2169,2173,4,34,0,28
13.822,2026-08-05T05:50:01.156908+00:00,left_wrist_roll,1989,1987,-2,34,0,1044
13.822,2026-08-05T05:50:01.156908+00:00,left_gripper,2014,2014,0,36,1,0
13.822,2026-08-05T05:50:01.156908+00:00,right_shoulder_pan,1776,1787,11,37,1,32
13.822,2026-08-05T05:50:01.156908+00:00,right_shoulder_lift,2041,2156,115,38,28,246
13.822,2026-08-05T05:50:01.156908+00:00,right_elbow_flex,2097,2137,40,37,4,94
13.822,2026-08-05T05:50:01.156908+00:00,right_wrist_flex,1976,1990,14,35,1,42
13.822,2026-08-05T05:50:01.156908+00:00,right_wrist_roll,2114,2111,-3,34,0,1044
13.822,2026-08-05T05:50:01.156908+00:00,right_gripper,2428,2442,14,38,2,42
13.872,2026-08-05T05:50:01.207203+00:00,left_shoulder_pan,1857,1851,-6,37,1,1060
13.872,2026-08-05T05:50:01.207203+00:00,left_shoulder_lift,2389,2406,17,37,4,80
13.872,2026-08-05T05:50:01.207203+00:00,left_elbow_flex,1629,1641,12,34,2,60
13.872,2026-08-05T05:50:01.207203+00:00,left_wrist_flex,2169,2173,4,34,0,28
13.872,2026-08-05T05:50:01.207203+00:00,left_wrist_roll,1989,1987,-2,34,1,1044
13.872,2026-08-05T05:50:01.207203+00:00,left_gripper,2014,2014,0,37,0,0
13.872,2026-08-05T05:50:01.207203+00:00,right_shoulder_pan,1775,1787,12,37,1,38
13.872,2026-08-05T05:50:01.207203+00:00,right_shoulder_lift,2043,2156,113,38,32,236
13.872,2026-08-05T05:50:01.207203+00:00,right_elbow_flex,2097,2137,40,38,4,94
13.872,2026-08-05T05:50:01.207203+00:00,right_wrist_flex,1976,1990,14,34,1,42
13.872,2026-08-05T05:50:01.207203+00:00,right_wrist_roll,2114,2111,-3,34,1,1044
13.872,2026-08-05T05:50:01.207203+00:00,right_gripper,2428,2442,14,38,1,42
13.922,2026-08-05T05:50:01.257095+00:00,left_shoulder_pan,1857,1851,-6,37,1,1060
13.922,2026-08-05T05:50:01.257095+00:00,left_shoulder_lift,2389,2406,17,37,4,80
13.922,2026-08-05T05:50:01.257095+00:00,left_elbow_flex,1629,1641,12,34,2,60
13.922,2026-08-05T05:50:01.257095+00:00,left_wrist_flex,2169,2173,4,34,1,28
13.922,2026-08-05T05:50:01.257095+00:00,left_wrist_roll,1989,1987,-2,34,1,1044
13.922,2026-08-05T05:50:01.257095+00:00,left_gripper,2014,2014,0,36,0,0
13.922,2026-08-05T05:50:01.257095+00:00,right_shoulder_pan,1774,1787,13,37,1,40
13.922,2026-08-05T05:50:01.257095+00:00,right_shoulder_lift,2045,2156,111,38,32,236
13.922,2026-08-05T05:50:01.257095+00:00,right_elbow_flex,2097,2137,40,37,4,94
13.922,2026-08-05T05:50:01.257095+00:00,right_wrist_flex,1976,1990,14,35,1,42
13.922,2026-08-05T05:50:01.257095+00:00,right_wrist_roll,2114,2111,-3,34,0,1044
13.922,2026-08-05T05:50:01.257095+00:00,right_gripper,2428,2442,14,38,1,42
13.972,2026-08-05T05:50:01.307439+00:00,left_shoulder_pan,1857,1851,-6,37,1,1060
13.972,2026-08-05T05:50:01.307439+00:00,left_shoulder_lift,2389,2406,17,37,5,80
13.972,2026-08-05T05:50:01.307439+00:00,left_elbow_flex,1629,1641,12,34,2,60
13.972,2026-08-05T05:50:01.307439+00:00,left_wrist_flex,2169,2173,4,34,0,28
13.972,2026-08-05T05:50:01.307439+00:00,left_wrist_roll,1989,1987,-2,34,0,1044
13.972,2026-08-05T05:50:01.307439+00:00,left_gripper,2014,2014,0,37,0,0
13.972,2026-08-05T05:50:01.307439+00:00,right_shoulder_pan,1774,1787,13,37,1,40
13.972,2026-08-05T05:50:01.307439+00:00,right_shoulder_lift,2048,2156,108,38,22,232
13.972,2026-08-05T05:50:01.307439+00:00,right_elbow_flex,2097,2137,40,37,5,94
13.972,2026-08-05T05:50:01.307439+00:00,right_wrist_flex,1976,1990,14,35,1,42
13.972,2026-08-05T05:50:01.307439+00:00,right_wrist_roll,2114,2111,-3,34,0,1044
13.972,2026-08-05T05:50:01.307439+00:00,right_gripper,2428,2442,14,38,2,42
14.022,2026-08-05T05:50:01.358776+00:00,left_shoulder_pan,1857,1851,-6,37,1,1060
14.022,2026-08-05T05:50:01.358776+00:00,left_shoulder_lift,2389,2406,17,37,4,80
14.022,2026-08-05T05:50:01.358776+00:00,left_elbow_flex,1629,1641,12,34,2,60
14.022,2026-08-05T05:50:01.358776+00:00,left_wrist_flex,2169,2173,4,34,1,28
14.022,2026-08-05T05:50:01.358776+00:00,left_wrist_roll,1989,1987,-2,34,0,1044
14.022,2026-08-05T05:50:01.358776+00:00,left_gripper,2014,2014,0,36,0,0
14.022,2026-08-05T05:50:01.358776+00:00,right_shoulder_pan,1774,1787,13,37,1,38
14.022,2026-08-05T05:50:01.358776+00:00,right_shoulder_lift,2050,2156,106,38,22,226
14.022,2026-08-05T05:50:01.358776+00:00,right_elbow_flex,2097,2137,40,37,4,94
14.022,2026-08-05T05:50:01.358776+00:00,right_wrist_flex,1976,1990,14,35,1,42
14.022,2026-08-05T05:50:01.358776+00:00,right_wrist_roll,2114,2111,-3,34,0,1044
14.022,2026-08-05T05:50:01.358776+00:00,right_gripper,2428,2442,14,38,2,42
14.072,2026-08-05T05:50:01.407313+00:00,left_shoulder_pan,1857,1851,-6,37,1,1060
14.072,2026-08-05T05:50:01.407313+00:00,left_shoulder_lift,2389,2406,17,37,4,80
14.072,2026-08-05T05:50:01.407313+00:00,left_elbow_flex,1629,1641,12,34,2,60
14.072,2026-08-05T05:50:01.407313+00:00,left_wrist_flex,2169,2173,4,34,0,28
14.072,2026-08-05T05:50:01.407313+00:00,left_wrist_roll,1989,1987,-2,34,0,1044
14.072,2026-08-05T05:50:01.407313+00:00,left_gripper,2014,2014,0,36,0,0
14.072,2026-08-05T05:50:01.407313+00:00,right_shoulder_pan,1774,1786,12,37,2,38
14.072,2026-08-05T05:50:01.407313+00:00,right_shoulder_lift,2052,2156,104,38,22,222
14.072,2026-08-05T05:50:01.407313+00:00,right_elbow_flex,2097,2137,40,38,5,94
14.072,2026-08-05T05:50:01.407313+00:00,right_wrist_flex,1976,1990,14,35,1,42
14.072,2026-08-05T05:50:01.407313+00:00,right_wrist_roll,2114,2111,-3,34,1,1044
14.072,2026-08-05T05:50:01.407313+00:00,right_gripper,2428,2442,14,38,2,42
14.122,2026-08-05T05:50:01.457439+00:00,left_shoulder_pan,1857,1851,-6,37,1,1060
14.122,2026-08-05T05:50:01.457439+00:00,left_shoulder_lift,2389,2406,17,37,4,80
14.122,2026-08-05T05:50:01.457439+00:00,left_elbow_flex,1629,1641,12,34,2,60
14.122,2026-08-05T05:50:01.457439+00:00,left_wrist_flex,2169,2173,4,34,0,28
14.122,2026-08-05T05:50:01.457439+00:00,left_wrist_roll,1989,1987,-2,34,0,1044
14.122,2026-08-05T05:50:01.457439+00:00,left_gripper,2014,2014,0,36,0,0
14.122,2026-08-05T05:50:01.457439+00:00,right_shoulder_pan,1775,1785,10,37,1,32
14.122,2026-08-05T05:50:01.457439+00:00,right_shoulder_lift,2055,2156,101,38,21,218
14.122,2026-08-05T05:50:01.457439+00:00,right_elbow_flex,2097,2137,40,38,4,94
14.122,2026-08-05T05:50:01.457439+00:00,right_wrist_flex,1976,1990,14,35,1,42
14.122,2026-08-05T05:50:01.457439+00:00,right_wrist_roll,2114,2111,-3,34,0,1044
14.122,2026-08-05T05:50:01.457439+00:00,right_gripper,2428,2442,14,38,2,42
14.172,2026-08-05T05:50:01.507419+00:00,left_shoulder_pan,1857,1851,-6,37,1,1060
14.172,2026-08-05T05:50:01.507419+00:00,left_shoulder_lift,2389,2406,17,37,5,80
14.172,2026-08-05T05:50:01.507419+00:00,left_elbow_flex,1629,1641,12,34,2,60
14.172,2026-08-05T05:50:01.507419+00:00,left_wrist_flex,2169,2173,4,34,0,28
14.172,2026-08-05T05:50:01.507419+00:00,left_wrist_roll,1989,1987,-2,34,0,1044
14.172,2026-08-05T05:50:01.507419+00:00,left_gripper,2014,2014,0,37,1,0
14.172,2026-08-05T05:50:01.507419+00:00,right_shoulder_pan,1776,1785,9,37,1,30
14.172,2026-08-05T05:50:01.507419+00:00,right_shoulder_lift,2057,2156,99,38,19,212
14.172,2026-08-05T05:50:01.507419+00:00,right_elbow_flex,2097,2137,40,38,4,94
14.172,2026-08-05T05:50:01.507419+00:00,right_wrist_flex,1976,1990,14,35,1,42
14.172,2026-08-05T05:50:01.507419+00:00,right_wrist_roll,2114,2111,-3,34,0,1044
14.172,2026-08-05T05:50:01.507419+00:00,right_gripper,2428,2442,14,38,2,42
14.222,2026-08-05T05:50:01.557500+00:00,left_shoulder_pan,1857,1851,-6,37,1,1060
14.222,2026-08-05T05:50:01.557500+00:00,left_shoulder_lift,2389,2406,17,37,4,80
14.222,2026-08-05T05:50:01.557500+00:00,left_elbow_flex,1629,1641,12,34,2,60
14.222,2026-08-05T05:50:01.557500+00:00,left_wrist_flex,2169,2173,4,34,0,28
14.222,2026-08-05T05:50:01.557500+00:00,left_wrist_roll,1989,1987,-2,34,1,1044
14.222,2026-08-05T05:50:01.557500+00:00,left_gripper,2014,2014,0,36,0,0
14.222,2026-08-05T05:50:01.557500+00:00,right_shoulder_pan,1777,1784,7,37,1,30
14.222,2026-08-05T05:50:01.557500+00:00,right_shoulder_lift,2059,2156,97,38,19,208
14.222,2026-08-05T05:50:01.557500+00:00,right_elbow_flex,2097,2137,40,37,4,94
14.222,2026-08-05T05:50:01.557500+00:00,right_wrist_flex,1976,1990,14,35,1,42
14.222,2026-08-05T05:50:01.557500+00:00,right_wrist_roll,2114,2111,-3,34,0,1044
14.222,2026-08-05T05:50:01.557500+00:00,right_gripper,2428,2442,14,38,2,42
14.272,2026-08-05T05:50:01.607613+00:00,left_shoulder_pan,1857,1851,-6,37,1,1060
14.272,2026-08-05T05:50:01.607613+00:00,left_shoulder_lift,2389,2406,17,37,4,80
14.272,2026-08-05T05:50:01.607613+00:00,left_elbow_flex,1629,1641,12,35,2,60
14.272,2026-08-05T05:50:01.607613+00:00,left_wrist_flex,2169,2173,4,34,0,28
14.272,2026-08-05T05:50:01.607613+00:00,left_wrist_roll,1989,1987,-2,34,0,1044
14.272,2026-08-05T05:50:01.607613+00:00,left_gripper,2014,2014,0,36,0,0
14.272,2026-08-05T05:50:01.607613+00:00,right_shoulder_pan,1779,1784,5,37,1,24
14.272,2026-08-05T05:50:01.607613+00:00,right_shoulder_lift,2062,2156,94,38,23,208
14.272,2026-08-05T05:50:01.607613+00:00,right_elbow_flex,2097,2137,40,37,5,94
14.272,2026-08-05T05:50:01.607613+00:00,right_wrist_flex,1976,1990,14,35,1,42
14.272,2026-08-05T05:50:01.607613+00:00,right_wrist_roll,2114,2111,-3,34,0,1044
14.272,2026-08-05T05:50:01.607613+00:00,right_gripper,2428,2442,14,38,2,42
14.322,2026-08-05T05:50:01.657883+00:00,left_shoulder_pan,1857,1851,-6,37,1,1060
14.322,2026-08-05T05:50:01.657883+00:00,left_shoulder_lift,2389,2406,17,37,4,80
14.322,2026-08-05T05:50:01.657883+00:00,left_elbow_flex,1629,1641,12,34,2,60
14.322,2026-08-05T05:50:01.657883+00:00,left_wrist_flex,2169,2173,4,34,0,28
14.322,2026-08-05T05:50:01.657883+00:00,left_wrist_roll,1989,1987,-2,34,0,1044
14.322,2026-08-05T05:50:01.657883+00:00,left_gripper,2014,2014,0,36,0,0
14.322,2026-08-05T05:50:01.657883+00:00,right_shoulder_pan,1780,1784,4,37,0,20
14.322,2026-08-05T05:50:01.657883+00:00,right_shoulder_lift,2064,2156,92,38,19,198
14.322,2026-08-05T05:50:01.657883+00:00,right_elbow_flex,2097,2137,40,37,4,94
14.322,2026-08-05T05:50:01.657883+00:00,right_wrist_flex,1976,1990,14,35,1,42
14.322,2026-08-05T05:50:01.657883+00:00,right_wrist_roll,2114,2111,-3,34,0,1044
14.322,2026-08-05T05:50:01.657883+00:00,right_gripper,2428,2442,14,38,1,42
14.372,2026-08-05T05:50:01.708060+00:00,left_shoulder_pan,1857,1851,-6,37,0,1060
14.372,2026-08-05T05:50:01.708060+00:00,left_shoulder_lift,2389,2406,17,37,5,80
14.372,2026-08-05T05:50:01.708060+00:00,left_elbow_flex,1629,1641,12,34,2,60
14.372,2026-08-05T05:50:01.708060+00:00,left_wrist_flex,2169,2173,4,35,0,28
14.372,2026-08-05T05:50:01.708060+00:00,left_wrist_roll,1989,1987,-2,34,0,1044
14.372,2026-08-05T05:50:01.708060+00:00,left_gripper,2014,2014,0,36,0,0
14.372,2026-08-05T05:50:01.708060+00:00,right_shoulder_pan,1782,1784,2,37,0,22
14.372,2026-08-05T05:50:01.708060+00:00,right_shoulder_lift,2066,2156,90,38,14,198
14.372,2026-08-05T05:50:01.708060+00:00,right_elbow_flex,2097,2137,40,37,5,94
14.372,2026-08-05T05:50:01.708060+00:00,right_wrist_flex,1976,1990,14,35,1,42
14.372,2026-08-05T05:50:01.708060+00:00,right_wrist_roll,2114,2111,-3,34,0,1044
14.372,2026-08-05T05:50:01.708060+00:00,right_gripper,2428,2442,14,38,1,42
14.423,2026-08-05T05:50:01.758056+00:00,left_shoulder_pan,1857,1851,-6,37,1,1060
14.423,2026-08-05T05:50:01.758056+00:00,left_shoulder_lift,2389,2406,17,37,5,80
14.423,2026-08-05T05:50:01.758056+00:00,left_elbow_flex,1629,1641,12,34,2,60
14.423,2026-08-05T05:50:01.758056+00:00,left_wrist_flex,2169,2173,4,34,0,28
14.423,2026-08-05T05:50:01.758056+00:00,left_wrist_roll,1989,1987,-2,34,1,1044
14.423,2026-08-05T05:50:01.758056+00:00,left_gripper,2014,2014,0,36,0,0
14.423,2026-08-05T05:50:01.758056+00:00,right_shoulder_pan,1785,1784,-1,37,0,1042
14.423,2026-08-05T05:50:01.758056+00:00,right_shoulder_lift,2069,2156,87,38,18,190
14.423,2026-08-05T05:50:01.758056+00:00,right_elbow_flex,2097,2137,40,37,4,94
14.423,2026-08-05T05:50:01.758056+00:00,right_wrist_flex,1976,1990,14,35,1,42
14.423,2026-08-05T05:50:01.758056+00:00,right_wrist_roll,2114,2111,-3,34,1,1044
14.423,2026-08-05T05:50:01.758056+00:00,right_gripper,2428,2442,14,38,2,42
14.473,2026-08-05T05:50:01.808103+00:00,left_shoulder_pan,1857,1851,-6,37,1,1060
14.473,2026-08-05T05:50:01.808103+00:00,left_shoulder_lift,2389,2406,17,37,5,80
14.473,2026-08-05T05:50:01.808103+00:00,left_elbow_flex,1629,1641,12,34,2,60
14.473,2026-08-05T05:50:01.808103+00:00,left_wrist_flex,2169,2173,4,34,0,28
14.473,2026-08-05T05:50:01.808103+00:00,left_wrist_roll,1989,1987,-2,34,0,1044
14.473,2026-08-05T05:50:01.808103+00:00,left_gripper,2014,2014,0,36,0,0
14.473,2026-08-05T05:50:01.808103+00:00,right_shoulder_pan,1788,1784,-4,38,0,0
14.473,2026-08-05T05:50:01.808103+00:00,right_shoulder_lift,2071,2156,85,38,14,184
14.473,2026-08-05T05:50:01.808103+00:00,right_elbow_flex,2097,2137,40,37,5,94
14.473,2026-08-05T05:50:01.808103+00:00,right_wrist_flex,1976,1990,14,35,1,42
14.473,2026-08-05T05:50:01.808103+00:00,right_wrist_roll,2114,2111,-3,34,0,1044
14.473,2026-08-05T05:50:01.808103+00:00,right_gripper,2428,2442,14,38,1,42
14.523,2026-08-05T05:50:01.858214+00:00,left_shoulder_pan,1857,1851,-6,37,1,1060
14.523,2026-08-05T05:50:01.858214+00:00,left_shoulder_lift,2389,2406,17,37,4,80
14.523,2026-08-05T05:50:01.858214+00:00,left_elbow_flex,1629,1641,12,34,2,60
14.523,2026-08-05T05:50:01.858214+00:00,left_wrist_flex,2169,2173,4,34,0,28
14.523,2026-08-05T05:50:01.858214+00:00,left_wrist_roll,1989,1987,-2,34,0,1044
14.523,2026-08-05T05:50:01.858214+00:00,left_gripper,2014,2014,0,36,0,0
14.523,2026-08-05T05:50:01.858214+00:00,right_shoulder_pan,1791,1784,-7,37,0,1050
14.523,2026-08-05T05:50:01.858214+00:00,right_shoulder_lift,2073,2156,83,38,19,180
14.523,2026-08-05T05:50:01.858214+00:00,right_elbow_flex,2097,2137,40,37,4,94
14.523,2026-08-05T05:50:01.858214+00:00,right_wrist_flex,1976,1990,14,35,1,42
14.523,2026-08-05T05:50:01.858214+00:00,right_wrist_roll,2114,2111,-3,34,1,1044
14.523,2026-08-05T05:50:01.858214+00:00,right_gripper,2428,2442,14,38,2,42
14.573,2026-08-05T05:50:01.908056+00:00,left_shoulder_pan,1857,1851,-6,37,1,1060
14.573,2026-08-05T05:50:01.908056+00:00,left_shoulder_lift,2389,2406,17,37,4,80
14.573,2026-08-05T05:50:01.908056+00:00,left_elbow_flex,1629,1641,12,34,2,60
14.573,2026-08-05T05:50:01.908056+00:00,left_wrist_flex,2169,2173,4,34,0,28
14.573,2026-08-05T05:50:01.908056+00:00,left_wrist_roll,1989,1987,-2,34,0,1044
14.573,2026-08-05T05:50:01.908056+00:00,left_gripper,2014,2014,0,36,0,0
14.573,2026-08-05T05:50:01.908056+00:00,right_shoulder_pan,1794,1784,-10,37,1,1056
14.573,2026-08-05T05:50:01.908056+00:00,right_shoulder_lift,2075,2156,81,38,12,180
14.573,2026-08-05T05:50:01.908056+00:00,right_elbow_flex,2097,2137,40,38,5,94
14.573,2026-08-05T05:50:01.908056+00:00,right_wrist_flex,1976,1990,14,35,1,42
14.573,2026-08-05T05:50:01.908056+00:00,right_wrist_roll,2114,2111,-3,34,0,1044
14.573,2026-08-05T05:50:01.908056+00:00,right_gripper,2428,2442,14,38,2,42
14.623,2026-08-05T05:50:01.958149+00:00,left_shoulder_pan,1857,1851,-6,37,1,1060
14.623,2026-08-05T05:50:01.958149+00:00,left_shoulder_lift,2389,2406,17,37,4,80
14.623,2026-08-05T05:50:01.958149+00:00,left_elbow_flex,1629,1641,12,34,2,60
14.623,2026-08-05T05:50:01.958149+00:00,left_wrist_flex,2169,2173,4,34,0,28
14.623,2026-08-05T05:50:01.958149+00:00,left_wrist_roll,1989,1987,-2,34,0,1044
14.623,2026-08-05T05:50:01.958149+00:00,left_gripper,2014,2014,0,36,0,0
14.623,2026-08-05T05:50:01.958149+00:00,right_shoulder_pan,1797,1784,-13,37,1,1062
14.623,2026-08-05T05:50:01.958149+00:00,right_shoulder_lift,2077,2156,79,38,16,172
14.623,2026-08-05T05:50:01.958149+00:00,right_elbow_flex,2097,2137,40,37,5,94
14.623,2026-08-05T05:50:01.958149+00:00,right_wrist_flex,1976,1990,14,35,1,42
14.623,2026-08-05T05:50:01.958149+00:00,right_wrist_roll,2114,2111,-3,34,0,1044
14.623,2026-08-05T05:50:01.958149+00:00,right_gripper,2428,2442,14,38,1,42
14.673,2026-08-05T05:50:02.008129+00:00,left_shoulder_pan,1857,1851,-6,37,0,1060
14.673,2026-08-05T05:50:02.008129+00:00,left_shoulder_lift,2389,2406,17,37,4,80
14.673,2026-08-05T05:50:02.008129+00:00,left_elbow_flex,1629,1641,12,34,2,60
14.673,2026-08-05T05:50:02.008129+00:00,left_wrist_flex,2169,2173,4,34,0,28
14.673,2026-08-05T05:50:02.008129+00:00,left_wrist_roll,1989,1987,-2,34,1,1044
14.673,2026-08-05T05:50:02.008129+00:00,left_gripper,2014,2014,0,36,0,0
14.673,2026-08-05T05:50:02.008129+00:00,right_shoulder_pan,1801,1784,-17,37,1,1068
14.673,2026-08-05T05:50:02.008129+00:00,right_shoulder_lift,2079,2156,77,38,13,172
14.673,2026-08-05T05:50:02.008129+00:00,right_elbow_flex,2097,2137,40,37,5,94
14.673,2026-08-05T05:50:02.008129+00:00,right_wrist_flex,1976,1990,14,35,1,42
14.673,2026-08-05T05:50:02.008129+00:00,right_wrist_roll,2114,2111,-3,34,0,1044
14.673,2026-08-05T05:50:02.008129+00:00,right_gripper,2428,2442,14,38,1,42
14.723,2026-08-05T05:50:02.058216+00:00,left_shoulder_pan,1857,1851,-6,37,1,1060
14.723,2026-08-05T05:50:02.058216+00:00,left_shoulder_lift,2389,2406,17,37,4,80
14.723,2026-08-05T05:50:02.058216+00:00,left_elbow_flex,1629,1641,12,34,2,60
14.723,2026-08-05T05:50:02.058216+00:00,left_wrist_flex,2169,2173,4,34,0,28
14.723,2026-08-05T05:50:02.058216+00:00,left_wrist_roll,1989,1987,-2,34,0,1044
14.723,2026-08-05T05:50:02.058216+00:00,left_gripper,2014,2014,0,37,0,0
14.723,2026-08-05T05:50:02.058216+00:00,right_shoulder_pan,1805,1785,-20,37,0,1070
14.723,2026-08-05T05:50:02.058216+00:00,right_shoulder_lift,2081,2156,75,38,11,164
14.723,2026-08-05T05:50:02.058216+00:00,right_elbow_flex,2097,2137,40,38,4,94
14.723,2026-08-05T05:50:02.058216+00:00,right_wrist_flex,1976,1990,14,35,1,42
14.723,2026-08-05T05:50:02.058216+00:00,right_wrist_roll,2114,2111,-3,34,0,1044
14.723,2026-08-05T05:50:02.058216+00:00,right_gripper,2428,2442,14,38,2,42
14.773,2026-08-05T05:50:02.108615+00:00,left_shoulder_pan,1857,1851,-6,37,1,1060
14.773,2026-08-05T05:50:02.108615+00:00,left_shoulder_lift,2389,2406,17,37,4,80
14.773,2026-08-05T05:50:02.108615+00:00,left_elbow_flex,1629,1641,12,34,2,60
14.773,2026-08-05T05:50:02.108615+00:00,left_wrist_flex,2169,2173,4,34,1,28
14.773,2026-08-05T05:50:02.108615+00:00,left_wrist_roll,1989,1987,-2,34,1,1044
14.773,2026-08-05T05:50:02.108615+00:00,left_gripper,2014,2014,0,36,0,0
14.773,2026-08-05T05:50:02.108615+00:00,right_shoulder_pan,1810,1787,-23,37,2,1074
14.773,2026-08-05T05:50:02.108615+00:00,right_shoulder_lift,2083,2156,73,39,14,164
14.773,2026-08-05T05:50:02.108615+00:00,right_elbow_flex,2097,2137,40,38,5,94
14.773,2026-08-05T05:50:02.108615+00:00,right_wrist_flex,1976,1990,14,35,1,42
14.773,2026-08-05T05:50:02.108615+00:00,right_wrist_roll,2114,2111,-3,34,0,1044
14.773,2026-08-05T05:50:02.108615+00:00,right_gripper,2428,2442,14,38,2,42
14.823,2026-08-05T05:50:02.158428+00:00,left_shoulder_pan,1857,1851,-6,37,1,1060
14.823,2026-08-05T05:50:02.158428+00:00,left_shoulder_lift,2389,2406,17,37,4,80
14.823,2026-08-05T05:50:02.158428+00:00,left_elbow_flex,1629,1641,12,34,2,60
14.823,2026-08-05T05:50:02.158428+00:00,left_wrist_flex,2169,2173,4,34,0,28
14.823,2026-08-05T05:50:02.158428+00:00,left_wrist_roll,1989,1987,-2,34,0,1044
14.823,2026-08-05T05:50:02.158428+00:00,left_gripper,2014,2014,0,36,0,0
14.823,2026-08-05T05:50:02.158428+00:00,right_shoulder_pan,1814,1789,-25,38,1,1082
14.823,2026-08-05T05:50:02.158428+00:00,right_shoulder_lift,2085,2156,71,38,10,156
14.823,2026-08-05T05:50:02.158428+00:00,right_elbow_flex,2097,2137,40,37,4,94
14.823,2026-08-05T05:50:02.158428+00:00,right_wrist_flex,1976,1990,14,35,1,42
14.823,2026-08-05T05:50:02.158428+00:00,right_wrist_roll,2114,2111,-3,34,0,1044
14.823,2026-08-05T05:50:02.158428+00:00,right_gripper,2428,2442,14,38,2,42
14.873,2026-08-05T05:50:02.208464+00:00,left_shoulder_pan,1857,1851,-6,37,1,1060
14.873,2026-08-05T05:50:02.208464+00:00,left_shoulder_lift,2389,2406,17,37,5,80
14.873,2026-08-05T05:50:02.208464+00:00,left_elbow_flex,1629,1641,12,34,2,60
14.873,2026-08-05T05:50:02.208464+00:00,left_wrist_flex,2169,2173,4,34,1,28
14.873,2026-08-05T05:50:02.208464+00:00,left_wrist_roll,1989,1987,-2,34,0,1044
14.873,2026-08-05T05:50:02.208464+00:00,left_gripper,2014,2014,0,36,0,0
14.873,2026-08-05T05:50:02.208464+00:00,right_shoulder_pan,1819,1793,-26,37,1,1082
14.873,2026-08-05T05:50:02.208464+00:00,right_shoulder_lift,2087,2156,69,38,11,156
14.873,2026-08-05T05:50:02.208464+00:00,right_elbow_flex,2097,2137,40,38,4,94
14.873,2026-08-05T05:50:02.208464+00:00,right_wrist_flex,1976,1990,14,35,1,42
14.873,2026-08-05T05:50:02.208464+00:00,right_wrist_roll,2114,2111,-3,34,0,1044
14.873,2026-08-05T05:50:02.208464+00:00,right_gripper,2428,2442,14,38,2,42
14.923,2026-08-05T05:50:02.260375+00:00,left_shoulder_pan,1857,1851,-6,37,1,1060
14.923,2026-08-05T05:50:02.260375+00:00,left_shoulder_lift,2389,2406,17,37,5,80
14.923,2026-08-05T05:50:02.260375+00:00,left_elbow_flex,1629,1641,12,34,2,60
14.923,2026-08-05T05:50:02.260375+00:00,left_wrist_flex,2169,2173,4,34,1,28
14.923,2026-08-05T05:50:02.260375+00:00,left_wrist_roll,1989,1987,-2,34,0,1044
14.923,2026-08-05T05:50:02.260375+00:00,left_gripper,2014,2014,0,36,0,0
14.923,2026-08-05T05:50:02.260375+00:00,right_shoulder_pan,1824,1798,-26,37,1,1082
14.923,2026-08-05T05:50:02.260375+00:00,right_shoulder_lift,2089,2156,67,38,9,148
14.923,2026-08-05T05:50:02.260375+00:00,right_elbow_flex,2097,2137,40,37,4,94
14.923,2026-08-05T05:50:02.260375+00:00,right_wrist_flex,1976,1990,14,35,1,42
14.923,2026-08-05T05:50:02.260375+00:00,right_wrist_roll,2114,2111,-3,34,0,1044
14.923,2026-08-05T05:50:02.260375+00:00,right_gripper,2428,2442,14,38,2,42
14.973,2026-08-05T05:50:02.310220+00:00,left_shoulder_pan,1857,1851,-6,37,1,1060
14.973,2026-08-05T05:50:02.310220+00:00,left_shoulder_lift,2389,2406,17,37,5,80
14.973,2026-08-05T05:50:02.310220+00:00,left_elbow_flex,1629,1641,12,34,2,60
14.973,2026-08-05T05:50:02.310220+00:00,left_wrist_flex,2169,2173,4,34,0,28
14.973,2026-08-05T05:50:02.310220+00:00,left_wrist_roll,1989,1987,-2,34,0,1044
14.973,2026-08-05T05:50:02.310220+00:00,left_gripper,2014,2014,0,37,0,0
14.973,2026-08-05T05:50:02.310220+00:00,right_shoulder_pan,1830,1803,-27,37,0,1074
14.973,2026-08-05T05:50:02.310220+00:00,right_shoulder_lift,2091,2156,65,38,8,148
14.973,2026-08-05T05:50:02.310220+00:00,right_elbow_flex,2097,2137,40,37,5,94
14.973,2026-08-05T05:50:02.310220+00:00,right_wrist_flex,1976,1990,14,35,1,42
14.973,2026-08-05T05:50:02.310220+00:00,right_wrist_roll,2114,2111,-3,34,0,1044
14.973,2026-08-05T05:50:02.310220+00:00,right_gripper,2428,2442,14,38,1,42
15.023,2026-08-05T05:50:02.359046+00:00,left_shoulder_pan,1857,1851,-6,37,1,1060
15.023,2026-08-05T05:50:02.359046+00:00,left_shoulder_lift,2389,2406,17,37,5,80
15.023,2026-08-05T05:50:02.359046+00:00,left_elbow_flex,1629,1641,12,34,2,60
15.023,2026-08-05T05:50:02.359046+00:00,left_wrist_flex,2169,2173,4,34,0,28
15.023,2026-08-05T05:50:02.359046+00:00,left_wrist_roll,1989,1987,-2,34,0,1044
15.023,2026-08-05T05:50:02.359046+00:00,left_gripper,2014,2014,0,37,0,0
15.023,2026-08-05T05:50:02.359046+00:00,right_shoulder_pan,1835,1809,-26,37,1,1082
15.023,2026-08-05T05:50:02.359046+00:00,right_shoulder_lift,2092,2156,64,39,8,140
15.023,2026-08-05T05:50:02.359046+00:00,right_elbow_flex,2097,2137,40,38,4,94
15.023,2026-08-05T05:50:02.359046+00:00,right_wrist_flex,1976,1990,14,35,1,42
15.023,2026-08-05T05:50:02.359046+00:00,right_wrist_roll,2114,2111,-3,34,0,1044
15.023,2026-08-05T05:50:02.359046+00:00,right_gripper,2428,2442,14,38,2,42
15.074,2026-08-05T05:50:02.409210+00:00,left_shoulder_pan,1857,1851,-6,37,1,1060
15.074,2026-08-05T05:50:02.409210+00:00,left_shoulder_lift,2389,2406,17,37,4,80
15.074,2026-08-05T05:50:02.409210+00:00,left_elbow_flex,1629,1641,12,34,2,60
15.074,2026-08-05T05:50:02.409210+00:00,left_wrist_flex,2169,2173,4,34,1,28
15.074,2026-08-05T05:50:02.409210+00:00,left_wrist_roll,1989,1987,-2,34,0,1044
15.074,2026-08-05T05:50:02.409210+00:00,left_gripper,2014,2014,0,37,0,0
15.074,2026-08-05T05:50:02.409210+00:00,right_shoulder_pan,1841,1814,-27,37,1,1074
15.074,2026-08-05T05:50:02.409210+00:00,right_shoulder_lift,2094,2156,62,38,10,142
15.074,2026-08-05T05:50:02.409210+00:00,right_elbow_flex,2097,2137,40,37,4,94
15.074,2026-08-05T05:50:02.409210+00:00,right_wrist_flex,1976,1990,14,35,1,42
15.074,2026-08-05T05:50:02.409210+00:00,right_wrist_roll,2114,2111,-3,34,0,1044
15.074,2026-08-05T05:50:02.409210+00:00,right_gripper,2428,2442,14,38,2,42
15.124,2026-08-05T05:50:02.459075+00:00,left_shoulder_pan,1857,1851,-6,37,1,1060
15.124,2026-08-05T05:50:02.459075+00:00,left_shoulder_lift,2389,2406,17,37,4,80
15.124,2026-08-05T05:50:02.459075+00:00,left_elbow_flex,1629,1641,12,34,2,60
15.124,2026-08-05T05:50:02.459075+00:00,left_wrist_flex,2169,2173,4,34,0,28
15.124,2026-08-05T05:50:02.459075+00:00,left_wrist_roll,1989,1987,-2,34,1,1044
15.124,2026-08-05T05:50:02.459075+00:00,left_gripper,2014,2014,0,37,0,0
15.124,2026-08-05T05:50:02.459075+00:00,right_shoulder_pan,1847,1819,-28,44,1,1084
15.124,2026-08-05T05:50:02.459075+00:00,right_shoulder_lift,2095,2156,61,38,9,134
15.124,2026-08-05T05:50:02.459075+00:00,right_elbow_flex,2097,2137,40,38,4,94
15.124,2026-08-05T05:50:02.459075+00:00,right_wrist_flex,1976,1990,14,35,1,42
15.124,2026-08-05T05:50:02.459075+00:00,right_wrist_roll,2114,2111,-3,34,0,1044
15.124,2026-08-05T05:50:02.459075+00:00,right_gripper,2428,2442,14,38,2,42
15.174,2026-08-05T05:50:02.509693+00:00,left_shoulder_pan,1857,1851,-6,37,1,1060
15.174,2026-08-05T05:50:02.509693+00:00,left_shoulder_lift,2389,2406,17,37,4,80
15.174,2026-08-05T05:50:02.509693+00:00,left_elbow_flex,1629,1641,12,34,2,60
15.174,2026-08-05T05:50:02.509693+00:00,left_wrist_flex,2169,2173,4,34,0,28
15.174,2026-08-05T05:50:02.509693+00:00,left_wrist_roll,1989,1987,-2,34,0,1044
15.174,2026-08-05T05:50:02.509693+00:00,left_gripper,2014,2014,0,36,0,0
15.174,2026-08-05T05:50:02.509693+00:00,right_shoulder_pan,1853,1825,-28,37,1,1076
15.174,2026-08-05T05:50:02.509693+00:00,right_shoulder_lift,2097,2156,59,38,8,136
15.174,2026-08-05T05:50:02.509693+00:00,right_elbow_flex,2097,2137,40,38,5,94
15.174,2026-08-05T05:50:02.509693+00:00,right_wrist_flex,1976,1990,14,34,1,42
15.174,2026-08-05T05:50:02.509693+00:00,right_wrist_roll,2114,2111,-3,34,0,1044
15.174,2026-08-05T05:50:02.509693+00:00,right_gripper,2428,2442,14,38,2,42
15.224,2026-08-05T05:50:02.559514+00:00,left_shoulder_pan,1857,1851,-6,37,1,1060
15.224,2026-08-05T05:50:02.559514+00:00,left_shoulder_lift,2389,2406,17,37,4,80
15.224,2026-08-05T05:50:02.559514+00:00,left_elbow_flex,1629,1641,12,34,2,60
15.224,2026-08-05T05:50:02.559514+00:00,left_wrist_flex,2169,2173,4,34,0,28
15.224,2026-08-05T05:50:02.559514+00:00,left_wrist_roll,1989,1987,-2,34,0,1044
15.224,2026-08-05T05:50:02.559514+00:00,left_gripper,2014,2014,0,37,0,0
15.224,2026-08-05T05:50:02.559514+00:00,right_shoulder_pan,1859,1831,-28,37,1,1084
15.224,2026-08-05T05:50:02.559514+00:00,right_shoulder_lift,2098,2156,58,38,7,128
15.224,2026-08-05T05:50:02.559514+00:00,right_elbow_flex,2097,2137,40,37,5,94
15.224,2026-08-05T05:50:02.559514+00:00,right_wrist_flex,1976,1990,14,35,2,42
15.224,2026-08-05T05:50:02.559514+00:00,right_wrist_roll,2114,2111,-3,34,0,1044
15.224,2026-08-05T05:50:02.559514+00:00,right_gripper,2428,2442,14,38,2,42
15.274,2026-08-05T05:50:02.609079+00:00,left_shoulder_pan,1857,1851,-6,37,1,1060
15.274,2026-08-05T05:50:02.609079+00:00,left_shoulder_lift,2389,2406,17,37,5,80
15.274,2026-08-05T05:50:02.609079+00:00,left_elbow_flex,1629,1641,12,34,2,60
15.274,2026-08-05T05:50:02.609079+00:00,left_wrist_flex,2169,2173,4,34,0,28
15.274,2026-08-05T05:50:02.609079+00:00,left_wrist_roll,1989,1987,-2,34,1,1044
15.274,2026-08-05T05:50:02.609079+00:00,left_gripper,2014,2014,0,36,0,0
15.274,2026-08-05T05:50:02.609079+00:00,right_shoulder_pan,1866,1837,-29,37,1,1076
15.274,2026-08-05T05:50:02.609079+00:00,right_shoulder_lift,2100,2156,56,38,7,130
15.274,2026-08-05T05:50:02.609079+00:00,right_elbow_flex,2097,2137,40,37,4,94
15.274,2026-08-05T05:50:02.609079+00:00,right_wrist_flex,1976,1990,14,35,1,42
15.274,2026-08-05T05:50:02.609079+00:00,right_wrist_roll,2114,2111,-3,34,0,1044
15.274,2026-08-05T05:50:02.609079+00:00,right_gripper,2428,2442,14,38,2,42
15.324,2026-08-05T05:50:02.659602+00:00,left_shoulder_pan,1857,1851,-6,37,1,1060
15.324,2026-08-05T05:50:02.659602+00:00,left_shoulder_lift,2389,2406,17,37,5,80
15.324,2026-08-05T05:50:02.659602+00:00,left_elbow_flex,1629,1641,12,34,2,60
15.324,2026-08-05T05:50:02.659602+00:00,left_wrist_flex,2169,2173,4,34,0,28
15.324,2026-08-05T05:50:02.659602+00:00,left_wrist_roll,1989,1987,-2,34,1,1044
15.324,2026-08-05T05:50:02.659602+00:00,left_gripper,2014,2014,0,36,0,0
15.324,2026-08-05T05:50:02.659602+00:00,right_shoulder_pan,1873,1843,-30,37,1,1084
15.324,2026-08-05T05:50:02.659602+00:00,right_shoulder_lift,2101,2156,55,38,7,122
15.324,2026-08-05T05:50:02.659602+00:00,right_elbow_flex,2097,2137,40,38,5,94
15.324,2026-08-05T05:50:02.659602+00:00,right_wrist_flex,1976,1990,14,35,1,42
15.324,2026-08-05T05:50:02.659602+00:00,right_wrist_roll,2114,2111,-3,34,0,1044
15.324,2026-08-05T05:50:02.659602+00:00,right_gripper,2428,2442,14,38,2,42
15.374,2026-08-05T05:50:02.709187+00:00,left_shoulder_pan,1857,1851,-6,37,1,1060
15.374,2026-08-05T05:50:02.709187+00:00,left_shoulder_lift,2389,2406,17,37,4,80
15.374,2026-08-05T05:50:02.709187+00:00,left_elbow_flex,1629,1641,12,34,2,60
15.374,2026-08-05T05:50:02.709187+00:00,left_wrist_flex,2169,2173,4,34,0,28
15.374,2026-08-05T05:50:02.709187+00:00,left_wrist_roll,1989,1987,-2,34,0,1044
15.374,2026-08-05T05:50:02.709187+00:00,left_gripper,2014,2014,0,36,0,0
15.374,2026-08-05T05:50:02.709187+00:00,right_shoulder_pan,1880,1849,-31,37,1,1082
15.374,2026-08-05T05:50:02.709187+00:00,right_shoulder_lift,2102,2156,54,38,6,124
15.374,2026-08-05T05:50:02.709187+00:00,right_elbow_flex,2097,2137,40,37,5,94
15.374,2026-08-05T05:50:02.709187+00:00,right_wrist_flex,1976,1990,14,35,1,42
15.374,2026-08-05T05:50:02.709187+00:00,right_wrist_roll,2114,2111,-3,34,0,1044
15.374,2026-08-05T05:50:02.709187+00:00,right_gripper,2428,2442,14,38,1,42
15.424,2026-08-05T05:50:02.759927+00:00,left_shoulder_pan,1857,1851,-6,37,1,1060
15.424,2026-08-05T05:50:02.759927+00:00,left_shoulder_lift,2389,2406,17,37,4,80
15.424,2026-08-05T05:50:02.759927+00:00,left_elbow_flex,1629,1641,12,34,2,60
15.424,2026-08-05T05:50:02.759927+00:00,left_wrist_flex,2169,2173,4,34,0,28
15.424,2026-08-05T05:50:02.759927+00:00,left_wrist_roll,1989,1987,-2,34,0,1044
15.424,2026-08-05T05:50:02.759927+00:00,left_gripper,2014,2014,0,36,0,0
15.424,2026-08-05T05:50:02.759927+00:00,right_shoulder_pan,1887,1856,-31,37,2,1086
15.424,2026-08-05T05:50:02.759927+00:00,right_shoulder_lift,2103,2156,53,38,8,122
15.424,2026-08-05T05:50:02.759927+00:00,right_elbow_flex,2097,2137,40,37,4,94
15.424,2026-08-05T05:50:02.759927+00:00,right_wrist_flex,1976,1990,14,35,1,42
15.424,2026-08-05T05:50:02.759927+00:00,right_wrist_roll,2114,2111,-3,34,0,1044
15.424,2026-08-05T05:50:02.759927+00:00,right_gripper,2428,2442,14,38,2,42
15.474,2026-08-05T05:50:02.809338+00:00,left_shoulder_pan,1857,1851,-6,37,1,1060
15.474,2026-08-05T05:50:02.809338+00:00,left_shoulder_lift,2389,2406,17,37,4,80
15.474,2026-08-05T05:50:02.809338+00:00,left_elbow_flex,1629,1641,12,34,2,60
15.474,2026-08-05T05:50:02.809338+00:00,left_wrist_flex,2169,2173,4,34,1,28
15.474,2026-08-05T05:50:02.809338+00:00,left_wrist_roll,1989,1987,-2,34,1,1044
15.474,2026-08-05T05:50:02.809338+00:00,left_gripper,2014,2014,0,36,0,0
15.474,2026-08-05T05:50:02.809338+00:00,right_shoulder_pan,1894,1863,-31,37,1,1084
15.474,2026-08-05T05:50:02.809338+00:00,right_shoulder_lift,2104,2156,52,38,6,120
15.474,2026-08-05T05:50:02.809338+00:00,right_elbow_flex,2097,2137,40,38,5,94
15.474,2026-08-05T05:50:02.809338+00:00,right_wrist_flex,1976,1990,14,35,1,42
15.474,2026-08-05T05:50:02.809338+00:00,right_wrist_roll,2114,2111,-3,34,0,1044
15.474,2026-08-05T05:50:02.809338+00:00,right_gripper,2428,2442,14,38,2,42
15.524,2026-08-05T05:50:02.859685+00:00,left_shoulder_pan,1857,1851,-6,37,1,1060
15.524,2026-08-05T05:50:02.859685+00:00,left_shoulder_lift,2389,2406,17,37,5,80
15.524,2026-08-05T05:50:02.859685+00:00,left_elbow_flex,1629,1641,12,34,2,60
15.524,2026-08-05T05:50:02.859685+00:00,left_wrist_flex,2169,2173,4,34,0,28
15.524,2026-08-05T05:50:02.859685+00:00,left_wrist_roll,1989,1987,-2,34,0,1044
15.524,2026-08-05T05:50:02.859685+00:00,left_gripper,2014,2014,0,36,0,0
15.524,2026-08-05T05:50:02.859685+00:00,right_shoulder_pan,1901,1869,-32,37,2,1084
15.524,2026-08-05T05:50:02.859685+00:00,right_shoulder_lift,2105,2156,51,38,6,114
15.524,2026-08-05T05:50:02.859685+00:00,right_elbow_flex,2097,2137,40,37,4,94
15.524,2026-08-05T05:50:02.859685+00:00,right_wrist_flex,1976,1990,14,35,1,42
15.524,2026-08-05T05:50:02.859685+00:00,right_wrist_roll,2114,2111,-3,34,0,1044
15.524,2026-08-05T05:50:02.859685+00:00,right_gripper,2428,2442,14,38,1,42
15.574,2026-08-05T05:50:02.909481+00:00,left_shoulder_pan,1857,1851,-6,37,1,1060
15.574,2026-08-05T05:50:02.909481+00:00,left_shoulder_lift,2389,2406,17,37,5,80
15.574,2026-08-05T05:50:02.909481+00:00,left_elbow_flex,1629,1641,12,34,2,60
15.574,2026-08-05T05:50:02.909481+00:00,left_wrist_flex,2169,2173,4,34,1,28
15.574,2026-08-05T05:50:02.909481+00:00,left_wrist_roll,1989,1987,-2,34,0,1044
15.574,2026-08-05T05:50:02.909481+00:00,left_gripper,2014,2014,0,36,0,0
15.574,2026-08-05T05:50:02.909481+00:00,right_shoulder_pan,1908,1876,-32,37,1,1084
15.574,2026-08-05T05:50:02.909481+00:00,right_shoulder_lift,2106,2156,50,38,7,116
15.574,2026-08-05T05:50:02.909481+00:00,right_elbow_flex,2097,2137,40,38,4,94
15.574,2026-08-05T05:50:02.909481+00:00,right_wrist_flex,1976,1990,14,35,1,42
15.574,2026-08-05T05:50:02.909481+00:00,right_wrist_roll,2114,2111,-3,34,0,1044
15.574,2026-08-05T05:50:02.909481+00:00,right_gripper,2428,2442,14,38,2,42
15.624,2026-08-05T05:50:02.959511+00:00,left_shoulder_pan,1857,1851,-6,37,1,1060
15.624,2026-08-05T05:50:02.959511+00:00,left_shoulder_lift,2389,2406,17,37,4,80
15.624,2026-08-05T05:50:02.959511+00:00,left_elbow_flex,1629,1641,12,34,2,60
15.624,2026-08-05T05:50:02.959511+00:00,left_wrist_flex,2169,2173,4,34,0,28
15.624,2026-08-05T05:50:02.959511+00:00,left_wrist_roll,1989,1987,-2,34,1,1044
15.624,2026-08-05T05:50:02.959511+00:00,left_gripper,2014,2014,0,36,0,0
15.624,2026-08-05T05:50:02.959511+00:00,right_shoulder_pan,1916,1883,-33,37,1,1080
15.624,2026-08-05T05:50:02.959511+00:00,right_shoulder_lift,2106,2156,50,38,6,110
15.624,2026-08-05T05:50:02.959511+00:00,right_elbow_flex,2097,2137,40,37,5,94
15.624,2026-08-05T05:50:02.959511+00:00,right_wrist_flex,1976,1990,14,35,1,42
15.624,2026-08-05T05:50:02.959511+00:00,right_wrist_roll,2114,2111,-3,34,0,1044
15.624,2026-08-05T05:50:02.959511+00:00,right_gripper,2428,2442,14,38,2,42
15.674,2026-08-05T05:50:03.009708+00:00,left_shoulder_pan,1857,1851,-6,37,1,1060
15.674,2026-08-05T05:50:03.009708+00:00,left_shoulder_lift,2389,2406,17,37,4,80
15.674,2026-08-05T05:50:03.009708+00:00,left_elbow_flex,1629,1641,12,34,2,60
15.674,2026-08-05T05:50:03.009708+00:00,left_wrist_flex,2169,2173,4,34,1,28
15.674,2026-08-05T05:50:03.009708+00:00,left_wrist_roll,1989,1987,-2,34,1,1044
15.674,2026-08-05T05:50:03.009708+00:00,left_gripper,2014,2014,0,36,0,0
15.674,2026-08-05T05:50:03.009708+00:00,right_shoulder_pan,1923,1889,-34,37,2,1096
15.674,2026-08-05T05:50:03.009708+00:00,right_shoulder_lift,2107,2156,49,38,8,114
15.674,2026-08-05T05:50:03.009708+00:00,right_elbow_flex,2097,2137,40,37,4,94
15.674,2026-08-05T05:50:03.009708+00:00,right_wrist_flex,1976,1990,14,35,1,42
15.674,2026-08-05T05:50:03.009708+00:00,right_wrist_roll,2114,2111,-3,34,0,1044
15.674,2026-08-05T05:50:03.009708+00:00,right_gripper,2428,2442,14,38,2,42
15.724,2026-08-05T05:50:03.059923+00:00,left_shoulder_pan,1857,1851,-6,37,1,1060
15.724,2026-08-05T05:50:03.059923+00:00,left_shoulder_lift,2389,2406,17,37,4,80
15.724,2026-08-05T05:50:03.059923+00:00,left_elbow_flex,1629,1641,12,34,2,60
15.724,2026-08-05T05:50:03.059923+00:00,left_wrist_flex,2169,2173,4,34,1,28
15.724,2026-08-05T05:50:03.059923+00:00,left_wrist_roll,1989,1987,-2,34,0,1044
15.724,2026-08-05T05:50:03.059923+00:00,left_gripper,2014,2014,0,36,0,0
15.724,2026-08-05T05:50:03.059923+00:00,right_shoulder_pan,1931,1896,-35,37,2,1084
15.724,2026-08-05T05:50:03.059923+00:00,right_shoulder_lift,2108,2156,48,38,8,112
15.724,2026-08-05T05:50:03.059923+00:00,right_elbow_flex,2097,2137,40,38,5,94
15.724,2026-08-05T05:50:03.059923+00:00,right_wrist_flex,1976,1990,14,35,1,42
15.724,2026-08-05T05:50:03.059923+00:00,right_wrist_roll,2114,2111,-3,34,0,1044
15.724,2026-08-05T05:50:03.059923+00:00,right_gripper,2428,2442,14,38,2,42
15.775,2026-08-05T05:50:03.109786+00:00,left_shoulder_pan,1857,1851,-6,37,1,1060
15.775,2026-08-05T05:50:03.109786+00:00,left_shoulder_lift,2389,2406,17,37,5,80
15.775,2026-08-05T05:50:03.109786+00:00,left_elbow_flex,1629,1641,12,34,2,60
15.775,2026-08-05T05:50:03.109786+00:00,left_wrist_flex,2169,2173,4,34,1,28
15.775,2026-08-05T05:50:03.109786+00:00,left_wrist_roll,1989,1987,-2,34,0,1044
15.775,2026-08-05T05:50:03.109786+00:00,left_gripper,2014,2014,0,36,0,0
15.775,2026-08-05T05:50:03.109786+00:00,right_shoulder_pan,1939,1903,-36,37,1,1098
15.775,2026-08-05T05:50:03.109786+00:00,right_shoulder_lift,2108,2156,48,38,7,110
15.775,2026-08-05T05:50:03.109786+00:00,right_elbow_flex,2097,2137,40,38,4,94
15.775,2026-08-05T05:50:03.109786+00:00,right_wrist_flex,1976,1990,14,35,1,42
15.775,2026-08-05T05:50:03.109786+00:00,right_wrist_roll,2114,2111,-3,34,0,1044
15.775,2026-08-05T05:50:03.109786+00:00,right_gripper,2428,2442,14,38,2,42
15.825,2026-08-05T05:50:03.160107+00:00,left_shoulder_pan,1857,1851,-6,37,1,1060
15.825,2026-08-05T05:50:03.160107+00:00,left_shoulder_lift,2389,2406,17,37,4,80
15.825,2026-08-05T05:50:03.160107+00:00,left_elbow_flex,1629,1641,12,34,3,60
15.825,2026-08-05T05:50:03.160107+00:00,left_wrist_flex,2169,2173,4,34,1,28
15.825,2026-08-05T05:50:03.160107+00:00,left_wrist_roll,1989,1987,-2,34,0,1044
15.825,2026-08-05T05:50:03.160107+00:00,left_gripper,2014,2014,0,36,0,0
15.825,2026-08-05T05:50:03.160107+00:00,right_shoulder_pan,1947,1911,-36,37,2,1086
15.825,2026-08-05T05:50:03.160107+00:00,right_shoulder_lift,2108,2156,48,38,6,110
15.825,2026-08-05T05:50:03.160107+00:00,right_elbow_flex,2097,2137,40,37,4,94
15.825,2026-08-05T05:50:03.160107+00:00,right_wrist_flex,1976,1990,14,35,1,42
15.825,2026-08-05T05:50:03.160107+00:00,right_wrist_roll,2114,2111,-3,34,0,1044
15.825,2026-08-05T05:50:03.160107+00:00,right_gripper,2428,2442,14,38,2,42
15.875,2026-08-05T05:50:03.209918+00:00,left_shoulder_pan,1857,1851,-6,37,1,1060
15.875,2026-08-05T05:50:03.209918+00:00,left_shoulder_lift,2389,2406,17,37,5,80
15.875,2026-08-05T05:50:03.209918+00:00,left_elbow_flex,1629,1641,12,34,2,60
15.875,2026-08-05T05:50:03.209918+00:00,left_wrist_flex,2169,2173,4,34,0,28
15.875,2026-08-05T05:50:03.209918+00:00,left_wrist_roll,1989,1987,-2,34,0,1044
15.875,2026-08-05T05:50:03.209918+00:00,left_gripper,2014,2014,0,37,0,0
15.875,2026-08-05T05:50:03.209918+00:00,right_shoulder_pan,1954,1918,-36,37,2,1092
15.875,2026-08-05T05:50:03.209918+00:00,right_shoulder_lift,2109,2156,47,38,5,110
15.875,2026-08-05T05:50:03.209918+00:00,right_elbow_flex,2097,2137,40,37,4,94
15.875,2026-08-05T05:50:03.209918+00:00,right_wrist_flex,1976,1990,14,34,1,42
15.875,2026-08-05T05:50:03.209918+00:00,right_wrist_roll,2114,2111,-3,34,0,1044
15.875,2026-08-05T05:50:03.209918+00:00,right_gripper,2428,2442,14,38,2,42
15.925,2026-08-05T05:50:03.260065+00:00,left_shoulder_pan,1857,1851,-6,37,1,1060
15.925,2026-08-05T05:50:03.260065+00:00,left_shoulder_lift,2389,2406,17,37,5,80
15.925,2026-08-05T05:50:03.260065+00:00,left_elbow_flex,1629,1641,12,34,2,60
15.925,2026-08-05T05:50:03.260065+00:00,left_wrist_flex,2169,2173,4,34,0,28
15.925,2026-08-05T05:50:03.260065+00:00,left_wrist_roll,1989,1987,-2,34,0,1044
15.925,2026-08-05T05:50:03.260065+00:00,left_gripper,2014,2014,0,36,0,0
15.925,2026-08-05T05:50:03.260065+00:00,right_shoulder_pan,1962,1926,-36,37,2,1086
15.925,2026-08-05T05:50:03.260065+00:00,right_shoulder_lift,2109,2156,47,38,6,108
15.925,2026-08-05T05:50:03.260065+00:00,right_elbow_flex,2097,2137,40,38,6,94
15.925,2026-08-05T05:50:03.260065+00:00,right_wrist_flex,1976,1990,14,35,1,42
15.925,2026-08-05T05:50:03.260065+00:00,right_wrist_roll,2114,2111,-3,34,0,1044
15.925,2026-08-05T05:50:03.260065+00:00,right_gripper,2428,2442,14,38,2,42
15.975,2026-08-05T05:50:03.310876+00:00,left_shoulder_pan,1857,1851,-6,37,1,1060
15.975,2026-08-05T05:50:03.310876+00:00,left_shoulder_lift,2389,2406,17,37,5,80
15.975,2026-08-05T05:50:03.310876+00:00,left_elbow_flex,1629,1641,12,34,2,60
15.975,2026-08-05T05:50:03.310876+00:00,left_wrist_flex,2169,2173,4,34,0,28
15.975,2026-08-05T05:50:03.310876+00:00,left_wrist_roll,1989,1987,-2,34,0,1044
15.975,2026-08-05T05:50:03.310876+00:00,left_gripper,2014,2014,0,36,0,0
15.975,2026-08-05T05:50:03.310876+00:00,right_shoulder_pan,1970,1934,-36,37,1,1090
15.975,2026-08-05T05:50:03.310876+00:00,right_shoulder_lift,2109,2156,47,39,5,108
15.975,2026-08-05T05:50:03.310876+00:00,right_elbow_flex,2097,2137,40,38,4,94
15.975,2026-08-05T05:50:03.310876+00:00,right_wrist_flex,1976,1990,14,35,1,42
15.975,2026-08-05T05:50:03.310876+00:00,right_wrist_roll,2114,2111,-3,34,0,1044
15.975,2026-08-05T05:50:03.310876+00:00,right_gripper,2428,2442,14,38,1,42
16.025,2026-08-05T05:50:03.360459+00:00,left_shoulder_pan,1857,1851,-6,37,0,1060
16.025,2026-08-05T05:50:03.360459+00:00,left_shoulder_lift,2389,2406,17,37,4,80
16.025,2026-08-05T05:50:03.360459+00:00,left_elbow_flex,1629,1641,12,34,2,60
16.025,2026-08-05T05:50:03.360459+00:00,left_wrist_flex,2169,2173,4,34,0,28
16.025,2026-08-05T05:50:03.360459+00:00,left_wrist_roll,1989,1987,-2,34,0,1044
16.025,2026-08-05T05:50:03.360459+00:00,left_gripper,2014,2014,0,37,0,0
16.025,2026-08-05T05:50:03.360459+00:00,right_shoulder_pan,1978,1943,-35,37,0,1082
16.025,2026-08-05T05:50:03.360459+00:00,right_shoulder_lift,2109,2156,47,39,5,108
16.025,2026-08-05T05:50:03.360459+00:00,right_elbow_flex,2097,2137,40,37,4,94
16.025,2026-08-05T05:50:03.360459+00:00,right_wrist_flex,1976,1990,14,35,1,42
16.025,2026-08-05T05:50:03.360459+00:00,right_wrist_roll,2114,2111,-3,34,0,1044
16.025,2026-08-05T05:50:03.360459+00:00,right_gripper,2428,2442,14,38,1,42
16.075,2026-08-05T05:50:03.410462+00:00,left_shoulder_pan,1857,1851,-6,36,1,1060
16.075,2026-08-05T05:50:03.410462+00:00,left_shoulder_lift,2389,2406,17,37,4,80
16.075,2026-08-05T05:50:03.410462+00:00,left_elbow_flex,1629,1641,12,34,1,60
16.075,2026-08-05T05:50:03.410462+00:00,left_wrist_flex,2169,2173,4,34,0,28
16.075,2026-08-05T05:50:03.410462+00:00,left_wrist_roll,1989,1987,-2,34,0,1044
16.075,2026-08-05T05:50:03.410462+00:00,left_gripper,2014,2014,0,36,0,0
16.075,2026-08-05T05:50:03.410462+00:00,right_shoulder_pan,1986,1950,-36,37,1,1090
16.075,2026-08-05T05:50:03.410462+00:00,right_shoulder_lift,2109,2156,47,38,5,108
16.075,2026-08-05T05:50:03.410462+00:00,right_elbow_flex,2097,2137,40,38,5,94
16.075,2026-08-05T05:50:03.410462+00:00,right_wrist_flex,1976,1990,14,35,1,42
16.075,2026-08-05T05:50:03.410462+00:00,right_wrist_roll,2114,2111,-3,34,0,1044
16.075,2026-08-05T05:50:03.410462+00:00,right_gripper,2428,2442,14,38,2,42
16.125,2026-08-05T05:50:03.460607+00:00,left_shoulder_pan,1857,1851,-6,37,1,1060
16.125,2026-08-05T05:50:03.460607+00:00,left_shoulder_lift,2389,2406,17,37,4,80
16.125,2026-08-05T05:50:03.460607+00:00,left_elbow_flex,1629,1641,12,34,2,60
16.125,2026-08-05T05:50:03.460607+00:00,left_wrist_flex,2169,2173,4,34,1,28
16.125,2026-08-05T05:50:03.460607+00:00,left_wrist_roll,1989,1987,-2,34,0,1044
16.125,2026-08-05T05:50:03.460607+00:00,left_gripper,2014,2014,0,36,0,0
16.125,2026-08-05T05:50:03.460607+00:00,right_shoulder_pan,1994,1958,-36,37,1,1086
16.125,2026-08-05T05:50:03.460607+00:00,right_shoulder_lift,2109,2156,47,38,5,108
16.125,2026-08-05T05:50:03.460607+00:00,right_elbow_flex,2097,2137,40,38,5,94
16.125,2026-08-05T05:50:03.460607+00:00,right_wrist_flex,1976,1990,14,35,1,42
16.125,2026-08-05T05:50:03.460607+00:00,right_wrist_roll,2114,2111,-3,34,0,1044
16.125,2026-08-05T05:50:03.460607+00:00,right_gripper,2428,2442,14,38,2,42
16.175,2026-08-05T05:50:03.510463+00:00,left_shoulder_pan,1857,1851,-6,37,1,1060
16.175,2026-08-05T05:50:03.510463+00:00,left_shoulder_lift,2389,2406,17,37,4,80
16.175,2026-08-05T05:50:03.510463+00:00,left_elbow_flex,1629,1641,12,34,1,60
16.175,2026-08-05T05:50:03.510463+00:00,left_wrist_flex,2169,2173,4,34,1,28
16.175,2026-08-05T05:50:03.510463+00:00,left_wrist_roll,1989,1987,-2,34,1,1044
16.175,2026-08-05T05:50:03.510463+00:00,left_gripper,2014,2014,0,37,0,0
16.175,2026-08-05T05:50:03.510463+00:00,right_shoulder_pan,2001,1966,-35,37,1,1090
16.175,2026-08-05T05:50:03.510463+00:00,right_shoulder_lift,2108,2156,48,38,6,110
16.175,2026-08-05T05:50:03.510463+00:00,right_elbow_flex,2097,2137,40,37,5,94
16.175,2026-08-05T05:50:03.510463+00:00,right_wrist_flex,1976,1990,14,35,1,42
16.175,2026-08-05T05:50:03.510463+00:00,right_wrist_roll,2114,2111,-3,34,0,1044
16.175,2026-08-05T05:50:03.510463+00:00,right_gripper,2428,2442,14,38,1,42
16.225,2026-08-05T05:50:03.561548+00:00,left_shoulder_pan,1857,1851,-6,37,1,1060
16.225,2026-08-05T05:50:03.561548+00:00,left_shoulder_lift,2389,2406,17,37,4,80
16.225,2026-08-05T05:50:03.561548+00:00,left_elbow_flex,1629,1641,12,34,2,60
16.225,2026-08-05T05:50:03.561548+00:00,left_wrist_flex,2169,2173,4,34,1,28
16.225,2026-08-05T05:50:03.561548+00:00,left_wrist_roll,1989,1987,-2,34,0,1044
16.225,2026-08-05T05:50:03.561548+00:00,left_gripper,2014,2014,0,36,0,0
16.225,2026-08-05T05:50:03.561548+00:00,right_shoulder_pan,2009,1974,-35,37,1,1088
16.225,2026-08-05T05:50:03.561548+00:00,right_shoulder_lift,2108,2156,48,38,6,110
16.225,2026-08-05T05:50:03.561548+00:00,right_elbow_flex,2097,2137,40,37,5,94
16.225,2026-08-05T05:50:03.561548+00:00,right_wrist_flex,1976,1990,14,35,1,42
16.225,2026-08-05T05:50:03.561548+00:00,right_wrist_roll,2114,2111,-3,34,0,1044
16.225,2026-08-05T05:50:03.561548+00:00,right_gripper,2428,2442,14,38,1,42
16.275,2026-08-05T05:50:03.610749+00:00,left_shoulder_pan,1857,1851,-6,37,1,1060
16.275,2026-08-05T05:50:03.610749+00:00,left_shoulder_lift,2389,2406,17,37,4,80
16.275,2026-08-05T05:50:03.610749+00:00,left_elbow_flex,1629,1641,12,34,2,60
16.275,2026-08-05T05:50:03.610749+00:00,left_wrist_flex,2169,2173,4,34,0,28
16.275,2026-08-05T05:50:03.610749+00:00,left_wrist_roll,1989,1987,-2,34,0,1044
16.275,2026-08-05T05:50:03.610749+00:00,left_gripper,2014,2014,0,36,0,0
16.275,2026-08-05T05:50:03.610749+00:00,right_shoulder_pan,2017,1981,-36,37,2,1094
16.275,2026-08-05T05:50:03.610749+00:00,right_shoulder_lift,2108,2156,48,38,5,110
16.275,2026-08-05T05:50:03.610749+00:00,right_elbow_flex,2097,2137,40,38,4,94
16.275,2026-08-05T05:50:03.610749+00:00,right_wrist_flex,1976,1990,14,35,0,42
16.275,2026-08-05T05:50:03.610749+00:00,right_wrist_roll,2114,2111,-3,34,0,1044
16.275,2026-08-05T05:50:03.610749+00:00,right_gripper,2428,2442,14,38,2,42
16.325,2026-08-05T05:50:03.660780+00:00,left_shoulder_pan,1857,1851,-6,37,1,1060
16.325,2026-08-05T05:50:03.660780+00:00,left_shoulder_lift,2389,2406,17,37,4,80
16.325,2026-08-05T05:50:03.660780+00:00,left_elbow_flex,1629,1641,12,34,2,60
16.325,2026-08-05T05:50:03.660780+00:00,left_wrist_flex,2169,2173,4,34,0,28
16.325,2026-08-05T05:50:03.660780+00:00,left_wrist_roll,1989,1987,-2,34,0,1044
16.325,2026-08-05T05:50:03.660780+00:00,left_gripper,2014,2014,0,36,0,0
16.325,2026-08-05T05:50:03.660780+00:00,right_shoulder_pan,2025,1989,-36,37,1,1088
16.325,2026-08-05T05:50:03.660780+00:00,right_shoulder_lift,2107,2156,49,39,6,116
16.325,2026-08-05T05:50:03.660780+00:00,right_elbow_flex,2097,2137,40,38,4,94
16.325,2026-08-05T05:50:03.660780+00:00,right_wrist_flex,1976,1990,14,35,1,42
16.325,2026-08-05T05:50:03.660780+00:00,right_wrist_roll,2114,2111,-3,34,0,1044
16.325,2026-08-05T05:50:03.660780+00:00,right_gripper,2428,2442,14,38,2,42
16.375,2026-08-05T05:50:03.710641+00:00,left_shoulder_pan,1857,1851,-6,37,1,1060
16.375,2026-08-05T05:50:03.710641+00:00,left_shoulder_lift,2389,2406,17,37,5,80
16.375,2026-08-05T05:50:03.710641+00:00,left_elbow_flex,1629,1641,12,34,2,60
16.375,2026-08-05T05:50:03.710641+00:00,left_wrist_flex,2169,2173,4,34,0,28
16.375,2026-08-05T05:50:03.710641+00:00,left_wrist_roll,1989,1987,-2,34,0,1044
16.375,2026-08-05T05:50:03.710641+00:00,left_gripper,2014,2014,0,36,0,0
16.375,2026-08-05T05:50:03.710641+00:00,right_shoulder_pan,2032,1996,-36,37,2,1096
16.375,2026-08-05T05:50:03.710641+00:00,right_shoulder_lift,2106,2156,50,38,6,114
16.375,2026-08-05T05:50:03.710641+00:00,right_elbow_flex,2097,2137,40,38,4,94
16.375,2026-08-05T05:50:03.710641+00:00,right_wrist_flex,1976,1990,14,35,1,42
16.375,2026-08-05T05:50:03.710641+00:00,right_wrist_roll,2114,2111,-3,34,0,1044
16.375,2026-08-05T05:50:03.710641+00:00,right_gripper,2428,2442,14,38,1,42
16.425,2026-08-05T05:50:03.760732+00:00,left_shoulder_pan,1857,1851,-6,37,1,1060
16.425,2026-08-05T05:50:03.760732+00:00,left_shoulder_lift,2389,2406,17,37,4,80
16.425,2026-08-05T05:50:03.760732+00:00,left_elbow_flex,1629,1641,12,34,2,60
16.425,2026-08-05T05:50:03.760732+00:00,left_wrist_flex,2169,2173,4,34,0,28
16.425,2026-08-05T05:50:03.760732+00:00,left_wrist_roll,1989,1987,-2,34,1,1044
16.425,2026-08-05T05:50:03.760732+00:00,left_gripper,2014,2014,0,37,0,0
16.425,2026-08-05T05:50:03.760732+00:00,right_shoulder_pan,2040,2004,-36,37,2,1092
16.425,2026-08-05T05:50:03.760732+00:00,right_shoulder_lift,2106,2156,50,38,6,114
16.425,2026-08-05T05:50:03.760732+00:00,right_elbow_flex,2097,2137,40,37,5,94
16.425,2026-08-05T05:50:03.760732+00:00,right_wrist_flex,1976,1990,14,35,1,42
16.425,2026-08-05T05:50:03.760732+00:00,right_wrist_roll,2114,2111,-3,34,1,1044
16.425,2026-08-05T05:50:03.760732+00:00,right_gripper,2428,2442,14,38,2,42
16.476,2026-08-05T05:50:03.811200+00:00,left_shoulder_pan,1857,1851,-6,37,2,1060
16.476,2026-08-05T05:50:03.811200+00:00,left_shoulder_lift,2389,2406,17,37,4,80
16.476,2026-08-05T05:50:03.811200+00:00,left_elbow_flex,1629,1641,12,34,2,60
16.476,2026-08-05T05:50:03.811200+00:00,left_wrist_flex,2169,2173,4,34,0,28
16.476,2026-08-05T05:50:03.811200+00:00,left_wrist_roll,1989,1987,-2,34,1,1044
16.476,2026-08-05T05:50:03.811200+00:00,left_gripper,2014,2014,0,37,0,0
16.476,2026-08-05T05:50:03.811200+00:00,right_shoulder_pan,2047,2011,-36,37,1,1088
16.476,2026-08-05T05:50:03.811200+00:00,right_shoulder_lift,2105,2156,51,38,6,116
16.476,2026-08-05T05:50:03.811200+00:00,right_elbow_flex,2097,2137,40,38,5,94
16.476,2026-08-05T05:50:03.811200+00:00,right_wrist_flex,1976,1990,14,35,1,42
16.476,2026-08-05T05:50:03.811200+00:00,right_wrist_roll,2114,2111,-3,34,1,1044
16.476,2026-08-05T05:50:03.811200+00:00,right_gripper,2428,2442,14,38,2,42
16.526,2026-08-05T05:50:03.861136+00:00,left_shoulder_pan,1857,1851,-6,37,1,1060
16.526,2026-08-05T05:50:03.861136+00:00,left_shoulder_lift,2389,2406,17,37,5,80
16.526,2026-08-05T05:50:03.861136+00:00,left_elbow_flex,1629,1641,12,34,3,60
16.526,2026-08-05T05:50:03.861136+00:00,left_wrist_flex,2169,2173,4,34,0,28
16.526,2026-08-05T05:50:03.861136+00:00,left_wrist_roll,1989,1987,-2,34,0,1044
16.526,2026-08-05T05:50:03.861136+00:00,left_gripper,2014,2014,0,36,0,0
16.526,2026-08-05T05:50:03.861136+00:00,right_shoulder_pan,2054,2019,-35,37,2,1090
16.526,2026-08-05T05:50:03.861136+00:00,right_shoulder_lift,2104,2156,52,38,6,118
16.526,2026-08-05T05:50:03.861136+00:00,right_elbow_flex,2097,2137,40,37,4,94
16.526,2026-08-05T05:50:03.861136+00:00,right_wrist_flex,1976,1990,14,35,1,42
16.526,2026-08-05T05:50:03.861136+00:00,right_wrist_roll,2114,2111,-3,34,1,1044
16.526,2026-08-05T05:50:03.861136+00:00,right_gripper,2428,2442,14,38,2,42
16.576,2026-08-05T05:50:03.911622+00:00,left_shoulder_pan,1857,1851,-6,37,1,1060
16.576,2026-08-05T05:50:03.911622+00:00,left_shoulder_lift,2389,2406,17,37,4,80
16.576,2026-08-05T05:50:03.911622+00:00,left_elbow_flex,1629,1641,12,34,2,60
16.576,2026-08-05T05:50:03.911622+00:00,left_wrist_flex,2169,2173,4,34,1,28
16.576,2026-08-05T05:50:03.911622+00:00,left_wrist_roll,1989,1987,-2,34,1,1044
16.576,2026-08-05T05:50:03.911622+00:00,left_gripper,2014,2014,0,36,0,0
16.576,2026-08-05T05:50:03.911622+00:00,right_shoulder_pan,2061,2026,-35,37,1,1088
16.576,2026-08-05T05:50:03.911622+00:00,right_shoulder_lift,2103,2156,53,38,6,120
16.576,2026-08-05T05:50:03.911622+00:00,right_elbow_flex,2097,2137,40,38,4,94
16.576,2026-08-05T05:50:03.911622+00:00,right_wrist_flex,1976,1990,14,35,1,42
16.576,2026-08-05T05:50:03.911622+00:00,right_wrist_roll,2114,2111,-3,34,0,1044
16.576,2026-08-05T05:50:03.911622+00:00,right_gripper,2428,2442,14,38,1,42
16.626,2026-08-05T05:50:03.961053+00:00,left_shoulder_pan,1857,1851,-6,37,0,1060
16.626,2026-08-05T05:50:03.961053+00:00,left_shoulder_lift,2389,2406,17,37,4,80
16.626,2026-08-05T05:50:03.961053+00:00,left_elbow_flex,1629,1641,12,34,2,60
16.626,2026-08-05T05:50:03.961053+00:00,left_wrist_flex,2169,2173,4,35,0,28
16.626,2026-08-05T05:50:03.961053+00:00,left_wrist_roll,1989,1987,-2,34,0,1044
16.626,2026-08-05T05:50:03.961053+00:00,left_gripper,2014,2014,0,37,0,0
16.626,2026-08-05T05:50:03.961053+00:00,right_shoulder_pan,2068,2034,-34,37,1,1084
16.626,2026-08-05T05:50:03.961053+00:00,right_shoulder_lift,2102,2156,54,38,7,122
16.626,2026-08-05T05:50:03.961053+00:00,right_elbow_flex,2097,2137,40,37,4,94
16.626,2026-08-05T05:50:03.961053+00:00,right_wrist_flex,1976,1990,14,35,1,42
16.626,2026-08-05T05:50:03.961053+00:00,right_wrist_roll,2114,2111,-3,34,1,1044
16.626,2026-08-05T05:50:03.961053+00:00,right_gripper,2428,2442,14,38,2,42
16.676,2026-08-05T05:50:04.011112+00:00,left_shoulder_pan,1857,1851,-6,37,1,1060
16.676,2026-08-05T05:50:04.011112+00:00,left_shoulder_lift,2389,2406,17,37,5,80
16.676,2026-08-05T05:50:04.011112+00:00,left_elbow_flex,1629,1641,12,34,2,60
16.676,2026-08-05T05:50:04.011112+00:00,left_wrist_flex,2169,2173,4,34,0,28
16.676,2026-08-05T05:50:04.011112+00:00,left_wrist_roll,1989,1987,-2,34,1,1044
16.676,2026-08-05T05:50:04.011112+00:00,left_gripper,2014,2014,0,36,0,0
16.676,2026-08-05T05:50:04.011112+00:00,right_shoulder_pan,2075,2042,-33,36,2,1086
16.676,2026-08-05T05:50:04.011112+00:00,right_shoulder_lift,2101,2156,55,38,6,124
16.676,2026-08-05T05:50:04.011112+00:00,right_elbow_flex,2097,2137,40,37,4,94
16.676,2026-08-05T05:50:04.011112+00:00,right_wrist_flex,1976,1990,14,35,1,42
16.676,2026-08-05T05:50:04.011112+00:00,right_wrist_roll,2114,2111,-3,34,0,1044
16.676,2026-08-05T05:50:04.011112+00:00,right_gripper,2428,2442,14,38,2,42
16.726,2026-08-05T05:50:04.061437+00:00,left_shoulder_pan,1857,1851,-6,37,1,1060
16.726,2026-08-05T05:50:04.061437+00:00,left_shoulder_lift,2389,2406,17,37,5,80
16.726,2026-08-05T05:50:04.061437+00:00,left_elbow_flex,1629,1641,12,34,3,60
16.726,2026-08-05T05:50:04.061437+00:00,left_wrist_flex,2169,2173,4,34,1,28
16.726,2026-08-05T05:50:04.061437+00:00,left_wrist_roll,1989,1987,-2,34,0,1044
16.726,2026-08-05T05:50:04.061437+00:00,left_gripper,2014,2014,0,36,0,0
16.726,2026-08-05T05:50:04.061437+00:00,right_shoulder_pan,2082,2049,-33,37,1,1090
16.726,2026-08-05T05:50:04.061437+00:00,right_shoulder_lift,2100,2156,56,38,7,126
16.726,2026-08-05T05:50:04.061437+00:00,right_elbow_flex,2097,2137,40,38,4,94
16.726,2026-08-05T05:50:04.061437+00:00,right_wrist_flex,1976,1990,14,35,1,42
16.726,2026-08-05T05:50:04.061437+00:00,right_wrist_roll,2114,2111,-3,34,0,1044
16.726,2026-08-05T05:50:04.061437+00:00,right_gripper,2428,2442,14,38,1,42
16.776,2026-08-05T05:50:04.111207+00:00,left_shoulder_pan,1857,1851,-6,37,1,1060
16.776,2026-08-05T05:50:04.111207+00:00,left_shoulder_lift,2389,2406,17,37,4,80
16.776,2026-08-05T05:50:04.111207+00:00,left_elbow_flex,1629,1641,12,34,2,60
16.776,2026-08-05T05:50:04.111207+00:00,left_wrist_flex,2169,2173,4,34,0,28
16.776,2026-08-05T05:50:04.111207+00:00,left_wrist_roll,1989,1987,-2,34,0,1044
16.776,2026-08-05T05:50:04.111207+00:00,left_gripper,2014,2014,0,36,0,0
16.776,2026-08-05T05:50:04.111207+00:00,right_shoulder_pan,2088,2056,-32,46,2,1082
16.776,2026-08-05T05:50:04.111207+00:00,right_shoulder_lift,2098,2156,58,38,8,128
16.776,2026-08-05T05:50:04.111207+00:00,right_elbow_flex,2097,2137,40,37,5,94
16.776,2026-08-05T05:50:04.111207+00:00,right_wrist_flex,1976,1990,14,35,1,42
16.776,2026-08-05T05:50:04.111207+00:00,right_wrist_roll,2114,2111,-3,34,1,1044
16.776,2026-08-05T05:50:04.111207+00:00,right_gripper,2428,2442,14,38,2,42
16.826,2026-08-05T05:50:04.161464+00:00,left_shoulder_pan,1857,1851,-6,37,1,1060
16.826,2026-08-05T05:50:04.161464+00:00,left_shoulder_lift,2389,2406,17,37,4,80
16.826,2026-08-05T05:50:04.161464+00:00,left_elbow_flex,1629,1641,12,34,2,60
16.826,2026-08-05T05:50:04.161464+00:00,left_wrist_flex,2169,2173,4,34,0,28
16.826,2026-08-05T05:50:04.161464+00:00,left_wrist_roll,1989,1987,-2,34,1,1044
16.826,2026-08-05T05:50:04.161464+00:00,left_gripper,2014,2014,0,36,0,0
16.826,2026-08-05T05:50:04.161464+00:00,right_shoulder_pan,2095,2063,-32,37,1,1082
16.826,2026-08-05T05:50:04.161464+00:00,right_shoulder_lift,2097,2156,59,38,7,132
16.826,2026-08-05T05:50:04.161464+00:00,right_elbow_flex,2097,2137,40,38,5,94
16.826,2026-08-05T05:50:04.161464+00:00,right_wrist_flex,1976,1990,14,35,1,42
16.826,2026-08-05T05:50:04.161464+00:00,right_wrist_roll,2114,2111,-3,34,0,1044
16.826,2026-08-05T05:50:04.161464+00:00,right_gripper,2428,2442,14,38,2,42
16.876,2026-08-05T05:50:04.211425+00:00,left_shoulder_pan,1857,1851,-6,37,1,1060
16.876,2026-08-05T05:50:04.211425+00:00,left_shoulder_lift,2389,2406,17,37,4,80
16.876,2026-08-05T05:50:04.211425+00:00,left_elbow_flex,1629,1641,12,34,2,60
16.876,2026-08-05T05:50:04.211425+00:00,left_wrist_flex,2169,2173,4,34,0,28
16.876,2026-08-05T05:50:04.211425+00:00,left_wrist_roll,1989,1987,-2,34,0,1044
16.876,2026-08-05T05:50:04.211425+00:00,left_gripper,2014,2014,0,36,0,0
16.876,2026-08-05T05:50:04.211425+00:00,right_shoulder_pan,2101,2070,-31,37,1,1080
16.876,2026-08-05T05:50:04.211425+00:00,right_shoulder_lift,2095,2156,61,38,11,134
16.876,2026-08-05T05:50:04.211425+00:00,right_elbow_flex,2097,2137,40,38,5,94
16.876,2026-08-05T05:50:04.211425+00:00,right_wrist_flex,1976,1990,14,35,1,42
16.876,2026-08-05T05:50:04.211425+00:00,right_wrist_roll,2114,2111,-3,34,1,1044
16.876,2026-08-05T05:50:04.211425+00:00,right_gripper,2428,2442,14,38,2,42
16.926,2026-08-05T05:50:04.261454+00:00,left_shoulder_pan,1857,1851,-6,37,0,1060
16.926,2026-08-05T05:50:04.261454+00:00,left_shoulder_lift,2389,2406,17,37,5,80
16.926,2026-08-05T05:50:04.261454+00:00,left_elbow_flex,1629,1641,12,34,2,60
16.926,2026-08-05T05:50:04.261454+00:00,left_wrist_flex,2169,2173,4,34,0,28
16.926,2026-08-05T05:50:04.261454+00:00,left_wrist_roll,1989,1987,-2,34,0,1044
16.926,2026-08-05T05:50:04.261454+00:00,left_gripper,2014,2014,0,36,0,0
16.926,2026-08-05T05:50:04.261454+00:00,right_shoulder_pan,2107,2076,-31,37,1,1086
16.926,2026-08-05T05:50:04.261454+00:00,right_shoulder_lift,2094,2156,62,38,9,138
16.926,2026-08-05T05:50:04.261454+00:00,right_elbow_flex,2097,2137,40,37,4,94
16.926,2026-08-05T05:50:04.261454+00:00,right_wrist_flex,1976,1990,14,35,1,42
16.926,2026-08-05T05:50:04.261454+00:00,right_wrist_roll,2114,2111,-3,34,1,1044
16.926,2026-08-05T05:50:04.261454+00:00,right_gripper,2428,2442,14,38,1,42
16.976,2026-08-05T05:50:04.312872+00:00,left_shoulder_pan,1857,1851,-6,37,1,1060
16.976,2026-08-05T05:50:04.312872+00:00,left_shoulder_lift,2389,2406,17,37,4,80
16.976,2026-08-05T05:50:04.312872+00:00,left_elbow_flex,1629,1641,12,34,2,60
16.976,2026-08-05T05:50:04.312872+00:00,left_wrist_flex,2169,2173,4,34,0,28
16.976,2026-08-05T05:50:04.312872+00:00,left_wrist_roll,1989,1987,-2,34,0,1044
16.976,2026-08-05T05:50:04.312872+00:00,left_gripper,2014,2014,0,37,0,0
16.976,2026-08-05T05:50:04.312872+00:00,right_shoulder_pan,2113,2083,-30,37,0,1082
16.976,2026-08-05T05:50:04.312872+00:00,right_shoulder_lift,2092,2156,64,38,9,140
16.976,2026-08-05T05:50:04.312872+00:00,right_elbow_flex,2097,2137,40,38,4,94
16.976,2026-08-05T05:50:04.312872+00:00,right_wrist_flex,1976,1990,14,35,1,42
16.976,2026-08-05T05:50:04.312872+00:00,right_wrist_roll,2114,2111,-3,34,0,1044
16.976,2026-08-05T05:50:04.312872+00:00,right_gripper,2428,2442,14,38,2,42
17.026,2026-08-05T05:50:04.361786+00:00,left_shoulder_pan,1857,1851,-6,37,1,1060
17.026,2026-08-05T05:50:04.361786+00:00,left_shoulder_lift,2389,2406,17,37,4,80
17.026,2026-08-05T05:50:04.361786+00:00,left_elbow_flex,1629,1641,12,34,2,60
17.026,2026-08-05T05:50:04.361786+00:00,left_wrist_flex,2169,2173,4,34,0,28
17.026,2026-08-05T05:50:04.361786+00:00,left_wrist_roll,1989,1987,-2,34,0,1044
17.026,2026-08-05T05:50:04.361786+00:00,left_gripper,2014,2014,0,36,0,0
17.026,2026-08-05T05:50:04.361786+00:00,right_shoulder_pan,2118,2089,-29,37,1,1084
17.026,2026-08-05T05:50:04.361786+00:00,right_shoulder_lift,2091,2156,65,38,9,144
17.026,2026-08-05T05:50:04.361786+00:00,right_elbow_flex,2097,2137,40,38,4,94
17.026,2026-08-05T05:50:04.361786+00:00,right_wrist_flex,1976,1990,14,35,1,42
17.026,2026-08-05T05:50:04.361786+00:00,right_wrist_roll,2114,2111,-3,34,0,1044
17.026,2026-08-05T05:50:04.361786+00:00,right_gripper,2428,2442,14,38,2,42
17.076,2026-08-05T05:50:04.412075+00:00,left_shoulder_pan,1857,1851,-6,37,1,1060
17.076,2026-08-05T05:50:04.412075+00:00,left_shoulder_lift,2389,2406,17,37,5,80
17.076,2026-08-05T05:50:04.412075+00:00,left_elbow_flex,1629,1641,12,34,2,60
17.076,2026-08-05T05:50:04.412075+00:00,left_wrist_flex,2169,2173,4,34,0,28
17.076,2026-08-05T05:50:04.412075+00:00,left_wrist_roll,1989,1987,-2,34,1,1044
17.076,2026-08-05T05:50:04.412075+00:00,left_gripper,2014,2014,0,37,0,0
17.076,2026-08-05T05:50:04.412075+00:00,right_shoulder_pan,2124,2095,-29,37,1,1084
17.076,2026-08-05T05:50:04.412075+00:00,right_shoulder_lift,2089,2156,67,38,10,146
17.076,2026-08-05T05:50:04.412075+00:00,right_elbow_flex,2097,2137,40,37,4,94
17.076,2026-08-05T05:50:04.412075+00:00,right_wrist_flex,1976,1990,14,35,1,42
17.076,2026-08-05T05:50:04.412075+00:00,right_wrist_roll,2114,2111,-3,34,0,1044
17.076,2026-08-05T05:50:04.412075+00:00,right_gripper,2428,2442,14,38,2,42
17.126,2026-08-05T05:50:04.462301+00:00,left_shoulder_pan,1857,1851,-6,37,1,1060
17.126,2026-08-05T05:50:04.462301+00:00,left_shoulder_lift,2389,2406,17,37,4,80
17.126,2026-08-05T05:50:04.462301+00:00,left_elbow_flex,1629,1641,12,34,1,60
17.126,2026-08-05T05:50:04.462301+00:00,left_wrist_flex,2169,2173,4,34,0,28
17.126,2026-08-05T05:50:04.462301+00:00,left_wrist_roll,1989,1987,-2,34,0,1044
17.126,2026-08-05T05:50:04.462301+00:00,left_gripper,2014,2014,0,37,0,0
17.126,2026-08-05T05:50:04.462301+00:00,right_shoulder_pan,2129,2101,-28,37,1,1084
17.126,2026-08-05T05:50:04.462301+00:00,right_shoulder_lift,2087,2156,69,38,12,150
17.126,2026-08-05T05:50:04.462301+00:00,right_elbow_flex,2097,2137,40,37,5,94
17.126,2026-08-05T05:50:04.462301+00:00,right_wrist_flex,1976,1990,14,35,1,42
17.126,2026-08-05T05:50:04.462301+00:00,right_wrist_roll,2114,2111,-3,34,0,1044
17.126,2026-08-05T05:50:04.462301+00:00,right_gripper,2428,2442,14,38,1,42
17.177,2026-08-05T05:50:04.512071+00:00,left_shoulder_pan,1857,1851,-6,37,1,1060
17.177,2026-08-05T05:50:04.512071+00:00,left_shoulder_lift,2389,2406,17,37,4,80
17.177,2026-08-05T05:50:04.512071+00:00,left_elbow_flex,1629,1641,12,34,3,60
17.177,2026-08-05T05:50:04.512071+00:00,left_wrist_flex,2169,2173,4,34,0,28
17.177,2026-08-05T05:50:04.512071+00:00,left_wrist_roll,1989,1987,-2,34,0,1044
17.177,2026-08-05T05:50:04.512071+00:00,left_gripper,2014,2014,0,37,0,0
17.177,2026-08-05T05:50:04.512071+00:00,right_shoulder_pan,2134,2107,-27,37,1,1082
17.177,2026-08-05T05:50:04.512071+00:00,right_shoulder_lift,2085,2156,71,38,10,154
17.177,2026-08-05T05:50:04.512071+00:00,right_elbow_flex,2097,2137,40,37,4,94
17.177,2026-08-05T05:50:04.512071+00:00,right_wrist_flex,1976,1990,14,35,1,42
17.177,2026-08-05T05:50:04.512071+00:00,right_wrist_roll,2114,2111,-3,34,0,1044
17.177,2026-08-05T05:50:04.512071+00:00,right_gripper,2428,2442,14,38,2,42
17.227,2026-08-05T05:50:04.561890+00:00,left_shoulder_pan,1857,1851,-6,37,1,1060
17.227,2026-08-05T05:50:04.561890+00:00,left_shoulder_lift,2389,2406,17,37,5,80
17.227,2026-08-05T05:50:04.561890+00:00,left_elbow_flex,1629,1641,12,34,2,60
17.227,2026-08-05T05:50:04.561890+00:00,left_wrist_flex,2169,2173,4,34,0,28
17.227,2026-08-05T05:50:04.561890+00:00,left_wrist_roll,1989,1987,-2,34,0,1044
17.227,2026-08-05T05:50:04.561890+00:00,left_gripper,2014,2014,0,37,0,0
17.227,2026-08-05T05:50:04.561890+00:00,right_shoulder_pan,2138,2112,-26,37,1,1080
17.227,2026-08-05T05:50:04.561890+00:00,right_shoulder_lift,2083,2156,73,38,12,158
17.227,2026-08-05T05:50:04.561890+00:00,right_elbow_flex,2097,2137,40,38,4,94
17.227,2026-08-05T05:50:04.561890+00:00,right_wrist_flex,1976,1990,14,35,1,42
17.227,2026-08-05T05:50:04.561890+00:00,right_wrist_roll,2114,2111,-3,34,0,1044
17.227,2026-08-05T05:50:04.561890+00:00,right_gripper,2428,2442,14,38,1,42
17.277,2026-08-05T05:50:04.611945+00:00,left_shoulder_pan,1857,1851,-6,37,1,1060
17.277,2026-08-05T05:50:04.611945+00:00,left_shoulder_lift,2389,2406,17,37,4,80
17.277,2026-08-05T05:50:04.611945+00:00,left_elbow_flex,1629,1641,12,34,2,60
17.277,2026-08-05T05:50:04.611945+00:00,left_wrist_flex,2169,2173,4,34,0,28
17.277,2026-08-05T05:50:04.611945+00:00,left_wrist_roll,1989,1987,-2,34,0,1044
17.277,2026-08-05T05:50:04.611945+00:00,left_gripper,2014,2014,0,36,0,0
17.277,2026-08-05T05:50:04.611945+00:00,right_shoulder_pan,2143,2118,-25,37,1,1074
17.277,2026-08-05T05:50:04.611945+00:00,right_shoulder_lift,2081,2156,75,38,15,166
17.277,2026-08-05T05:50:04.611945+00:00,right_elbow_flex,2097,2137,40,37,5,94
17.277,2026-08-05T05:50:04.611945+00:00,right_wrist_flex,1976,1990,14,35,1,42
17.277,2026-08-05T05:50:04.611945+00:00,right_wrist_roll,2114,2111,-3,34,1,1044
17.277,2026-08-05T05:50:04.611945+00:00,right_gripper,2428,2442,14,38,2,42
17.327,2026-08-05T05:50:04.661992+00:00,left_shoulder_pan,1857,1851,-6,37,1,1060
17.327,2026-08-05T05:50:04.661992+00:00,left_shoulder_lift,2389,2406,17,37,5,80
17.327,2026-08-05T05:50:04.661992+00:00,left_elbow_flex,1629,1641,12,34,2,60
17.327,2026-08-05T05:50:04.661992+00:00,left_wrist_flex,2169,2173,4,34,0,28
17.327,2026-08-05T05:50:04.661992+00:00,left_wrist_roll,1989,1987,-2,34,0,1044
17.327,2026-08-05T05:50:04.661992+00:00,left_gripper,2014,2014,0,36,0,0
17.327,2026-08-05T05:50:04.661992+00:00,right_shoulder_pan,2147,2123,-24,37,1,1082
17.327,2026-08-05T05:50:04.661992+00:00,right_shoulder_lift,2079,2156,77,38,16,166
17.327,2026-08-05T05:50:04.661992+00:00,right_elbow_flex,2097,2137,40,37,4,94
17.327,2026-08-05T05:50:04.661992+00:00,right_wrist_flex,1976,1990,14,35,1,42
17.327,2026-08-05T05:50:04.661992+00:00,right_wrist_roll,2114,2111,-3,34,1,1044
17.327,2026-08-05T05:50:04.661992+00:00,right_gripper,2428,2442,14,38,2,42
17.377,2026-08-05T05:50:04.713353+00:00,left_shoulder_pan,1857,1851,-6,37,1,1060
17.377,2026-08-05T05:50:04.713353+00:00,left_shoulder_lift,2389,2406,17,37,4,80
17.377,2026-08-05T05:50:04.713353+00:00,left_elbow_flex,1629,1641,12,34,2,60
17.377,2026-08-05T05:50:04.713353+00:00,left_wrist_flex,2169,2173,4,34,1,28
17.377,2026-08-05T05:50:04.713353+00:00,left_wrist_roll,1989,1987,-2,34,1,1044
17.377,2026-08-05T05:50:04.713353+00:00,left_gripper,2014,2014,0,36,0,0
17.377,2026-08-05T05:50:04.713353+00:00,right_shoulder_pan,2151,2128,-23,37,1,1076
17.377,2026-08-05T05:50:04.713353+00:00,right_shoulder_lift,2077,2156,79,38,12,174
17.377,2026-08-05T05:50:04.713353+00:00,right_elbow_flex,2097,2137,40,37,5,94
17.377,2026-08-05T05:50:04.713353+00:00,right_wrist_flex,1976,1990,14,35,1,42
17.377,2026-08-05T05:50:04.713353+00:00,right_wrist_roll,2114,2111,-3,34,0,1044
17.377,2026-08-05T05:50:04.713353+00:00,right_gripper,2428,2442,14,38,2,42
17.427,2026-08-05T05:50:04.762449+00:00,left_shoulder_pan,1857,1851,-6,37,1,1060
17.427,2026-08-05T05:50:04.762449+00:00,left_shoulder_lift,2389,2406,17,37,5,80
17.427,2026-08-05T05:50:04.762449+00:00,left_elbow_flex,1629,1641,12,34,2,60
17.427,2026-08-05T05:50:04.762449+00:00,left_wrist_flex,2169,2173,4,34,1,28
17.427,2026-08-05T05:50:04.762449+00:00,left_wrist_roll,1989,1987,-2,34,0,1044
17.427,2026-08-05T05:50:04.762449+00:00,left_gripper,2014,2014,0,36,1,0
17.427,2026-08-05T05:50:04.762449+00:00,right_shoulder_pan,2154,2132,-22,37,1,1080
17.427,2026-08-05T05:50:04.762449+00:00,right_shoulder_lift,2075,2156,81,38,13,174
17.427,2026-08-05T05:50:04.762449+00:00,right_elbow_flex,2097,2137,40,38,4,94
17.427,2026-08-05T05:50:04.762449+00:00,right_wrist_flex,1976,1990,14,35,1,42
17.427,2026-08-05T05:50:04.762449+00:00,right_wrist_roll,2114,2111,-3,34,0,1044
17.427,2026-08-05T05:50:04.762449+00:00,right_gripper,2428,2442,14,38,1,42
17.477,2026-08-05T05:50:04.812442+00:00,left_shoulder_pan,1857,1851,-6,37,1,1060
17.477,2026-08-05T05:50:04.812442+00:00,left_shoulder_lift,2389,2406,17,37,4,80
17.477,2026-08-05T05:50:04.812442+00:00,left_elbow_flex,1629,1641,12,34,2,60
17.477,2026-08-05T05:50:04.812442+00:00,left_wrist_flex,2169,2173,4,34,0,28
17.477,2026-08-05T05:50:04.812442+00:00,left_wrist_roll,1989,1987,-2,34,0,1044
17.477,2026-08-05T05:50:04.812442+00:00,left_gripper,2014,2014,0,36,0,0
17.477,2026-08-05T05:50:04.812442+00:00,right_shoulder_pan,2157,2136,-21,37,1,1072
17.477,2026-08-05T05:50:04.812442+00:00,right_shoulder_lift,2073,2156,83,38,13,182
17.477,2026-08-05T05:50:04.812442+00:00,right_elbow_flex,2097,2137,40,37,4,94
17.477,2026-08-05T05:50:04.812442+00:00,right_wrist_flex,1976,1990,14,35,1,42
17.477,2026-08-05T05:50:04.812442+00:00,right_wrist_roll,2114,2111,-3,34,0,1044
17.477,2026-08-05T05:50:04.812442+00:00,right_gripper,2428,2442,14,38,2,42
17.527,2026-08-05T05:50:04.862335+00:00,left_shoulder_pan,1857,1851,-6,37,1,1060
17.527,2026-08-05T05:50:04.862335+00:00,left_shoulder_lift,2389,2406,17,37,5,80
17.527,2026-08-05T05:50:04.862335+00:00,left_elbow_flex,1629,1641,12,34,2,60
17.527,2026-08-05T05:50:04.862335+00:00,left_wrist_flex,2169,2173,4,34,0,28
17.527,2026-08-05T05:50:04.862335+00:00,left_wrist_roll,1989,1987,-2,34,0,1044
17.527,2026-08-05T05:50:04.862335+00:00,left_gripper,2014,2014,0,36,0,0
17.527,2026-08-05T05:50:04.862335+00:00,right_shoulder_pan,2160,2140,-20,37,1,1076
17.527,2026-08-05T05:50:04.862335+00:00,right_shoulder_lift,2071,2156,85,38,14,182
17.527,2026-08-05T05:50:04.862335+00:00,right_elbow_flex,2097,2137,40,37,5,94
17.527,2026-08-05T05:50:04.862335+00:00,right_wrist_flex,1976,1990,14,35,1,42
17.527,2026-08-05T05:50:04.862335+00:00,right_wrist_roll,2114,2111,-3,34,0,1044
17.527,2026-08-05T05:50:04.862335+00:00,right_gripper,2428,2442,14,38,2,42
17.577,2026-08-05T05:50:04.912704+00:00,left_shoulder_pan,1857,1851,-6,37,1,1060
17.577,2026-08-05T05:50:04.912704+00:00,left_shoulder_lift,2389,2406,17,37,5,80
17.577,2026-08-05T05:50:04.912704+00:00,left_elbow_flex,1629,1641,12,34,2,60
17.577,2026-08-05T05:50:04.912704+00:00,left_wrist_flex,2169,2173,4,34,1,28
17.577,2026-08-05T05:50:04.912704+00:00,left_wrist_roll,1989,1987,-2,34,0,1044
17.577,2026-08-05T05:50:04.912704+00:00,left_gripper,2014,2014,0,37,0,0
17.577,2026-08-05T05:50:04.912704+00:00,right_shoulder_pan,2163,2144,-19,37,1,1066
17.577,2026-08-05T05:50:04.912704+00:00,right_shoulder_lift,2069,2156,87,38,14,190
17.577,2026-08-05T05:50:04.912704+00:00,right_elbow_flex,2097,2137,40,37,4,94
17.577,2026-08-05T05:50:04.912704+00:00,right_wrist_flex,1976,1990,14,35,1,42
17.577,2026-08-05T05:50:04.912704+00:00,right_wrist_roll,2114,2111,-3,34,0,1044
17.577,2026-08-05T05:50:04.912704+00:00,right_gripper,2428,2442,14,38,1,42
17.627,2026-08-05T05:50:04.962473+00:00,left_shoulder_pan,1857,1851,-6,36,1,1060
17.627,2026-08-05T05:50:04.962473+00:00,left_shoulder_lift,2389,2406,17,37,5,80
17.627,2026-08-05T05:50:04.962473+00:00,left_elbow_flex,1629,1641,12,34,2,60
17.627,2026-08-05T05:50:04.962473+00:00,left_wrist_flex,2169,2173,4,34,0,28
17.627,2026-08-05T05:50:04.962473+00:00,left_wrist_roll,1989,1987,-2,34,1,1044
17.627,2026-08-05T05:50:04.962473+00:00,left_gripper,2014,2014,0,36,0,0
17.627,2026-08-05T05:50:04.962473+00:00,right_shoulder_pan,2165,2147,-18,37,1,1074
17.627,2026-08-05T05:50:04.962473+00:00,right_shoulder_lift,2066,2156,90,38,16,190
17.627,2026-08-05T05:50:04.962473+00:00,right_elbow_flex,2097,2137,40,38,4,94
17.627,2026-08-05T05:50:04.962473+00:00,right_wrist_flex,1976,1990,14,35,1,42
17.627,2026-08-05T05:50:04.962473+00:00,right_wrist_roll,2114,2111,-3,34,0,1044
17.627,2026-08-05T05:50:04.962473+00:00,right_gripper,2428,2442,14,38,1,42
17.677,2026-08-05T05:50:05.012737+00:00,left_shoulder_pan,1857,1851,-6,37,0,1060
17.677,2026-08-05T05:50:05.012737+00:00,left_shoulder_lift,2389,2406,17,37,4,80
17.677,2026-08-05T05:50:05.012737+00:00,left_elbow_flex,1629,1641,12,34,2,60
17.677,2026-08-05T05:50:05.012737+00:00,left_wrist_flex,2169,2173,4,34,1,28
17.677,2026-08-05T05:50:05.012737+00:00,left_wrist_roll,1989,1987,-2,34,1,1044
17.677,2026-08-05T05:50:05.012737+00:00,left_gripper,2014,2014,0,36,0,0
17.677,2026-08-05T05:50:05.012737+00:00,right_shoulder_pan,2168,2150,-18,37,1,1068
17.677,2026-08-05T05:50:05.012737+00:00,right_shoulder_lift,2064,2156,92,38,22,200
17.677,2026-08-05T05:50:05.012737+00:00,right_elbow_flex,2097,2137,40,38,5,94
17.677,2026-08-05T05:50:05.012737+00:00,right_wrist_flex,1976,1990,14,35,1,42
17.677,2026-08-05T05:50:05.012737+00:00,right_wrist_roll,2114,2111,-3,34,1,1044
17.677,2026-08-05T05:50:05.012737+00:00,right_gripper,2428,2442,14,38,1,42
17.727,2026-08-05T05:50:05.062636+00:00,left_shoulder_pan,1857,1851,-6,37,1,1060
17.727,2026-08-05T05:50:05.062636+00:00,left_shoulder_lift,2389,2406,17,37,4,80
17.727,2026-08-05T05:50:05.062636+00:00,left_elbow_flex,1629,1641,12,34,2,60
17.727,2026-08-05T05:50:05.062636+00:00,left_wrist_flex,2169,2173,4,34,0,28
17.727,2026-08-05T05:50:05.062636+00:00,left_wrist_roll,1989,1987,-2,34,0,1044
17.727,2026-08-05T05:50:05.062636+00:00,left_gripper,2014,2014,0,36,0,0
17.727,2026-08-05T05:50:05.062636+00:00,right_shoulder_pan,2169,2152,-17,37,1,1072
17.727,2026-08-05T05:50:05.062636+00:00,right_shoulder_lift,2062,2156,94,38,21,200
17.727,2026-08-05T05:50:05.062636+00:00,right_elbow_flex,2097,2137,40,38,4,94
17.727,2026-08-05T05:50:05.062636+00:00,right_wrist_flex,1976,1990,14,35,1,42
17.727,2026-08-05T05:50:05.062636+00:00,right_wrist_roll,2114,2111,-3,34,0,1044
17.727,2026-08-05T05:50:05.062636+00:00,right_gripper,2428,2442,14,38,1,42
17.777,2026-08-05T05:50:05.112709+00:00,left_shoulder_pan,1857,1851,-6,37,0,1060
17.777,2026-08-05T05:50:05.112709+00:00,left_shoulder_lift,2389,2406,17,37,4,80
17.777,2026-08-05T05:50:05.112709+00:00,left_elbow_flex,1629,1641,12,35,2,60
17.777,2026-08-05T05:50:05.112709+00:00,left_wrist_flex,2169,2173,4,34,0,28
17.777,2026-08-05T05:50:05.112709+00:00,left_wrist_roll,1989,1987,-2,34,0,1044
17.777,2026-08-05T05:50:05.112709+00:00,left_gripper,2014,2014,0,36,0,0
17.777,2026-08-05T05:50:05.112709+00:00,right_shoulder_pan,2171,2155,-16,37,1,1062
17.777,2026-08-05T05:50:05.112709+00:00,right_shoulder_lift,2059,2156,97,38,24,208
17.777,2026-08-05T05:50:05.112709+00:00,right_elbow_flex,2097,2137,40,38,4,94
17.777,2026-08-05T05:50:05.112709+00:00,right_wrist_flex,1976,1990,14,35,1,42
17.777,2026-08-05T05:50:05.112709+00:00,right_wrist_roll,2114,2111,-3,34,0,1044
17.777,2026-08-05T05:50:05.112709+00:00,right_gripper,2428,2442,14,38,2,42
17.827,2026-08-05T05:50:05.162728+00:00,left_shoulder_pan,1857,1851,-6,37,1,1060
17.827,2026-08-05T05:50:05.162728+00:00,left_shoulder_lift,2389,2406,17,37,5,80
17.827,2026-08-05T05:50:05.162728+00:00,left_elbow_flex,1629,1641,12,34,2,60
17.827,2026-08-05T05:50:05.162728+00:00,left_wrist_flex,2169,2173,4,34,0,28
17.827,2026-08-05T05:50:05.162728+00:00,left_wrist_roll,1989,1987,-2,34,0,1044
17.827,2026-08-05T05:50:05.162728+00:00,left_gripper,2014,2014,0,37,1,0
17.827,2026-08-05T05:50:05.162728+00:00,right_shoulder_pan,2172,2156,-16,37,2,1072
17.827,2026-08-05T05:50:05.162728+00:00,right_shoulder_lift,2057,2156,99,38,19,214
17.827,2026-08-05T05:50:05.162728+00:00,right_elbow_flex,2097,2137,40,37,4,94
17.827,2026-08-05T05:50:05.162728+00:00,right_wrist_flex,1976,1990,14,35,1,42
17.827,2026-08-05T05:50:05.162728+00:00,right_wrist_roll,2114,2111,-3,34,0,1044
17.827,2026-08-05T05:50:05.162728+00:00,right_gripper,2428,2442,14,38,1,42
17.878,2026-08-05T05:50:05.213081+00:00,left_shoulder_pan,1857,1851,-6,37,1,1060
17.878,2026-08-05T05:50:05.213081+00:00,left_shoulder_lift,2389,2406,17,37,4,80
17.878,2026-08-05T05:50:05.213081+00:00,left_elbow_flex,1629,1641,12,34,2,60
17.878,2026-08-05T05:50:05.213081+00:00,left_wrist_flex,2169,2173,4,34,0,28
17.878,2026-08-05T05:50:05.213081+00:00,left_wrist_roll,1989,1987,-2,34,0,1044
17.878,2026-08-05T05:50:05.213081+00:00,left_gripper,2014,2014,0,36,0,0
17.878,2026-08-05T05:50:05.213081+00:00,right_shoulder_pan,2173,2158,-15,37,1,1062
17.878,2026-08-05T05:50:05.213081+00:00,right_shoulder_lift,2055,2156,101,38,24,218
17.878,2026-08-05T05:50:05.213081+00:00,right_elbow_flex,2097,2137,40,37,4,94
17.878,2026-08-05T05:50:05.213081+00:00,right_wrist_flex,1976,1990,14,35,1,42
17.878,2026-08-05T05:50:05.213081+00:00,right_wrist_roll,2114,2111,-3,34,0,1044
17.878,2026-08-05T05:50:05.213081+00:00,right_gripper,2428,2442,14,38,1,42
17.928,2026-08-05T05:50:05.262906+00:00,left_shoulder_pan,1857,1851,-6,37,1,1060
17.928,2026-08-05T05:50:05.262906+00:00,left_shoulder_lift,2389,2406,17,37,4,80
17.928,2026-08-05T05:50:05.262906+00:00,left_elbow_flex,1629,1641,12,34,2,60
17.928,2026-08-05T05:50:05.262906+00:00,left_wrist_flex,2169,2173,4,34,1,28
17.928,2026-08-05T05:50:05.262906+00:00,left_wrist_roll,1989,1987,-2,34,0,1044
17.928,2026-08-05T05:50:05.262906+00:00,left_gripper,2014,2014,0,37,0,0
17.928,2026-08-05T05:50:05.262906+00:00,right_shoulder_pan,2174,2159,-15,37,2,1070
17.928,2026-08-05T05:50:05.262906+00:00,right_shoulder_lift,2052,2156,104,38,24,218
17.928,2026-08-05T05:50:05.262906+00:00,right_elbow_flex,2097,2137,40,37,4,94
17.928,2026-08-05T05:50:05.262906+00:00,right_wrist_flex,1976,1990,14,35,1,42
17.928,2026-08-05T05:50:05.262906+00:00,right_wrist_roll,2114,2111,-3,34,0,1044
17.928,2026-08-05T05:50:05.262906+00:00,right_gripper,2428,2442,14,38,2,42
17.978,2026-08-05T05:50:05.312934+00:00,left_shoulder_pan,1857,1851,-6,37,0,1060
17.978,2026-08-05T05:50:05.312934+00:00,left_shoulder_lift,2389,2406,17,37,4,80
17.978,2026-08-05T05:50:05.312934+00:00,left_elbow_flex,1629,1641,12,34,2,60
17.978,2026-08-05T05:50:05.312934+00:00,left_wrist_flex,2169,2173,4,34,0,28
17.978,2026-08-05T05:50:05.312934+00:00,left_wrist_roll,1989,1987,-2,34,0,1044
17.978,2026-08-05T05:50:05.312934+00:00,left_gripper,2014,2014,0,36,0,0
17.978,2026-08-05T05:50:05.312934+00:00,right_shoulder_pan,2174,2159,-15,37,2,1066
17.978,2026-08-05T05:50:05.312934+00:00,right_shoulder_lift,2050,2156,106,38,22,228
17.978,2026-08-05T05:50:05.312934+00:00,right_elbow_flex,2097,2137,40,38,4,94
17.978,2026-08-05T05:50:05.312934+00:00,right_wrist_flex,1976,1990,14,35,1,42
17.978,2026-08-05T05:50:05.312934+00:00,right_wrist_roll,2114,2111,-3,34,1,1044
17.978,2026-08-05T05:50:05.312934+00:00,right_gripper,2428,2442,14,38,1,42
18.028,2026-08-05T05:50:05.363082+00:00,left_shoulder_pan,1857,1851,-6,36,1,1060
18.028,2026-08-05T05:50:05.363082+00:00,left_shoulder_lift,2389,2406,17,37,4,80
18.028,2026-08-05T05:50:05.363082+00:00,left_elbow_flex,1629,1641,12,34,2,60
18.028,2026-08-05T05:50:05.363082+00:00,left_wrist_flex,2169,2173,4,34,0,28
18.028,2026-08-05T05:50:05.363082+00:00,left_wrist_roll,1989,1987,-2,34,0,1044
18.028,2026-08-05T05:50:05.363082+00:00,left_gripper,2014,2014,0,36,0,0
18.028,2026-08-05T05:50:05.363082+00:00,right_shoulder_pan,2174,2160,-14,37,1,1066
18.028,2026-08-05T05:50:05.363082+00:00,right_shoulder_lift,2048,2156,108,38,26,228
18.028,2026-08-05T05:50:05.363082+00:00,right_elbow_flex,2097,2137,40,37,4,94
18.028,2026-08-05T05:50:05.363082+00:00,right_wrist_flex,1976,1990,14,35,1,42
18.028,2026-08-05T05:50:05.363082+00:00,right_wrist_roll,2114,2111,-3,34,0,1044
18.028,2026-08-05T05:50:05.363082+00:00,right_gripper,2428,2442,14,38,2,42
18.078,2026-08-05T05:50:05.413338+00:00,left_shoulder_pan,1857,1851,-6,37,1,1060
18.078,2026-08-05T05:50:05.413338+00:00,left_shoulder_lift,2389,2406,17,37,4,80
18.078,2026-08-05T05:50:05.413338+00:00,left_elbow_flex,1629,1641,12,34,3,60
18.078,2026-08-05T05:50:05.413338+00:00,left_wrist_flex,2169,2173,4,34,1,28
18.078,2026-08-05T05:50:05.413338+00:00,left_wrist_roll,1989,1987,-2,34,0,1044
18.078,2026-08-05T05:50:05.413338+00:00,left_gripper,2014,2014,0,36,0,0
18.078,2026-08-05T05:50:05.413338+00:00,right_shoulder_pan,2174,2160,-14,37,1,1066
18.078,2026-08-05T05:50:05.413338+00:00,right_shoulder_lift,2045,2156,111,38,22,232
18.078,2026-08-05T05:50:05.413338+00:00,right_elbow_flex,2097,2137,40,37,5,94
18.078,2026-08-05T05:50:05.413338+00:00,right_wrist_flex,1976,1990,14,35,1,42
18.078,2026-08-05T05:50:05.413338+00:00,right_wrist_roll,2114,2111,-3,34,1,1044
18.078,2026-08-05T05:50:05.413338+00:00,right_gripper,2428,2442,14,38,1,42
18.128,2026-08-05T05:50:05.463168+00:00,left_shoulder_pan,1857,1851,-6,37,1,1060
18.128,2026-08-05T05:50:05.463168+00:00,left_shoulder_lift,2389,2406,17,37,4,80
18.128,2026-08-05T05:50:05.463168+00:00,left_elbow_flex,1629,1641,12,34,2,60
18.128,2026-08-05T05:50:05.463168+00:00,left_wrist_flex,2169,2173,4,34,1,28
18.128,2026-08-05T05:50:05.463168+00:00,left_wrist_roll,1989,1987,-2,34,0,1044
18.128,2026-08-05T05:50:05.463168+00:00,left_gripper,2014,2014,0,37,0,0
18.128,2026-08-05T05:50:05.463168+00:00,right_shoulder_pan,2173,2160,-13,36,1,1060
18.128,2026-08-05T05:50:05.463168+00:00,right_shoulder_lift,2043,2156,113,38,32,242
18.128,2026-08-05T05:50:05.463168+00:00,right_elbow_flex,2097,2137,40,37,4,94
18.128,2026-08-05T05:50:05.463168+00:00,right_wrist_flex,1976,1990,14,35,1,42
18.128,2026-08-05T05:50:05.463168+00:00,right_wrist_roll,2114,2111,-3,34,0,1044
18.128,2026-08-05T05:50:05.463168+00:00,right_gripper,2428,2442,14,38,2,42
18.178,2026-08-05T05:50:05.513486+00:00,left_shoulder_pan,1857,1851,-6,37,1,1060
18.178,2026-08-05T05:50:05.513486+00:00,left_shoulder_lift,2389,2406,17,37,4,80
18.178,2026-08-05T05:50:05.513486+00:00,left_elbow_flex,1629,1641,12,34,2,60
18.178,2026-08-05T05:50:05.513486+00:00,left_wrist_flex,2169,2173,4,34,0,28
18.178,2026-08-05T05:50:05.513486+00:00,left_wrist_roll,1989,1987,-2,34,0,1044
18.178,2026-08-05T05:50:05.513486+00:00,left_gripper,2014,2014,0,36,0,0
18.178,2026-08-05T05:50:05.513486+00:00,right_shoulder_pan,2172,2160,-12,37,1,1062
18.178,2026-08-05T05:50:05.513486+00:00,right_shoulder_lift,2041,2156,115,38,24,242
18.178,2026-08-05T05:50:05.513486+00:00,right_elbow_flex,2097,2137,40,38,4,94
18.178,2026-08-05T05:50:05.513486+00:00,right_wrist_flex,1976,1990,14,35,1,42
18.178,2026-08-05T05:50:05.513486+00:00,right_wrist_roll,2114,2111,-3,34,0,1044
18.178,2026-08-05T05:50:05.513486+00:00,right_gripper,2428,2442,14,38,0,42
18.228,2026-08-05T05:50:05.563337+00:00,left_shoulder_pan,1857,1851,-6,37,1,1060
18.228,2026-08-05T05:50:05.563337+00:00,left_shoulder_lift,2389,2406,17,37,5,80
18.228,2026-08-05T05:50:05.563337+00:00,left_elbow_flex,1629,1641,12,34,2,60
18.228,2026-08-05T05:50:05.563337+00:00,left_wrist_flex,2169,2173,4,34,0,28
18.228,2026-08-05T05:50:05.563337+00:00,left_wrist_roll,1989,1987,-2,34,1,1044
18.228,2026-08-05T05:50:05.563337+00:00,left_gripper,2014,2014,0,36,0,0
18.228,2026-08-05T05:50:05.563337+00:00,right_shoulder_pan,2171,2160,-11,37,1,1056
18.228,2026-08-05T05:50:05.563337+00:00,right_shoulder_lift,2038,2156,118,38,25,246
18.228,2026-08-05T05:50:05.563337+00:00,right_elbow_flex,2097,2137,40,38,4,94
18.228,2026-08-05T05:50:05.563337+00:00,right_wrist_flex,1976,1990,14,35,1,42
18.228,2026-08-05T05:50:05.563337+00:00,right_wrist_roll,2114,2111,-3,34,1,1044
18.228,2026-08-05T05:50:05.563337+00:00,right_gripper,2428,2442,14,38,2,42
18.278,2026-08-05T05:50:05.613453+00:00,left_shoulder_pan,1857,1851,-6,37,0,1060
18.278,2026-08-05T05:50:05.613453+00:00,left_shoulder_lift,2389,2406,17,37,5,80
18.278,2026-08-05T05:50:05.613453+00:00,left_elbow_flex,1629,1641,12,34,3,60
18.278,2026-08-05T05:50:05.613453+00:00,left_wrist_flex,2169,2173,4,34,0,28
18.278,2026-08-05T05:50:05.613453+00:00,left_wrist_roll,1989,1987,-2,34,0,1044
18.278,2026-08-05T05:50:05.613453+00:00,left_gripper,2014,2014,0,37,0,0
18.278,2026-08-05T05:50:05.613453+00:00,right_shoulder_pan,2169,2160,-9,37,0,1058
18.278,2026-08-05T05:50:05.613453+00:00,right_shoulder_lift,2036,2156,120,38,34,252
18.278,2026-08-05T05:50:05.613453+00:00,right_elbow_flex,2097,2137,40,37,4,94
18.278,2026-08-05T05:50:05.613453+00:00,right_wrist_flex,1976,1990,14,35,1,42
18.278,2026-08-05T05:50:05.613453+00:00,right_wrist_roll,2114,2111,-3,34,0,1044
18.278,2026-08-05T05:50:05.613453+00:00,right_gripper,2428,2442,14,38,2,42
18.328,2026-08-05T05:50:05.663935+00:00,left_shoulder_pan,1857,1851,-6,37,1,1060
18.328,2026-08-05T05:50:05.663935+00:00,left_shoulder_lift,2389,2406,17,37,4,80
18.328,2026-08-05T05:50:05.663935+00:00,left_elbow_flex,1629,1641,12,34,2,60
18.328,2026-08-05T05:50:05.663935+00:00,left_wrist_flex,2169,2173,4,34,1,28
18.328,2026-08-05T05:50:05.663935+00:00,left_wrist_roll,1989,1987,-2,34,0,1044
18.328,2026-08-05T05:50:05.663935+00:00,left_gripper,2014,2014,0,36,0,0
18.328,2026-08-05T05:50:05.663935+00:00,right_shoulder_pan,2167,2160,-7,37,1,1050
18.328,2026-08-05T05:50:05.663935+00:00,right_shoulder_lift,2034,2156,122,38,28,256
18.328,2026-08-05T05:50:05.663935+00:00,right_elbow_flex,2097,2137,40,38,4,94
18.328,2026-08-05T05:50:05.663935+00:00,right_wrist_flex,1976,1990,14,35,1,42
18.328,2026-08-05T05:50:05.663935+00:00,right_wrist_roll,2114,2111,-3,34,0,1044
18.328,2026-08-05T05:50:05.663935+00:00,right_gripper,2428,2442,14,38,1,42
18.378,2026-08-05T05:50:05.713542+00:00,left_shoulder_pan,1857,1851,-6,37,1,1060
18.378,2026-08-05T05:50:05.713542+00:00,left_shoulder_lift,2389,2406,17,37,4,80
18.378,2026-08-05T05:50:05.713542+00:00,left_elbow_flex,1629,1641,12,34,2,60
18.378,2026-08-05T05:50:05.713542+00:00,left_wrist_flex,2169,2173,4,34,0,28
18.378,2026-08-05T05:50:05.713542+00:00,left_wrist_roll,1989,1987,-2,34,0,1044
18.378,2026-08-05T05:50:05.713542+00:00,left_gripper,2014,2014,0,36,0,0
18.378,2026-08-05T05:50:05.713542+00:00,right_shoulder_pan,2165,2160,-5,37,1,1050
18.378,2026-08-05T05:50:05.713542+00:00,right_shoulder_lift,2031,2156,125,38,31,260
18.378,2026-08-05T05:50:05.713542+00:00,right_elbow_flex,2097,2137,40,38,4,94
18.378,2026-08-05T05:50:05.713542+00:00,right_wrist_flex,1976,1990,14,34,1,42
18.378,2026-08-05T05:50:05.713542+00:00,right_wrist_roll,2114,2111,-3,34,0,1044
18.378,2026-08-05T05:50:05.713542+00:00,right_gripper,2428,2442,14,38,1,42
18.428,2026-08-05T05:50:05.764389+00:00,left_shoulder_pan,1857,1851,-6,37,1,1060
18.428,2026-08-05T05:50:05.764389+00:00,left_shoulder_lift,2389,2406,17,37,5,80
18.428,2026-08-05T05:50:05.764389+00:00,left_elbow_flex,1629,1641,12,34,2,60
18.428,2026-08-05T05:50:05.764389+00:00,left_wrist_flex,2169,2173,4,34,0,28
18.428,2026-08-05T05:50:05.764389+00:00,left_wrist_roll,1989,1987,-2,34,0,1044
18.428,2026-08-05T05:50:05.764389+00:00,left_gripper,2014,2014,0,36,0,0
18.428,2026-08-05T05:50:05.764389+00:00,right_shoulder_pan,2163,2160,-3,37,0,1042
18.428,2026-08-05T05:50:05.764389+00:00,right_shoulder_lift,2029,2156,127,38,32,270
18.428,2026-08-05T05:50:05.764389+00:00,right_elbow_flex,2097,2137,40,38,4,94
18.428,2026-08-05T05:50:05.764389+00:00,right_wrist_flex,1976,1990,14,35,1,42
18.428,2026-08-05T05:50:05.764389+00:00,right_wrist_roll,2114,2111,-3,34,0,1044
18.428,2026-08-05T05:50:05.764389+00:00,right_gripper,2428,2442,14,38,2,42
18.478,2026-08-05T05:50:05.813951+00:00,left_shoulder_pan,1857,1851,-6,37,1,1060
18.478,2026-08-05T05:50:05.813951+00:00,left_shoulder_lift,2389,2406,17,37,4,80
18.478,2026-08-05T05:50:05.813951+00:00,left_elbow_flex,1629,1641,12,34,2,60
18.478,2026-08-05T05:50:05.813951+00:00,left_wrist_flex,2169,2173,4,34,0,28
18.478,2026-08-05T05:50:05.813951+00:00,left_wrist_roll,1989,1987,-2,34,0,1044
18.478,2026-08-05T05:50:05.813951+00:00,left_gripper,2014,2014,0,37,0,0
18.478,2026-08-05T05:50:05.813951+00:00,right_shoulder_pan,2160,2160,0,37,0,1042
18.478,2026-08-05T05:50:05.813951+00:00,right_shoulder_lift,2027,2156,129,38,35,270
18.478,2026-08-05T05:50:05.813951+00:00,right_elbow_flex,2097,2137,40,38,4,94
18.478,2026-08-05T05:50:05.813951+00:00,right_wrist_flex,1976,1990,14,35,1,42
18.478,2026-08-05T05:50:05.813951+00:00,right_wrist_roll,2114,2111,-3,34,0,1044
18.478,2026-08-05T05:50:05.813951+00:00,right_gripper,2428,2442,14,38,1,42
18.529,2026-08-05T05:50:05.863889+00:00,left_shoulder_pan,1857,1851,-6,37,1,1060
18.529,2026-08-05T05:50:05.863889+00:00,left_shoulder_lift,2389,2406,17,37,4,80
18.529,2026-08-05T05:50:05.863889+00:00,left_elbow_flex,1629,1641,12,34,2,60
18.529,2026-08-05T05:50:05.863889+00:00,left_wrist_flex,2169,2173,4,34,0,28
18.529,2026-08-05T05:50:05.863889+00:00,left_wrist_roll,1989,1987,-2,34,0,1044
18.529,2026-08-05T05:50:05.863889+00:00,left_gripper,2014,2014,0,37,0,0
18.529,2026-08-05T05:50:05.863889+00:00,right_shoulder_pan,2157,2160,3,37,0,0
18.529,2026-08-05T05:50:05.863889+00:00,right_shoulder_lift,2025,2156,131,38,36,274
18.529,2026-08-05T05:50:05.863889+00:00,right_elbow_flex,2097,2137,40,37,5,94
18.529,2026-08-05T05:50:05.863889+00:00,right_wrist_flex,1976,1990,14,35,1,42
18.529,2026-08-05T05:50:05.863889+00:00,right_wrist_roll,2114,2111,-3,34,0,1044
18.529,2026-08-05T05:50:05.863889+00:00,right_gripper,2428,2442,14,38,2,42
18.579,2026-08-05T05:50:05.914117+00:00,left_shoulder_pan,1857,1851,-6,37,1,1060
18.579,2026-08-05T05:50:05.914117+00:00,left_shoulder_lift,2389,2406,17,37,4,80
18.579,2026-08-05T05:50:05.914117+00:00,left_elbow_flex,1629,1641,12,34,3,60
18.579,2026-08-05T05:50:05.914117+00:00,left_wrist_flex,2169,2173,4,34,0,28
18.579,2026-08-05T05:50:05.914117+00:00,left_wrist_roll,1989,1987,-2,34,0,1044
18.579,2026-08-05T05:50:05.914117+00:00,left_gripper,2014,2014,0,36,0,0
18.579,2026-08-05T05:50:05.914117+00:00,right_shoulder_pan,2154,2160,6,37,0,26
18.579,2026-08-05T05:50:05.914117+00:00,right_shoulder_lift,2023,2156,133,38,39,278
18.579,2026-08-05T05:50:05.914117+00:00,right_elbow_flex,2097,2137,40,37,4,94
18.579,2026-08-05T05:50:05.914117+00:00,right_wrist_flex,1976,1990,14,35,1,42
18.579,2026-08-05T05:50:05.914117+00:00,right_wrist_roll,2114,2111,-3,34,0,1044
18.579,2026-08-05T05:50:05.914117+00:00,right_gripper,2428,2442,14,38,1,42
18.629,2026-08-05T05:50:05.964657+00:00,left_shoulder_pan,1857,1851,-6,37,1,1060
18.629,2026-08-05T05:50:05.964657+00:00,left_shoulder_lift,2389,2406,17,37,5,80
18.629,2026-08-05T05:50:05.964657+00:00,left_elbow_flex,1629,1641,12,34,2,60
18.629,2026-08-05T05:50:05.964657+00:00,left_wrist_flex,2169,2173,4,34,1,28
18.629,2026-08-05T05:50:05.964657+00:00,left_wrist_roll,1989,1987,-2,34,0,1044
18.629,2026-08-05T05:50:05.964657+00:00,left_gripper,2014,2014,0,36,0,0
18.629,2026-08-05T05:50:05.964657+00:00,right_shoulder_pan,2150,2160,10,37,0,28
18.629,2026-08-05T05:50:05.964657+00:00,right_shoulder_lift,2021,2156,135,38,40,282
18.629,2026-08-05T05:50:05.964657+00:00,right_elbow_flex,2097,2137,40,37,5,94
18.629,2026-08-05T05:50:05.964657+00:00,right_wrist_flex,1976,1990,14,35,1,42
18.629,2026-08-05T05:50:05.964657+00:00,right_wrist_roll,2114,2111,-3,34,1,1044
18.629,2026-08-05T05:50:05.964657+00:00,right_gripper,2428,2442,14,38,1,42
18.679,2026-08-05T05:50:06.014238+00:00,left_shoulder_pan,1857,1851,-6,37,1,1060
18.679,2026-08-05T05:50:06.014238+00:00,left_shoulder_lift,2389,2406,17,37,4,80
18.679,2026-08-05T05:50:06.014238+00:00,left_elbow_flex,1629,1641,12,34,2,60
18.679,2026-08-05T05:50:06.014238+00:00,left_wrist_flex,2169,2173,4,34,0,28
18.679,2026-08-05T05:50:06.014238+00:00,left_wrist_roll,1989,1987,-2,34,0,1044
18.679,2026-08-05T05:50:06.014238+00:00,left_gripper,2014,2014,0,36,0,0
18.679,2026-08-05T05:50:06.014238+00:00,right_shoulder_pan,2146,2159,13,37,0,38
18.679,2026-08-05T05:50:06.014238+00:00,right_shoulder_lift,2019,2156,137,38,40,286
18.679,2026-08-05T05:50:06.014238+00:00,right_elbow_flex,2097,2137,40,37,4,94
18.679,2026-08-05T05:50:06.014238+00:00,right_wrist_flex,1976,1990,14,35,1,42
18.679,2026-08-05T05:50:06.014238+00:00,right_wrist_roll,2114,2111,-3,34,0,1044
18.679,2026-08-05T05:50:06.014238+00:00,right_gripper,2428,2442,14,38,2,42
18.729,2026-08-05T05:50:06.064086+00:00,left_shoulder_pan,1857,1851,-6,37,1,1060
18.729,2026-08-05T05:50:06.064086+00:00,left_shoulder_lift,2389,2406,17,37,4,80
18.729,2026-08-05T05:50:06.064086+00:00,left_elbow_flex,1629,1641,12,34,3,60
18.729,2026-08-05T05:50:06.064086+00:00,left_wrist_flex,2169,2173,4,34,1,28
18.729,2026-08-05T05:50:06.064086+00:00,left_wrist_roll,1989,1987,-2,34,1,1044
18.729,2026-08-05T05:50:06.064086+00:00,left_gripper,2014,2014,0,37,0,0
18.729,2026-08-05T05:50:06.064086+00:00,right_shoulder_pan,2142,2158,16,37,1,40
18.729,2026-08-05T05:50:06.064086+00:00,right_shoulder_lift,2017,2156,139,38,39,290
18.729,2026-08-05T05:50:06.064086+00:00,right_elbow_flex,2097,2137,40,38,4,94
18.729,2026-08-05T05:50:06.064086+00:00,right_wrist_flex,1976,1990,14,35,1,42
18.729,2026-08-05T05:50:06.064086+00:00,right_wrist_roll,2114,2111,-3,34,0,1044
18.729,2026-08-05T05:50:06.064086+00:00,right_gripper,2428,2442,14,38,1,42
18.779,2026-08-05T05:50:06.114452+00:00,left_shoulder_pan,1857,1851,-6,37,1,1060
18.779,2026-08-05T05:50:06.114452+00:00,left_shoulder_lift,2389,2406,17,37,5,80
18.779,2026-08-05T05:50:06.114452+00:00,left_elbow_flex,1629,1641,12,34,2,60
18.779,2026-08-05T05:50:06.114452+00:00,left_wrist_flex,2169,2173,4,34,1,28
18.779,2026-08-05T05:50:06.114452+00:00,left_wrist_roll,1989,1987,-2,34,1,1044
18.779,2026-08-05T05:50:06.114452+00:00,left_gripper,2014,2014,0,36,0,0
18.779,2026-08-05T05:50:06.114452+00:00,right_shoulder_pan,2138,2156,18,37,1,52
18.779,2026-08-05T05:50:06.114452+00:00,right_shoulder_lift,2015,2156,141,38,37,294
18.779,2026-08-05T05:50:06.114452+00:00,right_elbow_flex,2097,2137,40,37,4,94
18.779,2026-08-05T05:50:06.114452+00:00,right_wrist_flex,1976,1990,14,35,1,42
18.779,2026-08-05T05:50:06.114452+00:00,right_wrist_roll,2114,2111,-3,34,0,1044
18.779,2026-08-05T05:50:06.114452+00:00,right_gripper,2428,2442,14,38,1,42
18.829,2026-08-05T05:50:06.164188+00:00,left_shoulder_pan,1857,1851,-6,37,1,1060
18.829,2026-08-05T05:50:06.164188+00:00,left_shoulder_lift,2389,2406,17,37,4,80
18.829,2026-08-05T05:50:06.164188+00:00,left_elbow_flex,1629,1641,12,34,2,60
18.829,2026-08-05T05:50:06.164188+00:00,left_wrist_flex,2169,2173,4,34,0,28
18.829,2026-08-05T05:50:06.164188+00:00,left_wrist_roll,1989,1987,-2,34,0,1044
18.829,2026-08-05T05:50:06.164188+00:00,left_gripper,2014,2014,0,37,0,0
18.829,2026-08-05T05:50:06.164188+00:00,right_shoulder_pan,2133,2153,20,37,1,46
18.829,2026-08-05T05:50:06.164188+00:00,right_shoulder_lift,2013,2156,143,38,41,302
18.829,2026-08-05T05:50:06.164188+00:00,right_elbow_flex,2097,2137,40,37,4,94
18.829,2026-08-05T05:50:06.164188+00:00,right_wrist_flex,1976,1990,14,35,1,42
18.829,2026-08-05T05:50:06.164188+00:00,right_wrist_roll,2114,2111,-3,34,1,1044
18.829,2026-08-05T05:50:06.164188+00:00,right_gripper,2428,2442,14,38,2,42
18.879,2026-08-05T05:50:06.215358+00:00,left_shoulder_pan,1857,1851,-6,37,1,1060
18.879,2026-08-05T05:50:06.215358+00:00,left_shoulder_lift,2389,2406,17,37,4,80
18.879,2026-08-05T05:50:06.215358+00:00,left_elbow_flex,1629,1641,12,34,2,60
18.879,2026-08-05T05:50:06.215358+00:00,left_wrist_flex,2169,2173,4,34,1,28
18.879,2026-08-05T05:50:06.215358+00:00,left_wrist_roll,1989,1987,-2,34,1,1044
18.879,2026-08-05T05:50:06.215358+00:00,left_gripper,2014,2014,0,36,0,0
18.879,2026-08-05T05:50:06.215358+00:00,right_shoulder_pan,2128,2149,21,37,1,48
18.879,2026-08-05T05:50:06.215358+00:00,right_shoulder_lift,2011,2156,145,38,48,302
18.879,2026-08-05T05:50:06.215358+00:00,right_elbow_flex,2097,2137,40,38,4,94
18.879,2026-08-05T05:50:06.215358+00:00,right_wrist_flex,1976,1990,14,35,1,42
18.879,2026-08-05T05:50:06.215358+00:00,right_wrist_roll,2114,2111,-3,34,0,1044
18.879,2026-08-05T05:50:06.215358+00:00,right_gripper,2428,2442,14,38,2,42
18.929,2026-08-05T05:50:06.264386+00:00,left_shoulder_pan,1857,1851,-6,37,1,1060
18.929,2026-08-05T05:50:06.264386+00:00,left_shoulder_lift,2389,2406,17,37,4,80
18.929,2026-08-05T05:50:06.264386+00:00,left_elbow_flex,1629,1641,12,34,2,60
18.929,2026-08-05T05:50:06.264386+00:00,left_wrist_flex,2169,2173,4,34,0,28
18.929,2026-08-05T05:50:06.264386+00:00,left_wrist_roll,1989,1987,-2,34,1,1044
18.929,2026-08-05T05:50:06.264386+00:00,left_gripper,2014,2014,0,36,0,0
18.929,2026-08-05T05:50:06.264386+00:00,right_shoulder_pan,2123,2145,22,37,1,48
18.929,2026-08-05T05:50:06.264386+00:00,right_shoulder_lift,2009,2156,147,38,40,310
18.929,2026-08-05T05:50:06.264386+00:00,right_elbow_flex,2097,2137,40,38,4,94
18.929,2026-08-05T05:50:06.264386+00:00,right_wrist_flex,1976,1990,14,35,1,42
18.929,2026-08-05T05:50:06.264386+00:00,right_wrist_roll,2114,2111,-3,34,0,1044
18.929,2026-08-05T05:50:06.264386+00:00,right_gripper,2428,2442,14,38,1,42
18.979,2026-08-05T05:50:06.314454+00:00,left_shoulder_pan,1857,1851,-6,37,1,1060
18.979,2026-08-05T05:50:06.314454+00:00,left_shoulder_lift,2389,2406,17,37,4,80
18.979,2026-08-05T05:50:06.314454+00:00,left_elbow_flex,1629,1641,12,34,2,60
18.979,2026-08-05T05:50:06.314454+00:00,left_wrist_flex,2169,2173,4,34,0,28
18.979,2026-08-05T05:50:06.314454+00:00,left_wrist_roll,1989,1987,-2,34,1,1044
18.979,2026-08-05T05:50:06.314454+00:00,left_gripper,2014,2014,0,36,0,0
18.979,2026-08-05T05:50:06.314454+00:00,right_shoulder_pan,2118,2139,21,37,0,42
18.979,2026-08-05T05:50:06.314454+00:00,right_shoulder_lift,2007,2156,149,38,43,310
18.979,2026-08-05T05:50:06.314454+00:00,right_elbow_flex,2097,2137,40,37,5,94
18.979,2026-08-05T05:50:06.314454+00:00,right_wrist_flex,1976,1990,14,35,1,42
18.979,2026-08-05T05:50:06.314454+00:00,right_wrist_roll,2114,2111,-3,34,0,1044
18.979,2026-08-05T05:50:06.314454+00:00,right_gripper,2428,2442,14,38,1,42
19.029,2026-08-05T05:50:06.366082+00:00,left_shoulder_pan,1857,1851,-6,37,1,1060
19.029,2026-08-05T05:50:06.366082+00:00,left_shoulder_lift,2389,2406,17,37,4,80
19.029,2026-08-05T05:50:06.366082+00:00,left_elbow_flex,1629,1641,12,34,2,60
19.029,2026-08-05T05:50:06.366082+00:00,left_wrist_flex,2169,2173,4,34,0,28
19.029,2026-08-05T05:50:06.366082+00:00,left_wrist_roll,1989,1987,-2,34,0,1044
19.029,2026-08-05T05:50:06.366082+00:00,left_gripper,2014,2014,0,37,0,0
19.029,2026-08-05T05:50:06.366082+00:00,right_shoulder_pan,2112,2134,22,37,1,46
19.029,2026-08-05T05:50:06.366082+00:00,right_shoulder_lift,2006,2156,150,38,44,318
19.029,2026-08-05T05:50:06.366082+00:00,right_elbow_flex,2097,2137,40,38,4,94
19.029,2026-08-05T05:50:06.366082+00:00,right_wrist_flex,1976,1990,14,34,1,42
19.029,2026-08-05T05:50:06.366082+00:00,right_wrist_roll,2114,2111,-3,34,0,1044
19.029,2026-08-05T05:50:06.366082+00:00,right_gripper,2428,2442,14,37,2,42
19.079,2026-08-05T05:50:06.414760+00:00,left_shoulder_pan,1857,1851,-6,37,1,1060
19.079,2026-08-05T05:50:06.414760+00:00,left_shoulder_lift,2389,2406,17,37,4,80
19.079,2026-08-05T05:50:06.414760+00:00,left_elbow_flex,1629,1641,12,34,2,60
19.079,2026-08-05T05:50:06.414760+00:00,left_wrist_flex,2169,2173,4,34,0,28
19.079,2026-08-05T05:50:06.414760+00:00,left_wrist_roll,1989,1987,-2,34,1,1044
19.079,2026-08-05T05:50:06.414760+00:00,left_gripper,2014,2014,0,36,0,0
19.079,2026-08-05T05:50:06.414760+00:00,right_shoulder_pan,2106,2128,22,37,0,50
19.079,2026-08-05T05:50:06.414760+00:00,right_shoulder_lift,2004,2156,152,38,49,316
19.079,2026-08-05T05:50:06.414760+00:00,right_elbow_flex,2097,2137,40,38,4,94
19.079,2026-08-05T05:50:06.414760+00:00,right_wrist_flex,1976,1990,14,35,0,42
19.079,2026-08-05T05:50:06.414760+00:00,right_wrist_roll,2114,2111,-3,34,0,1044
19.079,2026-08-05T05:50:06.414760+00:00,right_gripper,2428,2442,14,38,1,42
19.129,2026-08-05T05:50:06.464905+00:00,left_shoulder_pan,1857,1851,-6,37,1,1060
19.129,2026-08-05T05:50:06.464905+00:00,left_shoulder_lift,2389,2406,17,37,4,80
19.129,2026-08-05T05:50:06.464905+00:00,left_elbow_flex,1629,1641,12,34,3,60
19.129,2026-08-05T05:50:06.464905+00:00,left_wrist_flex,2169,2173,4,35,0,28
19.129,2026-08-05T05:50:06.464905+00:00,left_wrist_roll,1989,1987,-2,34,0,1044
19.129,2026-08-05T05:50:06.464905+00:00,left_gripper,2014,2014,0,37,0,0
19.129,2026-08-05T05:50:06.464905+00:00,right_shoulder_pan,2100,2123,23,37,1,52
19.129,2026-08-05T05:50:06.464905+00:00,right_shoulder_lift,2002,2156,154,38,42,324
19.129,2026-08-05T05:50:06.464905+00:00,right_elbow_flex,2097,2137,40,38,5,94
19.129,2026-08-05T05:50:06.464905+00:00,right_wrist_flex,1976,1990,14,35,1,42
19.129,2026-08-05T05:50:06.464905+00:00,right_wrist_roll,2114,2111,-3,34,0,1044
19.129,2026-08-05T05:50:06.464905+00:00,right_gripper,2428,2442,14,38,1,42
19.179,2026-08-05T05:50:06.514914+00:00,left_shoulder_pan,1857,1851,-6,37,1,1060
19.179,2026-08-05T05:50:06.514914+00:00,left_shoulder_lift,2389,2406,17,37,4,80
19.179,2026-08-05T05:50:06.514914+00:00,left_elbow_flex,1629,1641,12,34,2,60
19.179,2026-08-05T05:50:06.514914+00:00,left_wrist_flex,2169,2173,4,34,1,28
19.179,2026-08-05T05:50:06.514914+00:00,left_wrist_roll,1989,1987,-2,34,1,1044
19.179,2026-08-05T05:50:06.514914+00:00,left_gripper,2014,2014,0,36,0,0
19.179,2026-08-05T05:50:06.514914+00:00,right_shoulder_pan,2094,2117,23,37,1,42
19.179,2026-08-05T05:50:06.514914+00:00,right_shoulder_lift,2001,2156,155,38,49,324
19.179,2026-08-05T05:50:06.514914+00:00,right_elbow_flex,2097,2137,40,38,4,94
19.179,2026-08-05T05:50:06.514914+00:00,right_wrist_flex,1976,1990,14,35,1,42
19.179,2026-08-05T05:50:06.514914+00:00,right_wrist_roll,2114,2111,-3,34,0,1044
19.179,2026-08-05T05:50:06.514914+00:00,right_gripper,2428,2442,14,38,2,42
19.230,2026-08-05T05:50:06.565087+00:00,left_shoulder_pan,1857,1851,-6,37,1,1060
19.230,2026-08-05T05:50:06.565087+00:00,left_shoulder_lift,2389,2406,17,37,4,80
19.230,2026-08-05T05:50:06.565087+00:00,left_elbow_flex,1629,1641,12,34,2,60
19.230,2026-08-05T05:50:06.565087+00:00,left_wrist_flex,2169,2173,4,34,1,28
19.230,2026-08-05T05:50:06.565087+00:00,left_wrist_roll,1989,1987,-2,34,0,1044
19.230,2026-08-05T05:50:06.565087+00:00,left_gripper,2014,2014,0,37,0,0
19.230,2026-08-05T05:50:06.565087+00:00,right_shoulder_pan,2088,2111,23,37,1,52
19.230,2026-08-05T05:50:06.565087+00:00,right_shoulder_lift,2000,2156,156,38,54,330
19.230,2026-08-05T05:50:06.565087+00:00,right_elbow_flex,2097,2137,40,38,4,94
19.230,2026-08-05T05:50:06.565087+00:00,right_wrist_flex,1976,1990,14,35,1,42
19.230,2026-08-05T05:50:06.565087+00:00,right_wrist_roll,2114,2111,-3,34,0,1044
19.230,2026-08-05T05:50:06.565087+00:00,right_gripper,2428,2442,14,38,1,42
19.280,2026-08-05T05:50:06.615082+00:00,left_shoulder_pan,1857,1851,-6,37,1,1060
19.280,2026-08-05T05:50:06.615082+00:00,left_shoulder_lift,2389,2406,17,37,4,80
19.280,2026-08-05T05:50:06.615082+00:00,left_elbow_flex,1629,1641,12,34,2,60
19.280,2026-08-05T05:50:06.615082+00:00,left_wrist_flex,2169,2173,4,34,0,28
19.280,2026-08-05T05:50:06.615082+00:00,left_wrist_roll,1989,1987,-2,34,0,1044
19.280,2026-08-05T05:50:06.615082+00:00,left_gripper,2014,2014,0,36,0,0
19.280,2026-08-05T05:50:06.615082+00:00,right_shoulder_pan,2081,2105,24,37,1,38
19.280,2026-08-05T05:50:06.615082+00:00,right_shoulder_lift,1998,2156,158,38,54,328
19.280,2026-08-05T05:50:06.615082+00:00,right_elbow_flex,2097,2137,40,38,4,94
19.280,2026-08-05T05:50:06.615082+00:00,right_wrist_flex,1976,1990,14,35,1,42
19.280,2026-08-05T05:50:06.615082+00:00,right_wrist_roll,2114,2111,-3,34,1,1044
19.280,2026-08-05T05:50:06.615082+00:00,right_gripper,2428,2442,14,38,2,42
19.330,2026-08-05T05:50:06.665145+00:00,left_shoulder_pan,1857,1851,-6,37,1,1060
19.330,2026-08-05T05:50:06.665145+00:00,left_shoulder_lift,2389,2406,17,37,4,80
19.330,2026-08-05T05:50:06.665145+00:00,left_elbow_flex,1629,1641,12,34,2,60
19.330,2026-08-05T05:50:06.665145+00:00,left_wrist_flex,2169,2173,4,34,1,28
19.330,2026-08-05T05:50:06.665145+00:00,left_wrist_roll,1989,1987,-2,34,0,1044
19.330,2026-08-05T05:50:06.665145+00:00,left_gripper,2014,2014,0,36,0,0
19.330,2026-08-05T05:50:06.665145+00:00,right_shoulder_pan,2074,2100,26,37,1,54
19.330,2026-08-05T05:50:06.665145+00:00,right_shoulder_lift,1997,2156,159,38,55,336
19.330,2026-08-05T05:50:06.665145+00:00,right_elbow_flex,2097,2137,40,38,5,94
19.330,2026-08-05T05:50:06.665145+00:00,right_wrist_flex,1976,1990,14,35,1,42
19.330,2026-08-05T05:50:06.665145+00:00,right_wrist_roll,2114,2111,-3,34,0,1044
19.330,2026-08-05T05:50:06.665145+00:00,right_gripper,2428,2442,14,38,2,42
19.380,2026-08-05T05:50:06.715193+00:00,left_shoulder_pan,1857,1851,-6,37,1,1060
19.380,2026-08-05T05:50:06.715193+00:00,left_shoulder_lift,2389,2406,17,37,4,80
19.380,2026-08-05T05:50:06.715193+00:00,left_elbow_flex,1629,1641,12,34,2,60
19.380,2026-08-05T05:50:06.715193+00:00,left_wrist_flex,2169,2173,4,34,0,28
19.380,2026-08-05T05:50:06.715193+00:00,left_wrist_roll,1989,1987,-2,34,1,1044
19.380,2026-08-05T05:50:06.715193+00:00,left_gripper,2014,2014,0,36,0,0
19.380,2026-08-05T05:50:06.715193+00:00,right_shoulder_pan,2068,2093,25,37,1,50
19.380,2026-08-05T05:50:06.715193+00:00,right_shoulder_lift,1996,2156,160,38,54,334
19.380,2026-08-05T05:50:06.715193+00:00,right_elbow_flex,2097,2137,40,38,4,94
19.380,2026-08-05T05:50:06.715193+00:00,right_wrist_flex,1976,1990,14,35,1,42
19.380,2026-08-05T05:50:06.715193+00:00,right_wrist_roll,2114,2111,-3,34,1,1044
19.380,2026-08-05T05:50:06.715193+00:00,right_gripper,2428,2442,14,38,2,42
19.430,2026-08-05T05:50:06.765330+00:00,left_shoulder_pan,1857,1851,-6,37,1,1060
19.430,2026-08-05T05:50:06.765330+00:00,left_shoulder_lift,2389,2406,17,37,4,80
19.430,2026-08-05T05:50:06.765330+00:00,left_elbow_flex,1629,1641,12,34,2,60
19.430,2026-08-05T05:50:06.765330+00:00,left_wrist_flex,2169,2173,4,34,0,28
19.430,2026-08-05T05:50:06.765330+00:00,left_wrist_roll,1989,1987,-2,34,0,1044
19.430,2026-08-05T05:50:06.765330+00:00,left_gripper,2014,2014,0,36,0,0
19.430,2026-08-05T05:50:06.765330+00:00,right_shoulder_pan,2061,2087,26,37,1,56
19.430,2026-08-05T05:50:06.765330+00:00,right_shoulder_lift,1995,2156,161,38,52,340
19.430,2026-08-05T05:50:06.765330+00:00,right_elbow_flex,2097,2137,40,38,4,94
19.430,2026-08-05T05:50:06.765330+00:00,right_wrist_flex,1976,1990,14,35,1,42
19.430,2026-08-05T05:50:06.765330+00:00,right_wrist_roll,2114,2111,-3,34,0,1044
19.430,2026-08-05T05:50:06.765330+00:00,right_gripper,2428,2442,14,38,1,42
19.480,2026-08-05T05:50:06.815171+00:00,left_shoulder_pan,1857,1851,-6,37,1,1060
19.480,2026-08-05T05:50:06.815171+00:00,left_shoulder_lift,2389,2406,17,37,5,80
19.480,2026-08-05T05:50:06.815171+00:00,left_elbow_flex,1629,1641,12,34,2,60
19.480,2026-08-05T05:50:06.815171+00:00,left_wrist_flex,2169,2173,4,34,0,28
19.480,2026-08-05T05:50:06.815171+00:00,left_wrist_roll,1989,1987,-2,34,0,1044
19.480,2026-08-05T05:50:06.815171+00:00,left_gripper,2014,2014,0,36,0,0
19.480,2026-08-05T05:50:06.815171+00:00,right_shoulder_pan,2053,2080,27,37,2,48
19.480,2026-08-05T05:50:06.815171+00:00,right_shoulder_lift,1994,2156,162,38,53,338
19.480,2026-08-05T05:50:06.815171+00:00,right_elbow_flex,2097,2137,40,38,4,94
19.480,2026-08-05T05:50:06.815171+00:00,right_wrist_flex,1976,1990,14,35,1,42
19.480,2026-08-05T05:50:06.815171+00:00,right_wrist_roll,2114,2111,-3,34,0,1044
19.480,2026-08-05T05:50:06.815171+00:00,right_gripper,2428,2442,14,38,1,42
19.530,2026-08-05T05:50:06.865473+00:00,left_shoulder_pan,1857,1851,-6,37,1,1060
19.530,2026-08-05T05:50:06.865473+00:00,left_shoulder_lift,2389,2406,17,37,4,80
19.530,2026-08-05T05:50:06.865473+00:00,left_elbow_flex,1629,1641,12,34,2,60
19.530,2026-08-05T05:50:06.865473+00:00,left_wrist_flex,2169,2173,4,34,1,28
19.530,2026-08-05T05:50:06.865473+00:00,left_wrist_roll,1989,1987,-2,34,0,1044
19.530,2026-08-05T05:50:06.865473+00:00,left_gripper,2014,2014,0,37,0,0
19.530,2026-08-05T05:50:06.865473+00:00,right_shoulder_pan,2046,2074,28,37,1,58
19.530,2026-08-05T05:50:06.865473+00:00,right_shoulder_lift,1993,2156,163,38,54,344
19.530,2026-08-05T05:50:06.865473+00:00,right_elbow_flex,2097,2137,40,38,5,94
19.530,2026-08-05T05:50:06.865473+00:00,right_wrist_flex,1976,1990,14,35,1,42
19.530,2026-08-05T05:50:06.865473+00:00,right_wrist_roll,2114,2111,-3,34,1,1044
19.530,2026-08-05T05:50:06.865473+00:00,right_gripper,2428,2442,14,38,2,42
19.580,2026-08-05T05:50:06.915246+00:00,left_shoulder_pan,1857,1851,-6,37,1,1060
19.580,2026-08-05T05:50:06.915246+00:00,left_shoulder_lift,2389,2406,17,37,4,80
19.580,2026-08-05T05:50:06.915246+00:00,left_elbow_flex,1629,1641,12,34,2,60
19.580,2026-08-05T05:50:06.915246+00:00,left_wrist_flex,2169,2173,4,34,1,28
19.580,2026-08-05T05:50:06.915246+00:00,left_wrist_roll,1989,1987,-2,34,0,1044
19.580,2026-08-05T05:50:06.915246+00:00,left_gripper,2014,2014,0,36,0,0
19.580,2026-08-05T05:50:06.915246+00:00,right_shoulder_pan,2039,2067,28,37,1,54
19.580,2026-08-05T05:50:06.915246+00:00,right_shoulder_lift,1992,2156,164,38,57,342
19.580,2026-08-05T05:50:06.915246+00:00,right_elbow_flex,2097,2137,40,37,5,94
19.580,2026-08-05T05:50:06.915246+00:00,right_wrist_flex,1976,1990,14,35,1,42
19.580,2026-08-05T05:50:06.915246+00:00,right_wrist_roll,2114,2111,-3,34,0,1044
19.580,2026-08-05T05:50:06.915246+00:00,right_gripper,2428,2442,14,38,2,42
19.630,2026-08-05T05:50:06.965364+00:00,left_shoulder_pan,1857,1851,-6,37,1,1060
19.630,2026-08-05T05:50:06.965364+00:00,left_shoulder_lift,2389,2406,17,37,4,80
19.630,2026-08-05T05:50:06.965364+00:00,left_elbow_flex,1629,1641,12,34,3,60
19.630,2026-08-05T05:50:06.965364+00:00,left_wrist_flex,2169,2173,4,34,0,28
19.630,2026-08-05T05:50:06.965364+00:00,left_wrist_roll,1989,1987,-2,34,0,1044
19.630,2026-08-05T05:50:06.965364+00:00,left_gripper,2014,2014,0,36,0,0
19.630,2026-08-05T05:50:06.965364+00:00,right_shoulder_pan,2031,2060,29,37,1,54
19.630,2026-08-05T05:50:06.965364+00:00,right_shoulder_lift,1992,2156,164,38,52,342
19.630,2026-08-05T05:50:06.965364+00:00,right_elbow_flex,2097,2137,40,37,4,94
19.630,2026-08-05T05:50:06.965364+00:00,right_wrist_flex,1976,1990,14,35,1,42
19.630,2026-08-05T05:50:06.965364+00:00,right_wrist_roll,2114,2111,-3,34,1,1044
19.630,2026-08-05T05:50:06.965364+00:00,right_gripper,2428,2442,14,38,1,42
19.680,2026-08-05T05:50:07.015459+00:00,left_shoulder_pan,1857,1851,-6,37,1,1060
19.680,2026-08-05T05:50:07.015459+00:00,left_shoulder_lift,2389,2406,17,37,4,80
19.680,2026-08-05T05:50:07.015459+00:00,left_elbow_flex,1629,1641,12,34,2,60
19.680,2026-08-05T05:50:07.015459+00:00,left_wrist_flex,2169,2173,4,34,0,28
19.680,2026-08-05T05:50:07.015459+00:00,left_wrist_roll,1989,1987,-2,34,1,1044
19.680,2026-08-05T05:50:07.015459+00:00,left_gripper,2014,2014,0,36,0,0
19.680,2026-08-05T05:50:07.015459+00:00,right_shoulder_pan,2024,2053,29,37,1,56
19.680,2026-08-05T05:50:07.015459+00:00,right_shoulder_lift,1991,2156,165,38,50,344
19.680,2026-08-05T05:50:07.015459+00:00,right_elbow_flex,2097,2137,40,38,4,94
19.680,2026-08-05T05:50:07.015459+00:00,right_wrist_flex,1976,1990,14,35,1,42
19.680,2026-08-05T05:50:07.015459+00:00,right_wrist_roll,2114,2111,-3,34,1,1044
19.680,2026-08-05T05:50:07.015459+00:00,right_gripper,2428,2442,14,38,2,42
19.730,2026-08-05T05:50:07.065496+00:00,left_shoulder_pan,1857,1851,-6,37,1,1060
19.730,2026-08-05T05:50:07.065496+00:00,left_shoulder_lift,2389,2406,17,37,5,80
19.730,2026-08-05T05:50:07.065496+00:00,left_elbow_flex,1629,1641,12,34,2,60
19.730,2026-08-05T05:50:07.065496+00:00,left_wrist_flex,2169,2173,4,34,1,28
19.730,2026-08-05T05:50:07.065496+00:00,left_wrist_roll,1989,1987,-2,34,0,1044
19.730,2026-08-05T05:50:07.065496+00:00,left_gripper,2014,2014,0,36,0,0
19.730,2026-08-05T05:50:07.065496+00:00,right_shoulder_pan,2016,2045,29,37,1,54
19.730,2026-08-05T05:50:07.065496+00:00,right_shoulder_lift,1990,2156,166,38,56,346
19.730,2026-08-05T05:50:07.065496+00:00,right_elbow_flex,2097,2137,40,38,5,94
19.730,2026-08-05T05:50:07.065496+00:00,right_wrist_flex,1976,1990,14,35,1,42
19.730,2026-08-05T05:50:07.065496+00:00,right_wrist_roll,2114,2111,-3,34,0,1044
19.730,2026-08-05T05:50:07.065496+00:00,right_gripper,2428,2442,14,38,2,42
19.780,2026-08-05T05:50:07.115943+00:00,left_shoulder_pan,1857,1851,-6,37,1,1060
19.780,2026-08-05T05:50:07.115943+00:00,left_shoulder_lift,2389,2406,17,37,4,80
19.780,2026-08-05T05:50:07.115943+00:00,left_elbow_flex,1629,1641,12,34,2,60
19.780,2026-08-05T05:50:07.115943+00:00,left_wrist_flex,2169,2173,4,34,0,28
19.780,2026-08-05T05:50:07.115943+00:00,left_wrist_roll,1989,1987,-2,34,0,1044
19.780,2026-08-05T05:50:07.115943+00:00,left_gripper,2014,2014,0,36,0,0
19.780,2026-08-05T05:50:07.115943+00:00,right_shoulder_pan,2008,2038,30,37,1,60
19.780,2026-08-05T05:50:07.115943+00:00,right_shoulder_lift,1990,2156,166,38,57,346
19.780,2026-08-05T05:50:07.115943+00:00,right_elbow_flex,2097,2137,40,37,4,94
19.780,2026-08-05T05:50:07.115943+00:00,right_wrist_flex,1976,1990,14,35,1,42
19.780,2026-08-05T05:50:07.115943+00:00,right_wrist_roll,2114,2111,-3,34,1,1044
19.780,2026-08-05T05:50:07.115943+00:00,right_gripper,2428,2442,14,38,2,42
19.830,2026-08-05T05:50:07.165638+00:00,left_shoulder_pan,1857,1851,-6,37,1,1060
19.830,2026-08-05T05:50:07.165638+00:00,left_shoulder_lift,2389,2406,17,37,5,80
19.830,2026-08-05T05:50:07.165638+00:00,left_elbow_flex,1629,1641,12,34,2,60
19.830,2026-08-05T05:50:07.165638+00:00,left_wrist_flex,2169,2173,4,34,0,28
19.830,2026-08-05T05:50:07.165638+00:00,left_wrist_roll,1989,1987,-2,34,1,1044
19.830,2026-08-05T05:50:07.165638+00:00,left_gripper,2014,2014,0,37,0,0
19.830,2026-08-05T05:50:07.165638+00:00,right_shoulder_pan,2001,2030,29,37,1,60
19.830,2026-08-05T05:50:07.165638+00:00,right_shoulder_lift,1990,2156,166,38,52,346
19.830,2026-08-05T05:50:07.165638+00:00,right_elbow_flex,2097,2137,40,38,4,94
19.830,2026-08-05T05:50:07.165638+00:00,right_wrist_flex,1976,1990,14,35,1,42
19.830,2026-08-05T05:50:07.165638+00:00,right_wrist_roll,2114,2111,-3,34,0,1044
19.830,2026-08-05T05:50:07.165638+00:00,right_gripper,2428,2442,14,38,2,42
19.880,2026-08-05T05:50:07.216498+00:00,left_shoulder_pan,1857,1851,-6,37,1,1060
19.880,2026-08-05T05:50:07.216498+00:00,left_shoulder_lift,2389,2406,17,37,4,80
19.880,2026-08-05T05:50:07.216498+00:00,left_elbow_flex,1629,1641,12,34,2,60
19.880,2026-08-05T05:50:07.216498+00:00,left_wrist_flex,2169,2173,4,34,0,28
19.880,2026-08-05T05:50:07.216498+00:00,left_wrist_roll,1989,1987,-2,34,0,1044
19.880,2026-08-05T05:50:07.216498+00:00,left_gripper,2014,2014,0,36,0,0
19.880,2026-08-05T05:50:07.216498+00:00,right_shoulder_pan,1993,2022,29,37,1,54
19.880,2026-08-05T05:50:07.216498+00:00,right_shoulder_lift,1989,2156,167,38,59,348
19.880,2026-08-05T05:50:07.216498+00:00,right_elbow_flex,2097,2137,40,37,4,94
19.880,2026-08-05T05:50:07.216498+00:00,right_wrist_flex,1976,1990,14,35,1,42
19.880,2026-08-05T05:50:07.216498+00:00,right_wrist_roll,2114,2111,-3,34,1,1044
19.880,2026-08-05T05:50:07.216498+00:00,right_gripper,2428,2442,14,38,2,42
19.931,2026-08-05T05:50:07.266076+00:00,left_shoulder_pan,1857,1851,-6,37,1,1060
19.931,2026-08-05T05:50:07.266076+00:00,left_shoulder_lift,2389,2406,17,37,5,80
19.931,2026-08-05T05:50:07.266076+00:00,left_elbow_flex,1629,1641,12,34,2,60
19.931,2026-08-05T05:50:07.266076+00:00,left_wrist_flex,2169,2173,4,34,0,28
19.931,2026-08-05T05:50:07.266076+00:00,left_wrist_roll,1989,1987,-2,34,0,1044
19.931,2026-08-05T05:50:07.266076+00:00,left_gripper,2014,2014,0,37,0,0
19.931,2026-08-05T05:50:07.266076+00:00,right_shoulder_pan,1985,2015,30,37,1,60
19.931,2026-08-05T05:50:07.266076+00:00,right_shoulder_lift,1989,2156,167,38,62,348
19.931,2026-08-05T05:50:07.266076+00:00,right_elbow_flex,2097,2137,40,38,4,94
19.931,2026-08-05T05:50:07.266076+00:00,right_wrist_flex,1976,1990,14,35,1,42
19.931,2026-08-05T05:50:07.266076+00:00,right_wrist_roll,2114,2111,-3,34,0,1044
19.931,2026-08-05T05:50:07.266076+00:00,right_gripper,2428,2442,14,38,2,42
19.981,2026-08-05T05:50:07.315891+00:00,left_shoulder_pan,1857,1851,-6,37,1,1060
19.981,2026-08-05T05:50:07.315891+00:00,left_shoulder_lift,2389,2406,17,37,4,80
19.981,2026-08-05T05:50:07.315891+00:00,left_elbow_flex,1629,1641,12,34,2,60
19.981,2026-08-05T05:50:07.315891+00:00,left_wrist_flex,2169,2173,4,34,1,28
19.981,2026-08-05T05:50:07.315891+00:00,left_wrist_roll,1989,1987,-2,34,0,1044
19.981,2026-08-05T05:50:07.315891+00:00,left_gripper,2014,2014,0,37,0,0
19.981,2026-08-05T05:50:07.315891+00:00,right_shoulder_pan,1977,2007,30,37,1,56
19.981,2026-08-05T05:50:07.315891+00:00,right_shoulder_lift,1989,2156,167,38,61,348
19.981,2026-08-05T05:50:07.315891+00:00,right_elbow_flex,2097,2137,40,38,4,94
19.981,2026-08-05T05:50:07.315891+00:00,right_wrist_flex,1976,1990,14,35,1,42
19.981,2026-08-05T05:50:07.315891+00:00,right_wrist_roll,2114,2111,-3,34,1,1044
19.981,2026-08-05T05:50:07.315891+00:00,right_gripper,2428,2442,14,38,1,42
20.031,2026-08-05T05:50:07.366937+00:00,left_shoulder_pan,1857,1851,-6,37,1,1060
20.031,2026-08-05T05:50:07.366937+00:00,left_shoulder_lift,2389,2406,17,37,4,80
20.031,2026-08-05T05:50:07.366937+00:00,left_elbow_flex,1629,1641,12,34,2,60
20.031,2026-08-05T05:50:07.366937+00:00,left_wrist_flex,2169,2173,4,34,0,28
20.031,2026-08-05T05:50:07.366937+00:00,left_wrist_roll,1989,1987,-2,34,1,1044
20.031,2026-08-05T05:50:07.366937+00:00,left_gripper,2014,2014,0,37,0,0
20.031,2026-08-05T05:50:07.366937+00:00,right_shoulder_pan,1969,1999,30,37,1,62
20.031,2026-08-05T05:50:07.366937+00:00,right_shoulder_lift,1989,2156,167,38,51,348
20.031,2026-08-05T05:50:07.366937+00:00,right_elbow_flex,2097,2137,40,37,5,94
20.031,2026-08-05T05:50:07.366937+00:00,right_wrist_flex,1976,1990,14,35,1,42
20.031,2026-08-05T05:50:07.366937+00:00,right_wrist_roll,2114,2111,-3,34,0,1044
20.031,2026-08-05T05:50:07.366937+00:00,right_gripper,2428,2442,14,38,2,42
20.081,2026-08-05T05:50:07.415979+00:00,left_shoulder_pan,1857,1851,-6,37,0,1060
20.081,2026-08-05T05:50:07.415979+00:00,left_shoulder_lift,2389,2406,17,37,5,80
20.081,2026-08-05T05:50:07.415979+00:00,left_elbow_flex,1629,1641,12,34,2,60
20.081,2026-08-05T05:50:07.415979+00:00,left_wrist_flex,2169,2173,4,34,0,28
20.081,2026-08-05T05:50:07.415979+00:00,left_wrist_roll,1989,1987,-2,34,1,1044
20.081,2026-08-05T05:50:07.415979+00:00,left_gripper,2014,2014,0,36,0,0
20.081,2026-08-05T05:50:07.415979+00:00,right_shoulder_pan,1961,1992,31,37,1,58
20.081,2026-08-05T05:50:07.415979+00:00,right_shoulder_lift,1989,2156,167,38,51,348
20.081,2026-08-05T05:50:07.415979+00:00,right_elbow_flex,2097,2137,40,38,5,94
20.081,2026-08-05T05:50:07.415979+00:00,right_wrist_flex,1976,1990,14,35,1,42
20.081,2026-08-05T05:50:07.415979+00:00,right_wrist_roll,2114,2111,-3,34,1,1044
20.081,2026-08-05T05:50:07.415979+00:00,right_gripper,2428,2442,14,38,2,42
20.131,2026-08-05T05:50:07.466291+00:00,left_shoulder_pan,1857,1851,-6,37,1,1060
20.131,2026-08-05T05:50:07.466291+00:00,left_shoulder_lift,2389,2406,17,37,4,80
20.131,2026-08-05T05:50:07.466291+00:00,left_elbow_flex,1629,1641,12,34,2,60
20.131,2026-08-05T05:50:07.466291+00:00,left_wrist_flex,2169,2173,4,34,1,28
20.131,2026-08-05T05:50:07.466291+00:00,left_wrist_roll,1989,1987,-2,34,0,1044
20.131,2026-08-05T05:50:07.466291+00:00,left_gripper,2014,2014,0,37,0,0
20.131,2026-08-05T05:50:07.466291+00:00,right_shoulder_pan,1953,1984,31,37,0,62
20.131,2026-08-05T05:50:07.466291+00:00,right_shoulder_lift,1989,2156,167,38,57,348
20.131,2026-08-05T05:50:07.466291+00:00,right_elbow_flex,2097,2137,40,37,5,94
20.131,2026-08-05T05:50:07.466291+00:00,right_wrist_flex,1976,1990,14,35,0,42
20.131,2026-08-05T05:50:07.466291+00:00,right_wrist_roll,2114,2111,-3,34,0,1044
20.131,2026-08-05T05:50:07.466291+00:00,right_gripper,2428,2442,14,38,2,42
20.181,2026-08-05T05:50:07.516137+00:00,left_shoulder_pan,1857,1851,-6,37,1,1060
20.181,2026-08-05T05:50:07.516137+00:00,left_shoulder_lift,2389,2406,17,37,5,80
20.181,2026-08-05T05:50:07.516137+00:00,left_elbow_flex,1629,1641,12,34,2,60
20.181,2026-08-05T05:50:07.516137+00:00,left_wrist_flex,2169,2173,4,34,0,28
20.181,2026-08-05T05:50:07.516137+00:00,left_wrist_roll,1989,1987,-2,34,0,1044
20.181,2026-08-05T05:50:07.516137+00:00,left_gripper,2014,2014,0,36,0,0
20.181,2026-08-05T05:50:07.516137+00:00,right_shoulder_pan,1946,1976,30,37,1,60
20.181,2026-08-05T05:50:07.516137+00:00,right_shoulder_lift,1990,2156,166,38,53,348
20.181,2026-08-05T05:50:07.516137+00:00,right_elbow_flex,2097,2137,40,37,4,94
20.181,2026-08-05T05:50:07.516137+00:00,right_wrist_flex,1976,1990,14,35,1,42
20.181,2026-08-05T05:50:07.516137+00:00,right_wrist_roll,2114,2111,-3,34,1,1044
20.181,2026-08-05T05:50:07.516137+00:00,right_gripper,2428,2442,14,38,2,42
20.231,2026-08-05T05:50:07.566841+00:00,left_shoulder_pan,1857,1851,-6,37,1,1060
20.231,2026-08-05T05:50:07.566841+00:00,left_shoulder_lift,2389,2406,17,37,4,80
20.231,2026-08-05T05:50:07.566841+00:00,left_elbow_flex,1629,1641,12,34,2,60
20.231,2026-08-05T05:50:07.566841+00:00,left_wrist_flex,2169,2173,4,34,1,28
20.231,2026-08-05T05:50:07.566841+00:00,left_wrist_roll,1989,1987,-2,34,0,1044
20.231,2026-08-05T05:50:07.566841+00:00,left_gripper,2014,2014,0,36,0,0
20.231,2026-08-05T05:50:07.566841+00:00,right_shoulder_pan,1938,1969,31,37,1,60
20.231,2026-08-05T05:50:07.566841+00:00,right_shoulder_lift,1990,2156,166,38,56,346
20.231,2026-08-05T05:50:07.566841+00:00,right_elbow_flex,2097,2137,40,38,4,94
20.231,2026-08-05T05:50:07.566841+00:00,right_wrist_flex,1976,1990,14,35,0,42
20.231,2026-08-05T05:50:07.566841+00:00,right_wrist_roll,2114,2111,-3,34,0,1044
20.231,2026-08-05T05:50:07.566841+00:00,right_gripper,2428,2442,14,38,2,42
20.281,2026-08-05T05:50:07.616352+00:00,left_shoulder_pan,1857,1851,-6,37,1,1060
20.281,2026-08-05T05:50:07.616352+00:00,left_shoulder_lift,2389,2406,17,37,4,80
20.281,2026-08-05T05:50:07.616352+00:00,left_elbow_flex,1629,1641,12,34,2,60
20.281,2026-08-05T05:50:07.616352+00:00,left_wrist_flex,2169,2173,4,34,0,28
20.281,2026-08-05T05:50:07.616352+00:00,left_wrist_roll,1989,1987,-2,34,1,1044
20.281,2026-08-05T05:50:07.616352+00:00,left_gripper,2014,2014,0,36,0,0
20.281,2026-08-05T05:50:07.616352+00:00,right_shoulder_pan,1930,1961,31,37,1,62
20.281,2026-08-05T05:50:07.616352+00:00,right_shoulder_lift,1990,2156,166,38,53,346
20.281,2026-08-05T05:50:07.616352+00:00,right_elbow_flex,2097,2137,40,37,5,94
20.281,2026-08-05T05:50:07.616352+00:00,right_wrist_flex,1976,1990,14,35,1,42
20.281,2026-08-05T05:50:07.616352+00:00,right_wrist_roll,2114,2111,-3,34,1,1044
20.281,2026-08-05T05:50:07.616352+00:00,right_gripper,2428,2442,14,38,2,42
20.331,2026-08-05T05:50:07.666458+00:00,left_shoulder_pan,1857,1851,-6,37,1,1060
20.331,2026-08-05T05:50:07.666458+00:00,left_shoulder_lift,2389,2406,17,37,4,80
20.331,2026-08-05T05:50:07.666458+00:00,left_elbow_flex,1629,1641,12,35,2,60
20.331,2026-08-05T05:50:07.666458+00:00,left_wrist_flex,2169,2173,4,34,0,28
20.331,2026-08-05T05:50:07.666458+00:00,left_wrist_roll,1989,1987,-2,34,0,1044
20.331,2026-08-05T05:50:07.666458+00:00,left_gripper,2014,2014,0,36,0,0
20.331,2026-08-05T05:50:07.666458+00:00,right_shoulder_pan,1923,1953,30,37,2,58
20.331,2026-08-05T05:50:07.666458+00:00,right_shoulder_lift,1991,2156,165,38,54,346
20.331,2026-08-05T05:50:07.666458+00:00,right_elbow_flex,2097,2137,40,38,4,94
20.331,2026-08-05T05:50:07.666458+00:00,right_wrist_flex,1976,1990,14,35,1,42
20.331,2026-08-05T05:50:07.666458+00:00,right_wrist_roll,2114,2111,-3,34,0,1044
20.331,2026-08-05T05:50:07.666458+00:00,right_gripper,2428,2442,14,38,2,42
20.381,2026-08-05T05:50:07.716701+00:00,left_shoulder_pan,1857,1851,-6,37,1,1060
20.381,2026-08-05T05:50:07.716701+00:00,left_shoulder_lift,2389,2406,17,37,4,80
20.381,2026-08-05T05:50:07.716701+00:00,left_elbow_flex,1629,1641,12,34,2,60
20.381,2026-08-05T05:50:07.716701+00:00,left_wrist_flex,2169,2173,4,34,0,28
20.381,2026-08-05T05:50:07.716701+00:00,left_wrist_roll,1989,1987,-2,34,0,1044
20.381,2026-08-05T05:50:07.716701+00:00,left_gripper,2014,2014,0,37,0,0
20.381,2026-08-05T05:50:07.716701+00:00,right_shoulder_pan,1915,1946,31,37,1,56
20.381,2026-08-05T05:50:07.716701+00:00,right_shoulder_lift,1992,2156,164,38,53,344
20.381,2026-08-05T05:50:07.716701+00:00,right_elbow_flex,2097,2137,40,38,4,94
20.381,2026-08-05T05:50:07.716701+00:00,right_wrist_flex,1976,1990,14,35,1,42
20.381,2026-08-05T05:50:07.716701+00:00,right_wrist_roll,2114,2111,-3,34,0,1044
20.381,2026-08-05T05:50:07.716701+00:00,right_gripper,2428,2442,14,38,2,42
20.431,2026-08-05T05:50:07.766581+00:00,left_shoulder_pan,1857,1851,-6,37,1,1060
20.431,2026-08-05T05:50:07.766581+00:00,left_shoulder_lift,2389,2406,17,37,4,80
20.431,2026-08-05T05:50:07.766581+00:00,left_elbow_flex,1629,1641,12,34,2,60
20.431,2026-08-05T05:50:07.766581+00:00,left_wrist_flex,2169,2173,4,34,0,28
20.431,2026-08-05T05:50:07.766581+00:00,left_wrist_roll,1989,1987,-2,34,0,1044
20.431,2026-08-05T05:50:07.766581+00:00,left_gripper,2014,2014,0,36,0,0
20.431,2026-08-05T05:50:07.766581+00:00,right_shoulder_pan,1908,1938,30,37,1,58
20.431,2026-08-05T05:50:07.766581+00:00,right_shoulder_lift,1992,2156,164,38,51,342
20.431,2026-08-05T05:50:07.766581+00:00,right_elbow_flex,2097,2137,40,38,5,94
20.431,2026-08-05T05:50:07.766581+00:00,right_wrist_flex,1976,1990,14,35,1,42
20.431,2026-08-05T05:50:07.766581+00:00,right_wrist_roll,2114,2111,-3,34,1,1044
20.431,2026-08-05T05:50:07.766581+00:00,right_gripper,2428,2442,14,38,2,42
20.481,2026-08-05T05:50:07.816650+00:00,left_shoulder_pan,1857,1851,-6,37,1,1060
20.481,2026-08-05T05:50:07.816650+00:00,left_shoulder_lift,2389,2406,17,37,4,80
20.481,2026-08-05T05:50:07.816650+00:00,left_elbow_flex,1629,1641,12,34,2,60
20.481,2026-08-05T05:50:07.816650+00:00,left_wrist_flex,2169,2173,4,34,0,28
20.481,2026-08-05T05:50:07.816650+00:00,left_wrist_roll,1989,1987,-2,34,0,1044
20.481,2026-08-05T05:50:07.816650+00:00,left_gripper,2014,2014,0,37,0,0
20.481,2026-08-05T05:50:07.816650+00:00,right_shoulder_pan,1900,1930,30,37,1,56
20.481,2026-08-05T05:50:07.816650+00:00,right_shoulder_lift,1993,2156,163,38,55,342
20.481,2026-08-05T05:50:07.816650+00:00,right_elbow_flex,2097,2137,40,37,5,94
20.481,2026-08-05T05:50:07.816650+00:00,right_wrist_flex,1976,1990,14,35,0,42
20.481,2026-08-05T05:50:07.816650+00:00,right_wrist_roll,2114,2111,-3,34,0,1044
20.481,2026-08-05T05:50:07.816650+00:00,right_gripper,2428,2442,14,38,2,42
20.531,2026-08-05T05:50:07.866733+00:00,left_shoulder_pan,1857,1851,-6,37,0,1060
20.531,2026-08-05T05:50:07.866733+00:00,left_shoulder_lift,2389,2406,17,37,5,80
20.531,2026-08-05T05:50:07.866733+00:00,left_elbow_flex,1629,1641,12,34,2,60
20.531,2026-08-05T05:50:07.866733+00:00,left_wrist_flex,2169,2173,4,34,0,28
20.531,2026-08-05T05:50:07.866733+00:00,left_wrist_roll,1989,1987,-2,34,0,1044
20.531,2026-08-05T05:50:07.866733+00:00,left_gripper,2014,2014,0,37,0,0
20.531,2026-08-05T05:50:07.866733+00:00,right_shoulder_pan,1893,1923,30,37,1,58
20.531,2026-08-05T05:50:07.866733+00:00,right_shoulder_lift,1994,2156,162,39,56,340
20.531,2026-08-05T05:50:07.866733+00:00,right_elbow_flex,2097,2137,40,38,4,94
20.531,2026-08-05T05:50:07.866733+00:00,right_wrist_flex,1976,1990,14,35,1,42
20.531,2026-08-05T05:50:07.866733+00:00,right_wrist_roll,2114,2111,-3,34,0,1044
20.531,2026-08-05T05:50:07.866733+00:00,right_gripper,2428,2442,14,38,1,42
20.582,2026-08-05T05:50:07.916776+00:00,left_shoulder_pan,1857,1851,-6,37,1,1060
20.582,2026-08-05T05:50:07.916776+00:00,left_shoulder_lift,2389,2406,17,37,5,80
20.582,2026-08-05T05:50:07.916776+00:00,left_elbow_flex,1629,1641,12,34,2,60
20.582,2026-08-05T05:50:07.916776+00:00,left_wrist_flex,2169,2173,4,34,0,28
20.582,2026-08-05T05:50:07.916776+00:00,left_wrist_roll,1989,1987,-2,34,1,1044
20.582,2026-08-05T05:50:07.916776+00:00,left_gripper,2014,2014,0,36,0,0
20.582,2026-08-05T05:50:07.916776+00:00,right_shoulder_pan,1886,1914,28,37,1,56
20.582,2026-08-05T05:50:07.916776+00:00,right_shoulder_lift,1995,2156,161,38,54,338
20.582,2026-08-05T05:50:07.916776+00:00,right_elbow_flex,2097,2137,40,38,5,94
20.582,2026-08-05T05:50:07.916776+00:00,right_wrist_flex,1976,1990,14,35,1,42
20.582,2026-08-05T05:50:07.916776+00:00,right_wrist_roll,2114,2111,-3,34,1,1044
20.582,2026-08-05T05:50:07.916776+00:00,right_gripper,2428,2442,14,38,2,42
20.632,2026-08-05T05:50:07.966814+00:00,left_shoulder_pan,1857,1851,-6,37,1,1060
20.632,2026-08-05T05:50:07.966814+00:00,left_shoulder_lift,2389,2406,17,37,4,80
20.632,2026-08-05T05:50:07.966814+00:00,left_elbow_flex,1629,1641,12,34,2,60
20.632,2026-08-05T05:50:07.966814+00:00,left_wrist_flex,2169,2173,4,34,0,28
20.632,2026-08-05T05:50:07.966814+00:00,left_wrist_roll,1989,1987,-2,34,0,1044
20.632,2026-08-05T05:50:07.966814+00:00,left_gripper,2014,2014,0,36,0,0
20.632,2026-08-05T05:50:07.966814+00:00,right_shoulder_pan,1879,1907,28,37,1,50
20.632,2026-08-05T05:50:07.966814+00:00,right_shoulder_lift,1996,2156,160,38,48,336
20.632,2026-08-05T05:50:07.966814+00:00,right_elbow_flex,2097,2137,40,38,4,94
20.632,2026-08-05T05:50:07.966814+00:00,right_wrist_flex,1976,1990,14,35,1,42
20.632,2026-08-05T05:50:07.966814+00:00,right_wrist_roll,2114,2111,-3,34,0,1044
20.632,2026-08-05T05:50:07.966814+00:00,right_gripper,2428,2442,14,38,2,42
20.682,2026-08-05T05:50:08.016926+00:00,left_shoulder_pan,1857,1851,-6,37,1,1060
20.682,2026-08-05T05:50:08.016926+00:00,left_shoulder_lift,2389,2406,17,37,4,80
20.682,2026-08-05T05:50:08.016926+00:00,left_elbow_flex,1629,1641,12,34,2,60
20.682,2026-08-05T05:50:08.016926+00:00,left_wrist_flex,2169,2173,4,34,1,28
20.682,2026-08-05T05:50:08.016926+00:00,left_wrist_roll,1989,1987,-2,34,0,1044
20.682,2026-08-05T05:50:08.016926+00:00,left_gripper,2014,2014,0,37,0,0
20.682,2026-08-05T05:50:08.016926+00:00,right_shoulder_pan,1872,1899,27,37,1,56
20.682,2026-08-05T05:50:08.016926+00:00,right_shoulder_lift,1997,2156,159,38,51,334
20.682,2026-08-05T05:50:08.016926+00:00,right_elbow_flex,2097,2137,40,38,4,94
20.682,2026-08-05T05:50:08.016926+00:00,right_wrist_flex,1976,1990,14,35,1,42
20.682,2026-08-05T05:50:08.016926+00:00,right_wrist_roll,2114,2111,-3,34,0,1044
20.682,2026-08-05T05:50:08.016926+00:00,right_gripper,2428,2442,14,38,1,42
20.732,2026-08-05T05:50:08.066969+00:00,left_shoulder_pan,1857,1851,-6,37,1,1060
20.732,2026-08-05T05:50:08.066969+00:00,left_shoulder_lift,2389,2406,17,37,4,80
20.732,2026-08-05T05:50:08.066969+00:00,left_elbow_flex,1629,1641,12,34,2,60
20.732,2026-08-05T05:50:08.066969+00:00,left_wrist_flex,2169,2173,4,34,0,28
20.732,2026-08-05T05:50:08.066969+00:00,left_wrist_roll,1989,1987,-2,34,0,1044
20.732,2026-08-05T05:50:08.066969+00:00,left_gripper,2014,2014,0,36,0,0
20.732,2026-08-05T05:50:08.066969+00:00,right_shoulder_pan,1865,1892,27,37,0,48
20.732,2026-08-05T05:50:08.066969+00:00,right_shoulder_lift,1999,2156,157,38,51,332
20.732,2026-08-05T05:50:08.066969+00:00,right_elbow_flex,2097,2137,40,38,4,94
20.732,2026-08-05T05:50:08.066969+00:00,right_wrist_flex,1976,1990,14,35,1,42
20.732,2026-08-05T05:50:08.066969+00:00,right_wrist_roll,2114,2111,-3,34,0,1044
20.732,2026-08-05T05:50:08.066969+00:00,right_gripper,2428,2442,14,38,2,42
20.782,2026-08-05T05:50:08.117106+00:00,left_shoulder_pan,1857,1851,-6,37,1,1060
20.782,2026-08-05T05:50:08.117106+00:00,left_shoulder_lift,2389,2406,17,37,4,80
20.782,2026-08-05T05:50:08.117106+00:00,left_elbow_flex,1629,1641,12,34,2,60
20.782,2026-08-05T05:50:08.117106+00:00,left_wrist_flex,2169,2173,4,34,0,28
20.782,2026-08-05T05:50:08.117106+00:00,left_wrist_roll,1989,1987,-2,34,0,1044
20.782,2026-08-05T05:50:08.117106+00:00,left_gripper,2014,2014,0,37,0,0
20.782,2026-08-05T05:50:08.117106+00:00,right_shoulder_pan,1859,1885,26,37,1,54
20.782,2026-08-05T05:50:08.117106+00:00,right_shoulder_lift,2000,2156,156,38,45,328
20.782,2026-08-05T05:50:08.117106+00:00,right_elbow_flex,2097,2137,40,38,4,94
20.782,2026-08-05T05:50:08.117106+00:00,right_wrist_flex,1976,1990,14,35,1,42
20.782,2026-08-05T05:50:08.117106+00:00,right_wrist_roll,2114,2111,-3,34,0,1044
20.782,2026-08-05T05:50:08.117106+00:00,right_gripper,2428,2442,14,38,1,42
20.832,2026-08-05T05:50:08.167139+00:00,left_shoulder_pan,1857,1851,-6,37,1,1060
20.832,2026-08-05T05:50:08.167139+00:00,left_shoulder_lift,2389,2406,17,37,4,80
20.832,2026-08-05T05:50:08.167139+00:00,left_elbow_flex,1629,1641,12,34,2,60
20.832,2026-08-05T05:50:08.167139+00:00,left_wrist_flex,2169,2173,4,34,0,28
20.832,2026-08-05T05:50:08.167139+00:00,left_wrist_roll,1989,1987,-2,33,0,1044
20.832,2026-08-05T05:50:08.167139+00:00,left_gripper,2014,2014,0,36,0,0
20.832,2026-08-05T05:50:08.167139+00:00,right_shoulder_pan,1852,1878,26,37,1,48
20.832,2026-08-05T05:50:08.167139+00:00,right_shoulder_lift,2001,2156,155,38,51,326
20.832,2026-08-05T05:50:08.167139+00:00,right_elbow_flex,2097,2137,40,37,4,94
20.832,2026-08-05T05:50:08.167139+00:00,right_wrist_flex,1976,1990,14,35,1,42
20.832,2026-08-05T05:50:08.167139+00:00,right_wrist_roll,2114,2111,-3,34,0,1044
20.832,2026-08-05T05:50:08.167139+00:00,right_gripper,2428,2442,14,38,2,42
20.882,2026-08-05T05:50:08.217180+00:00,left_shoulder_pan,1857,1851,-6,37,1,1060
20.882,2026-08-05T05:50:08.217180+00:00,left_shoulder_lift,2389,2406,17,37,4,80
20.882,2026-08-05T05:50:08.217180+00:00,left_elbow_flex,1629,1641,12,34,2,60
20.882,2026-08-05T05:50:08.217180+00:00,left_wrist_flex,2169,2173,4,34,0,28
20.882,2026-08-05T05:50:08.217180+00:00,left_wrist_roll,1989,1987,-2,34,1,1044
20.882,2026-08-05T05:50:08.217180+00:00,left_gripper,2014,2014,0,36,0,0
20.882,2026-08-05T05:50:08.217180+00:00,right_shoulder_pan,1846,1872,26,37,0,54
20.882,2026-08-05T05:50:08.217180+00:00,right_shoulder_lift,2003,2156,153,38,51,324
20.882,2026-08-05T05:50:08.217180+00:00,right_elbow_flex,2097,2137,40,37,4,94
20.882,2026-08-05T05:50:08.217180+00:00,right_wrist_flex,1976,1990,14,35,1,42
20.882,2026-08-05T05:50:08.217180+00:00,right_wrist_roll,2114,2111,-3,34,1,1044
20.882,2026-08-05T05:50:08.217180+00:00,right_gripper,2428,2442,14,38,1,42
20.932,2026-08-05T05:50:08.267241+00:00,left_shoulder_pan,1857,1851,-6,37,1,1060
20.932,2026-08-05T05:50:08.267241+00:00,left_shoulder_lift,2389,2406,17,37,5,80
20.932,2026-08-05T05:50:08.267241+00:00,left_elbow_flex,1629,1641,12,34,2,60
20.932,2026-08-05T05:50:08.267241+00:00,left_wrist_flex,2169,2173,4,34,0,28
20.932,2026-08-05T05:50:08.267241+00:00,left_wrist_roll,1989,1987,-2,34,0,1044
20.932,2026-08-05T05:50:08.267241+00:00,left_gripper,2014,2014,0,36,0,0
20.932,2026-08-05T05:50:08.267241+00:00,right_shoulder_pan,1840,1866,26,37,1,48
20.932,2026-08-05T05:50:08.267241+00:00,right_shoulder_lift,2004,2156,152,38,49,316
20.932,2026-08-05T05:50:08.267241+00:00,right_elbow_flex,2097,2137,40,37,4,94
20.932,2026-08-05T05:50:08.267241+00:00,right_wrist_flex,1976,1990,14,35,1,42
20.932,2026-08-05T05:50:08.267241+00:00,right_wrist_roll,2114,2111,-3,34,0,1044
20.932,2026-08-05T05:50:08.267241+00:00,right_gripper,2428,2442,14,38,2,42
20.982,2026-08-05T05:50:08.317412+00:00,left_shoulder_pan,1857,1851,-6,37,1,1060
20.982,2026-08-05T05:50:08.317412+00:00,left_shoulder_lift,2389,2406,17,37,4,80
20.982,2026-08-05T05:50:08.317412+00:00,left_elbow_flex,1629,1641,12,34,2,60
20.982,2026-08-05T05:50:08.317412+00:00,left_wrist_flex,2169,2173,4,34,0,28
20.982,2026-08-05T05:50:08.317412+00:00,left_wrist_roll,1989,1987,-2,34,1,1044
20.982,2026-08-05T05:50:08.317412+00:00,left_gripper,2014,2014,0,36,0,0
20.982,2026-08-05T05:50:08.317412+00:00,right_shoulder_pan,1835,1860,25,37,1,58
20.982,2026-08-05T05:50:08.317412+00:00,right_shoulder_lift,2006,2156,150,38,45,318
20.982,2026-08-05T05:50:08.317412+00:00,right_elbow_flex,2097,2137,40,38,4,94
20.982,2026-08-05T05:50:08.317412+00:00,right_wrist_flex,1976,1990,14,35,1,42
20.982,2026-08-05T05:50:08.317412+00:00,right_wrist_roll,2114,2111,-3,34,1,1044
20.982,2026-08-05T05:50:08.317412+00:00,right_gripper,2428,2442,14,38,2,42
21.032,2026-08-05T05:50:08.367745+00:00,left_shoulder_pan,1857,1851,-6,37,1,1060
21.032,2026-08-05T05:50:08.367745+00:00,left_shoulder_lift,2389,2406,17,37,5,80
21.032,2026-08-05T05:50:08.367745+00:00,left_elbow_flex,1629,1641,12,34,2,60
21.032,2026-08-05T05:50:08.367745+00:00,left_wrist_flex,2169,2173,4,34,1,28
21.032,2026-08-05T05:50:08.367745+00:00,left_wrist_roll,1989,1987,-2,34,0,1044
21.032,2026-08-05T05:50:08.367745+00:00,left_gripper,2014,2014,0,37,0,0
21.032,2026-08-05T05:50:08.367745+00:00,right_shoulder_pan,1829,1853,24,37,0,48
21.032,2026-08-05T05:50:08.367745+00:00,right_shoulder_lift,2008,2156,148,38,40,310
21.032,2026-08-05T05:50:08.367745+00:00,right_elbow_flex,2097,2137,40,38,4,94
21.032,2026-08-05T05:50:08.367745+00:00,right_wrist_flex,1976,1990,14,35,1,42
21.032,2026-08-05T05:50:08.367745+00:00,right_wrist_roll,2114,2111,-3,34,1,1044
21.032,2026-08-05T05:50:08.367745+00:00,right_gripper,2428,2442,14,38,2,42
21.082,2026-08-05T05:50:08.419601+00:00,left_shoulder_pan,1857,1851,-6,37,1,1060
21.082,2026-08-05T05:50:08.419601+00:00,left_shoulder_lift,2389,2406,17,37,4,80
21.082,2026-08-05T05:50:08.419601+00:00,left_elbow_flex,1629,1641,12,34,2,60
21.082,2026-08-05T05:50:08.419601+00:00,left_wrist_flex,2169,2173,4,34,1,28
21.082,2026-08-05T05:50:08.419601+00:00,left_wrist_roll,1989,1987,-2,34,1,1044
21.082,2026-08-05T05:50:08.419601+00:00,left_gripper,2014,2014,0,36,0,0
21.082,2026-08-05T05:50:08.419601+00:00,right_shoulder_pan,1824,1847,23,37,1,50
21.082,2026-08-05T05:50:08.419601+00:00,right_shoulder_lift,2009,2156,147,38,40,310
21.082,2026-08-05T05:50:08.419601+00:00,right_elbow_flex,2097,2137,40,38,5,94
21.082,2026-08-05T05:50:08.419601+00:00,right_wrist_flex,1976,1990,14,35,1,42
21.082,2026-08-05T05:50:08.419601+00:00,right_wrist_roll,2114,2111,-3,34,1,1044
21.082,2026-08-05T05:50:08.419601+00:00,right_gripper,2428,2442,14,38,2,42
21.132,2026-08-05T05:50:08.469132+00:00,left_shoulder_pan,1857,1851,-6,37,1,1060
21.132,2026-08-05T05:50:08.469132+00:00,left_shoulder_lift,2389,2406,17,37,5,80
21.132,2026-08-05T05:50:08.469132+00:00,left_elbow_flex,1629,1641,12,34,2,60
21.132,2026-08-05T05:50:08.469132+00:00,left_wrist_flex,2169,2173,4,34,1,28
21.132,2026-08-05T05:50:08.469132+00:00,left_wrist_roll,1989,1987,-2,34,0,1044
21.132,2026-08-05T05:50:08.469132+00:00,left_gripper,2014,2014,0,37,0,0
21.132,2026-08-05T05:50:08.469132+00:00,right_shoulder_pan,1819,1841,22,37,1,44
21.132,2026-08-05T05:50:08.469132+00:00,right_shoulder_lift,2011,2156,145,38,46,308
21.132,2026-08-05T05:50:08.469132+00:00,right_elbow_flex,2097,2137,40,38,4,94
21.132,2026-08-05T05:50:08.469132+00:00,right_wrist_flex,1976,1990,14,35,1,42
21.132,2026-08-05T05:50:08.469132+00:00,right_wrist_roll,2114,2111,-3,34,1,1044
21.132,2026-08-05T05:50:08.469132+00:00,right_gripper,2428,2442,14,38,2,42
21.182,2026-08-05T05:50:08.518643+00:00,left_shoulder_pan,1857,1851,-6,37,1,1060
21.182,2026-08-05T05:50:08.518643+00:00,left_shoulder_lift,2389,2406,17,37,5,80
21.182,2026-08-05T05:50:08.518643+00:00,left_elbow_flex,1629,1641,12,34,2,60
21.182,2026-08-05T05:50:08.518643+00:00,left_wrist_flex,2169,2173,4,34,1,28
21.182,2026-08-05T05:50:08.518643+00:00,left_wrist_roll,1989,1987,-2,34,0,1044
21.182,2026-08-05T05:50:08.518643+00:00,left_gripper,2014,2014,0,36,0,0
21.182,2026-08-05T05:50:08.518643+00:00,right_shoulder_pan,1814,1835,21,37,1,52
21.182,2026-08-05T05:50:08.518643+00:00,right_shoulder_lift,2013,2156,143,38,39,304
21.182,2026-08-05T05:50:08.518643+00:00,right_elbow_flex,2097,2137,40,37,4,94
21.182,2026-08-05T05:50:08.518643+00:00,right_wrist_flex,1976,1990,14,35,0,42
21.182,2026-08-05T05:50:08.518643+00:00,right_wrist_roll,2114,2111,-3,34,1,1044
21.182,2026-08-05T05:50:08.518643+00:00,right_gripper,2428,2442,14,38,1,42
21.232,2026-08-05T05:50:08.567742+00:00,left_shoulder_pan,1857,1851,-6,37,1,1060
21.232,2026-08-05T05:50:08.567742+00:00,left_shoulder_lift,2389,2406,17,37,5,80
21.232,2026-08-05T05:50:08.567742+00:00,left_elbow_flex,1629,1641,12,34,2,60
21.232,2026-08-05T05:50:08.567742+00:00,left_wrist_flex,2169,2173,4,34,1,28
21.232,2026-08-05T05:50:08.567742+00:00,left_wrist_roll,1989,1987,-2,34,0,1044
21.232,2026-08-05T05:50:08.567742+00:00,left_gripper,2014,2014,0,37,0,0
21.232,2026-08-05T05:50:08.567742+00:00,right_shoulder_pan,1809,1830,21,37,1,42
21.232,2026-08-05T05:50:08.567742+00:00,right_shoulder_lift,2015,2156,141,38,37,296
21.232,2026-08-05T05:50:08.567742+00:00,right_elbow_flex,2097,2137,40,38,4,94
21.232,2026-08-05T05:50:08.567742+00:00,right_wrist_flex,1976,1990,14,35,1,42
21.232,2026-08-05T05:50:08.567742+00:00,right_wrist_roll,2114,2111,-3,34,1,1044
21.232,2026-08-05T05:50:08.567742+00:00,right_gripper,2428,2442,14,38,1,42
21.283,2026-08-05T05:50:08.618085+00:00,left_shoulder_pan,1857,1851,-6,37,1,1060
21.283,2026-08-05T05:50:08.618085+00:00,left_shoulder_lift,2389,2406,17,37,4,80
21.283,2026-08-05T05:50:08.618085+00:00,left_elbow_flex,1629,1641,12,34,2,60
21.283,2026-08-05T05:50:08.618085+00:00,left_wrist_flex,2169,2173,4,34,1,28
21.283,2026-08-05T05:50:08.618085+00:00,left_wrist_roll,1989,1987,-2,34,0,1044
21.283,2026-08-05T05:50:08.618085+00:00,left_gripper,2014,2014,0,36,0,0
21.283,2026-08-05T05:50:08.618085+00:00,right_shoulder_pan,1805,1825,20,37,1,50
21.283,2026-08-05T05:50:08.618085+00:00,right_shoulder_lift,2017,2156,139,38,36,296
21.283,2026-08-05T05:50:08.618085+00:00,right_elbow_flex,2097,2137,40,37,4,94
21.283,2026-08-05T05:50:08.618085+00:00,right_wrist_flex,1976,1990,14,35,1,42
21.283,2026-08-05T05:50:08.618085+00:00,right_wrist_roll,2114,2111,-3,34,0,1044
21.283,2026-08-05T05:50:08.618085+00:00,right_gripper,2428,2442,14,38,1,42
21.333,2026-08-05T05:50:08.668102+00:00,left_shoulder_pan,1857,1851,-6,37,1,1060
21.333,2026-08-05T05:50:08.668102+00:00,left_shoulder_lift,2389,2406,17,37,5,80
21.333,2026-08-05T05:50:08.668102+00:00,left_elbow_flex,1629,1641,12,34,2,60
21.333,2026-08-05T05:50:08.668102+00:00,left_wrist_flex,2169,2173,4,34,0,28
21.333,2026-08-05T05:50:08.668102+00:00,left_wrist_roll,1989,1987,-2,34,1,1044
21.333,2026-08-05T05:50:08.668102+00:00,left_gripper,2014,2014,0,37,0,0
21.333,2026-08-05T05:50:08.668102+00:00,right_shoulder_pan,1801,1820,19,37,1,40
21.333,2026-08-05T05:50:08.668102+00:00,right_shoulder_lift,2019,2156,137,38,36,288
21.333,2026-08-05T05:50:08.668102+00:00,right_elbow_flex,2097,2137,40,38,4,94
21.333,2026-08-05T05:50:08.668102+00:00,right_wrist_flex,1976,1990,14,35,1,42
21.333,2026-08-05T05:50:08.668102+00:00,right_wrist_roll,2114,2111,-3,34,0,1044
21.333,2026-08-05T05:50:08.668102+00:00,right_gripper,2428,2442,14,38,2,42
21.383,2026-08-05T05:50:08.718192+00:00,left_shoulder_pan,1857,1851,-6,37,1,1060
21.383,2026-08-05T05:50:08.718192+00:00,left_shoulder_lift,2389,2406,17,37,5,80
21.383,2026-08-05T05:50:08.718192+00:00,left_elbow_flex,1629,1641,12,34,2,60
21.383,2026-08-05T05:50:08.718192+00:00,left_wrist_flex,2169,2173,4,34,0,28
21.383,2026-08-05T05:50:08.718192+00:00,left_wrist_roll,1989,1987,-2,34,0,1044
21.383,2026-08-05T05:50:08.718192+00:00,left_gripper,2014,2014,0,36,0,0
21.383,2026-08-05T05:50:08.718192+00:00,right_shoulder_pan,1797,1815,18,37,0,42
21.383,2026-08-05T05:50:08.718192+00:00,right_shoulder_lift,2021,2156,135,38,35,288
21.383,2026-08-05T05:50:08.718192+00:00,right_elbow_flex,2097,2137,40,37,4,94
21.383,2026-08-05T05:50:08.718192+00:00,right_wrist_flex,1976,1990,14,35,0,42
21.383,2026-08-05T05:50:08.718192+00:00,right_wrist_roll,2114,2111,-3,34,0,1044
21.383,2026-08-05T05:50:08.718192+00:00,right_gripper,2428,2442,14,38,2,42
21.433,2026-08-05T05:50:08.769317+00:00,left_shoulder_pan,1857,1851,-6,37,1,1060
21.433,2026-08-05T05:50:08.769317+00:00,left_shoulder_lift,2389,2406,17,37,5,80
21.433,2026-08-05T05:50:08.769317+00:00,left_elbow_flex,1629,1641,12,34,2,60
21.433,2026-08-05T05:50:08.769317+00:00,left_wrist_flex,2169,2173,4,34,1,28
21.433,2026-08-05T05:50:08.769317+00:00,left_wrist_roll,1989,1987,-2,34,1,1044
21.433,2026-08-05T05:50:08.769317+00:00,left_gripper,2014,2014,0,37,0,0
21.433,2026-08-05T05:50:08.769317+00:00,right_shoulder_pan,1794,1810,16,37,1,42
21.433,2026-08-05T05:50:08.769317+00:00,right_shoulder_lift,2023,2156,133,38,40,280
21.433,2026-08-05T05:50:08.769317+00:00,right_elbow_flex,2097,2137,40,37,4,94
21.433,2026-08-05T05:50:08.769317+00:00,right_wrist_flex,1976,1990,14,35,1,42
21.433,2026-08-05T05:50:08.769317+00:00,right_wrist_roll,2114,2111,-3,34,0,1044
21.433,2026-08-05T05:50:08.769317+00:00,right_gripper,2428,2442,14,38,2,42
21.483,2026-08-05T05:50:08.818350+00:00,left_shoulder_pan,1857,1851,-6,37,1,1060
21.483,2026-08-05T05:50:08.818350+00:00,left_shoulder_lift,2389,2406,17,37,5,80
21.483,2026-08-05T05:50:08.818350+00:00,left_elbow_flex,1629,1641,12,34,2,60
21.483,2026-08-05T05:50:08.818350+00:00,left_wrist_flex,2169,2173,4,34,0,28
21.483,2026-08-05T05:50:08.818350+00:00,left_wrist_roll,1989,1987,-2,34,0,1044
21.483,2026-08-05T05:50:08.818350+00:00,left_gripper,2014,2014,0,37,0,0
21.483,2026-08-05T05:50:08.818350+00:00,right_shoulder_pan,1790,1806,16,37,1,34
21.483,2026-08-05T05:50:08.818350+00:00,right_shoulder_lift,2025,2156,131,38,32,276
21.483,2026-08-05T05:50:08.818350+00:00,right_elbow_flex,2097,2137,40,37,4,94
21.483,2026-08-05T05:50:08.818350+00:00,right_wrist_flex,1976,1990,14,35,1,42
21.483,2026-08-05T05:50:08.818350+00:00,right_wrist_roll,2114,2111,-3,34,0,1044
21.483,2026-08-05T05:50:08.818350+00:00,right_gripper,2428,2442,14,38,1,42
21.533,2026-08-05T05:50:08.868152+00:00,left_shoulder_pan,1857,1851,-6,37,1,1060
21.533,2026-08-05T05:50:08.868152+00:00,left_shoulder_lift,2389,2406,17,37,4,80
21.533,2026-08-05T05:50:08.868152+00:00,left_elbow_flex,1629,1641,12,34,2,60
21.533,2026-08-05T05:50:08.868152+00:00,left_wrist_flex,2169,2173,4,34,0,28
21.533,2026-08-05T05:50:08.868152+00:00,left_wrist_roll,1989,1987,-2,34,0,1044
21.533,2026-08-05T05:50:08.868152+00:00,left_gripper,2014,2014,0,36,0,0
21.533,2026-08-05T05:50:08.868152+00:00,right_shoulder_pan,1787,1802,15,37,1,40
21.533,2026-08-05T05:50:08.868152+00:00,right_shoulder_lift,2027,2156,129,38,31,272
21.533,2026-08-05T05:50:08.868152+00:00,right_elbow_flex,2097,2137,40,37,4,94
21.533,2026-08-05T05:50:08.868152+00:00,right_wrist_flex,1976,1990,14,35,1,42
21.533,2026-08-05T05:50:08.868152+00:00,right_wrist_roll,2114,2111,-3,34,0,1044
21.533,2026-08-05T05:50:08.868152+00:00,right_gripper,2428,2442,14,38,1,42
21.583,2026-08-05T05:50:08.918271+00:00,left_shoulder_pan,1857,1851,-6,37,1,1060
21.583,2026-08-05T05:50:08.918271+00:00,left_shoulder_lift,2389,2406,17,37,4,80
21.583,2026-08-05T05:50:08.918271+00:00,left_elbow_flex,1629,1641,12,34,2,60
21.583,2026-08-05T05:50:08.918271+00:00,left_wrist_flex,2169,2173,4,34,0,28
21.583,2026-08-05T05:50:08.918271+00:00,left_wrist_roll,1989,1987,-2,34,0,1044
21.583,2026-08-05T05:50:08.918271+00:00,left_gripper,2014,2014,0,36,0,0
21.583,2026-08-05T05:50:08.918271+00:00,right_shoulder_pan,1785,1799,14,37,1,38
21.583,2026-08-05T05:50:08.918271+00:00,right_shoulder_lift,2030,2156,126,38,37,268
21.583,2026-08-05T05:50:08.918271+00:00,right_elbow_flex,2097,2137,40,37,4,94
21.583,2026-08-05T05:50:08.918271+00:00,right_wrist_flex,1976,1990,14,35,1,42
21.583,2026-08-05T05:50:08.918271+00:00,right_wrist_roll,2114,2111,-3,34,0,1044
21.583,2026-08-05T05:50:08.918271+00:00,right_gripper,2428,2442,14,38,1,42
21.633,2026-08-05T05:50:08.968317+00:00,left_shoulder_pan,1857,1851,-6,37,1,1060
21.633,2026-08-05T05:50:08.968317+00:00,left_shoulder_lift,2389,2406,17,37,4,80
21.633,2026-08-05T05:50:08.968317+00:00,left_elbow_flex,1629,1641,12,34,2,60
21.633,2026-08-05T05:50:08.968317+00:00,left_wrist_flex,2169,2173,4,35,1,28
21.633,2026-08-05T05:50:08.968317+00:00,left_wrist_roll,1989,1987,-2,34,0,1044
21.633,2026-08-05T05:50:08.968317+00:00,left_gripper,2014,2014,0,37,0,0
21.633,2026-08-05T05:50:08.968317+00:00,right_shoulder_pan,1782,1796,14,37,0,32
21.633,2026-08-05T05:50:08.968317+00:00,right_shoulder_lift,2032,2156,124,38,34,258
21.633,2026-08-05T05:50:08.968317+00:00,right_elbow_flex,2097,2137,40,38,5,94
21.633,2026-08-05T05:50:08.968317+00:00,right_wrist_flex,1976,1990,14,35,1,42
21.633,2026-08-05T05:50:08.968317+00:00,right_wrist_roll,2114,2111,-3,34,0,1044
21.633,2026-08-05T05:50:08.968317+00:00,right_gripper,2428,2442,14,38,2,42
21.683,2026-08-05T05:50:09.018347+00:00,left_shoulder_pan,1857,1851,-6,37,1,1060
21.683,2026-08-05T05:50:09.018347+00:00,left_shoulder_lift,2389,2406,17,37,4,80
21.683,2026-08-05T05:50:09.018347+00:00,left_elbow_flex,1629,1641,12,34,3,60
21.683,2026-08-05T05:50:09.018347+00:00,left_wrist_flex,2169,2173,4,34,0,28
21.683,2026-08-05T05:50:09.018347+00:00,left_wrist_roll,1989,1987,-2,34,1,1044
21.683,2026-08-05T05:50:09.018347+00:00,left_gripper,2014,2014,0,36,0,0
21.683,2026-08-05T05:50:09.018347+00:00,right_shoulder_pan,1780,1793,13,37,1,42
21.683,2026-08-05T05:50:09.018347+00:00,right_shoulder_lift,2034,2156,122,38,33,258
21.683,2026-08-05T05:50:09.018347+00:00,right_elbow_flex,2097,2137,40,38,4,94
21.683,2026-08-05T05:50:09.018347+00:00,right_wrist_flex,1976,1990,14,35,0,42
21.683,2026-08-05T05:50:09.018347+00:00,right_wrist_roll,2114,2111,-3,34,1,1044
21.683,2026-08-05T05:50:09.018347+00:00,right_gripper,2428,2442,14,38,1,42
21.733,2026-08-05T05:50:09.068737+00:00,left_shoulder_pan,1857,1851,-6,37,1,1060
21.733,2026-08-05T05:50:09.068737+00:00,left_shoulder_lift,2389,2406,17,37,4,80
21.733,2026-08-05T05:50:09.068737+00:00,left_elbow_flex,1629,1641,12,34,2,60
21.733,2026-08-05T05:50:09.068737+00:00,left_wrist_flex,2169,2173,4,34,0,28
21.733,2026-08-05T05:50:09.068737+00:00,left_wrist_roll,1989,1987,-2,34,1,1044
21.733,2026-08-05T05:50:09.068737+00:00,left_gripper,2014,2014,0,36,0,0
21.733,2026-08-05T05:50:09.068737+00:00,right_shoulder_pan,1778,1790,12,37,1,32
21.733,2026-08-05T05:50:09.068737+00:00,right_shoulder_lift,2037,2156,119,38,26,254
21.733,2026-08-05T05:50:09.068737+00:00,right_elbow_flex,2097,2137,40,38,5,94
21.733,2026-08-05T05:50:09.068737+00:00,right_wrist_flex,1976,1990,14,35,1,42
21.733,2026-08-05T05:50:09.068737+00:00,right_wrist_roll,2114,2111,-3,34,0,1044
21.733,2026-08-05T05:50:09.068737+00:00,right_gripper,2428,2442,14,38,2,42
21.783,2026-08-05T05:50:09.118520+00:00,left_shoulder_pan,1857,1851,-6,37,1,1060
21.783,2026-08-05T05:50:09.118520+00:00,left_shoulder_lift,2389,2406,17,37,4,80
21.783,2026-08-05T05:50:09.118520+00:00,left_elbow_flex,1629,1641,12,34,2,60
21.783,2026-08-05T05:50:09.118520+00:00,left_wrist_flex,2169,2173,4,34,0,28
21.783,2026-08-05T05:50:09.118520+00:00,left_wrist_roll,1989,1987,-2,34,1,1044
21.783,2026-08-05T05:50:09.118520+00:00,left_gripper,2014,2014,0,37,0,0
21.783,2026-08-05T05:50:09.118520+00:00,right_shoulder_pan,1777,1788,11,37,0,40
21.783,2026-08-05T05:50:09.118520+00:00,right_shoulder_lift,2039,2156,117,38,28,248
21.783,2026-08-05T05:50:09.118520+00:00,right_elbow_flex,2097,2137,40,38,4,94
21.783,2026-08-05T05:50:09.118520+00:00,right_wrist_flex,1976,1990,14,35,1,42
21.783,2026-08-05T05:50:09.118520+00:00,right_wrist_roll,2114,2111,-3,34,0,1044
21.783,2026-08-05T05:50:09.118520+00:00,right_gripper,2428,2442,14,38,2,42
21.833,2026-08-05T05:50:09.168793+00:00,left_shoulder_pan,1857,1851,-6,37,1,1060
21.833,2026-08-05T05:50:09.168793+00:00,left_shoulder_lift,2389,2406,17,37,4,80
21.833,2026-08-05T05:50:09.168793+00:00,left_elbow_flex,1629,1641,12,34,2,60
21.833,2026-08-05T05:50:09.168793+00:00,left_wrist_flex,2169,2173,4,34,0,28
21.833,2026-08-05T05:50:09.168793+00:00,left_wrist_roll,1989,1987,-2,34,0,1044
21.833,2026-08-05T05:50:09.168793+00:00,left_gripper,2014,2014,0,36,0,0
21.833,2026-08-05T05:50:09.168793+00:00,right_shoulder_pan,1776,1786,10,37,1,30
21.833,2026-08-05T05:50:09.168793+00:00,right_shoulder_lift,2041,2156,115,38,31,248
21.833,2026-08-05T05:50:09.168793+00:00,right_elbow_flex,2097,2137,40,38,4,94
21.833,2026-08-05T05:50:09.168793+00:00,right_wrist_flex,1976,1990,14,35,1,42
21.833,2026-08-05T05:50:09.168793+00:00,right_wrist_roll,2114,2111,-3,34,1,1044
21.833,2026-08-05T05:50:09.168793+00:00,right_gripper,2428,2442,14,38,1,42
21.883,2026-08-05T05:50:09.218666+00:00,left_shoulder_pan,1857,1851,-6,37,1,1060
21.883,2026-08-05T05:50:09.218666+00:00,left_shoulder_lift,2389,2406,17,37,4,80
21.883,2026-08-05T05:50:09.218666+00:00,left_elbow_flex,1629,1641,12,35,2,60
21.883,2026-08-05T05:50:09.218666+00:00,left_wrist_flex,2169,2173,4,34,0,28
21.883,2026-08-05T05:50:09.218666+00:00,left_wrist_roll,1989,1987,-2,34,0,1044
21.883,2026-08-05T05:50:09.218666+00:00,left_gripper,2014,2014,0,36,0,0
21.883,2026-08-05T05:50:09.218666+00:00,right_shoulder_pan,1775,1785,10,38,0,38
21.883,2026-08-05T05:50:09.218666+00:00,right_shoulder_lift,2044,2156,112,38,30,240
21.883,2026-08-05T05:50:09.218666+00:00,right_elbow_flex,2097,2137,40,38,5,94
21.883,2026-08-05T05:50:09.218666+00:00,right_wrist_flex,1976,1990,14,35,1,42
21.883,2026-08-05T05:50:09.218666+00:00,right_wrist_roll,2114,2111,-3,34,0,1044
21.883,2026-08-05T05:50:09.218666+00:00,right_gripper,2428,2442,14,38,2,42
21.933,2026-08-05T05:50:09.268914+00:00,left_shoulder_pan,1857,1851,-6,37,1,1060
21.933,2026-08-05T05:50:09.268914+00:00,left_shoulder_lift,2389,2406,17,37,4,80
21.933,2026-08-05T05:50:09.268914+00:00,left_elbow_flex,1629,1641,12,35,2,60
21.933,2026-08-05T05:50:09.268914+00:00,left_wrist_flex,2169,2173,4,34,0,28
21.933,2026-08-05T05:50:09.268914+00:00,left_wrist_roll,1989,1987,-2,34,0,1044
21.933,2026-08-05T05:50:09.268914+00:00,left_gripper,2014,2014,0,37,0,0
21.933,2026-08-05T05:50:09.268914+00:00,right_shoulder_pan,1774,1784,10,37,1,30
21.933,2026-08-05T05:50:09.268914+00:00,right_shoulder_lift,2046,2156,110,38,23,234
21.933,2026-08-05T05:50:09.268914+00:00,right_elbow_flex,2097,2137,40,38,5,94
21.933,2026-08-05T05:50:09.268914+00:00,right_wrist_flex,1976,1990,14,34,1,42
21.933,2026-08-05T05:50:09.268914+00:00,right_wrist_roll,2114,2111,-3,34,1,1044
21.933,2026-08-05T05:50:09.268914+00:00,right_gripper,2428,2442,14,38,1,42
21.984,2026-08-05T05:50:09.319272+00:00,left_shoulder_pan,1857,1851,-6,37,1,1060
21.984,2026-08-05T05:50:09.319272+00:00,left_shoulder_lift,2389,2406,17,37,5,80
21.984,2026-08-05T05:50:09.319272+00:00,left_elbow_flex,1629,1641,12,34,2,60
21.984,2026-08-05T05:50:09.319272+00:00,left_wrist_flex,2169,2173,4,34,1,28
21.984,2026-08-05T05:50:09.319272+00:00,left_wrist_roll,1989,1987,-2,34,0,1044
21.984,2026-08-05T05:50:09.319272+00:00,left_gripper,2014,2014,0,36,0,0
21.984,2026-08-05T05:50:09.319272+00:00,right_shoulder_pan,1774,1783,9,37,0,32
21.984,2026-08-05T05:50:09.319272+00:00,right_shoulder_lift,2048,2156,108,38,22,230
21.984,2026-08-05T05:50:09.319272+00:00,right_elbow_flex,2097,2137,40,38,4,94
21.984,2026-08-05T05:50:09.319272+00:00,right_wrist_flex,1976,1990,14,35,1,42
21.984,2026-08-05T05:50:09.319272+00:00,right_wrist_roll,2114,2111,-3,34,0,1044
21.984,2026-08-05T05:50:09.319272+00:00,right_gripper,2428,2442,14,38,2,42
22.034,2026-08-05T05:50:09.368857+00:00,left_shoulder_pan,1857,1851,-6,37,1,1060
22.034,2026-08-05T05:50:09.368857+00:00,left_shoulder_lift,2389,2406,17,37,5,80
22.034,2026-08-05T05:50:09.368857+00:00,left_elbow_flex,1629,1641,12,34,2,60
22.034,2026-08-05T05:50:09.368857+00:00,left_wrist_flex,2169,2173,4,34,1,28
22.034,2026-08-05T05:50:09.368857+00:00,left_wrist_roll,1989,1987,-2,34,0,1044
22.034,2026-08-05T05:50:09.368857+00:00,left_gripper,2014,2014,0,36,0,0
22.034,2026-08-05T05:50:09.368857+00:00,right_shoulder_pan,1774,1782,8,37,0,26
22.034,2026-08-05T05:50:09.368857+00:00,right_shoulder_lift,2051,2156,105,39,21,230
22.034,2026-08-05T05:50:09.368857+00:00,right_elbow_flex,2097,2137,40,38,4,94
22.034,2026-08-05T05:50:09.368857+00:00,right_wrist_flex,1976,1990,14,35,1,42
22.034,2026-08-05T05:50:09.368857+00:00,right_wrist_roll,2114,2111,-3,34,1,1044
22.034,2026-08-05T05:50:09.368857+00:00,right_gripper,2428,2442,14,38,2,42
22.084,2026-08-05T05:50:09.418978+00:00,left_shoulder_pan,1857,1851,-6,37,1,1060
22.084,2026-08-05T05:50:09.418978+00:00,left_shoulder_lift,2389,2406,17,37,4,80
22.084,2026-08-05T05:50:09.418978+00:00,left_elbow_flex,1629,1641,12,34,2,60
22.084,2026-08-05T05:50:09.418978+00:00,left_wrist_flex,2169,2173,4,34,1,28
22.084,2026-08-05T05:50:09.418978+00:00,left_wrist_roll,1989,1987,-2,33,0,1044
22.084,2026-08-05T05:50:09.418978+00:00,left_gripper,2014,2014,0,36,0,0
22.084,2026-08-05T05:50:09.418978+00:00,right_shoulder_pan,1774,1781,7,37,1,28
22.084,2026-08-05T05:50:09.418978+00:00,right_shoulder_lift,2053,2156,103,38,26,220
22.084,2026-08-05T05:50:09.418978+00:00,right_elbow_flex,2097,2137,40,38,5,94
22.084,2026-08-05T05:50:09.418978+00:00,right_wrist_flex,1976,1990,14,35,1,42
22.084,2026-08-05T05:50:09.418978+00:00,right_wrist_roll,2114,2111,-3,34,0,1044
22.084,2026-08-05T05:50:09.418978+00:00,right_gripper,2428,2442,14,38,2,42
22.134,2026-08-05T05:50:09.471814+00:00,left_shoulder_pan,1857,1851,-6,37,1,1060
22.134,2026-08-05T05:50:09.471814+00:00,left_shoulder_lift,2389,2406,17,37,4,80
22.134,2026-08-05T05:50:09.471814+00:00,left_elbow_flex,1629,1641,12,34,2,60
22.134,2026-08-05T05:50:09.471814+00:00,left_wrist_flex,2169,2173,4,34,0,28
22.134,2026-08-05T05:50:09.471814+00:00,left_wrist_roll,1989,1987,-2,34,0,1044
22.134,2026-08-05T05:50:09.471814+00:00,left_gripper,2014,2014,0,36,0,0
22.134,2026-08-05T05:50:09.471814+00:00,right_shoulder_pan,1775,1781,6,37,1,26
22.134,2026-08-05T05:50:09.471814+00:00,right_shoulder_lift,2055,2156,101,38,20,220
22.134,2026-08-05T05:50:09.471814+00:00,right_elbow_flex,2097,2137,40,37,4,94
22.134,2026-08-05T05:50:09.471814+00:00,right_wrist_flex,1976,1990,14,35,1,42
22.134,2026-08-05T05:50:09.471814+00:00,right_wrist_roll,2114,2111,-3,34,1,1044
22.134,2026-08-05T05:50:09.471814+00:00,right_gripper,2428,2442,14,38,1,42
22.184,2026-08-05T05:50:09.519351+00:00,left_shoulder_pan,1857,1851,-6,37,1,1060
22.184,2026-08-05T05:50:09.519351+00:00,left_shoulder_lift,2389,2406,17,37,5,80
22.184,2026-08-05T05:50:09.519351+00:00,left_elbow_flex,1629,1641,12,34,2,60
22.184,2026-08-05T05:50:09.519351+00:00,left_wrist_flex,2169,2173,4,34,1,28
22.184,2026-08-05T05:50:09.519351+00:00,left_wrist_roll,1989,1987,-2,34,0,1044
22.184,2026-08-05T05:50:09.519351+00:00,left_gripper,2014,2014,0,36,0,0
22.184,2026-08-05T05:50:09.519351+00:00,right_shoulder_pan,1776,1780,4,37,1,24
22.184,2026-08-05T05:50:09.519351+00:00,right_shoulder_lift,2058,2156,98,38,18,212
22.184,2026-08-05T05:50:09.519351+00:00,right_elbow_flex,2097,2137,40,37,5,94
22.184,2026-08-05T05:50:09.519351+00:00,right_wrist_flex,1976,1990,14,35,1,42
22.184,2026-08-05T05:50:09.519351+00:00,right_wrist_roll,2114,2111,-3,34,0,1044
22.184,2026-08-05T05:50:09.519351+00:00,right_gripper,2428,2442,14,38,2,42
22.234,2026-08-05T05:50:09.569184+00:00,left_shoulder_pan,1857,1851,-6,37,1,1060
22.234,2026-08-05T05:50:09.569184+00:00,left_shoulder_lift,2389,2406,17,37,4,80
22.234,2026-08-05T05:50:09.569184+00:00,left_elbow_flex,1629,1641,12,34,3,60
22.234,2026-08-05T05:50:09.569184+00:00,left_wrist_flex,2169,2173,4,34,0,28
22.234,2026-08-05T05:50:09.569184+00:00,left_wrist_roll,1989,1987,-2,34,0,1044
22.234,2026-08-05T05:50:09.569184+00:00,left_gripper,2014,2014,0,37,0,0
22.234,2026-08-05T05:50:09.569184+00:00,right_shoulder_pan,1777,1780,3,37,0,22
22.234,2026-08-05T05:50:09.569184+00:00,right_shoulder_lift,2060,2156,96,38,23,206
22.234,2026-08-05T05:50:09.569184+00:00,right_elbow_flex,2097,2137,40,38,4,94
22.234,2026-08-05T05:50:09.569184+00:00,right_wrist_flex,1976,1990,14,35,2,42
22.234,2026-08-05T05:50:09.569184+00:00,right_wrist_roll,2114,2111,-3,34,0,1044
22.234,2026-08-05T05:50:09.569184+00:00,right_gripper,2428,2442,14,38,1,42
22.284,2026-08-05T05:50:09.619489+00:00,left_shoulder_pan,1857,1851,-6,37,1,1060
22.284,2026-08-05T05:50:09.619489+00:00,left_shoulder_lift,2389,2406,17,37,4,80
22.284,2026-08-05T05:50:09.619489+00:00,left_elbow_flex,1629,1641,12,34,3,60
22.284,2026-08-05T05:50:09.619489+00:00,left_wrist_flex,2169,2173,4,34,0,28
22.284,2026-08-05T05:50:09.619489+00:00,left_wrist_roll,1989,1987,-2,34,0,1044
22.284,2026-08-05T05:50:09.619489+00:00,left_gripper,2014,2014,0,37,0,0
22.284,2026-08-05T05:50:09.619489+00:00,right_shoulder_pan,1779,1780,1,37,0,20
22.284,2026-08-05T05:50:09.619489+00:00,right_shoulder_lift,2062,2156,94,38,17,202
22.284,2026-08-05T05:50:09.619489+00:00,right_elbow_flex,2097,2137,40,38,4,94
22.284,2026-08-05T05:50:09.619489+00:00,right_wrist_flex,1976,1990,14,35,1,42
22.284,2026-08-05T05:50:09.619489+00:00,right_wrist_roll,2114,2111,-3,34,1,1044
22.284,2026-08-05T05:50:09.619489+00:00,right_gripper,2428,2442,14,38,2,42
22.334,2026-08-05T05:50:09.669321+00:00,left_shoulder_pan,1857,1851,-6,37,1,1060
22.334,2026-08-05T05:50:09.669321+00:00,left_shoulder_lift,2389,2406,17,37,4,80
22.334,2026-08-05T05:50:09.669321+00:00,left_elbow_flex,1629,1641,12,34,2,60
22.334,2026-08-05T05:50:09.669321+00:00,left_wrist_flex,2169,2173,4,34,1,28
22.334,2026-08-05T05:50:09.669321+00:00,left_wrist_roll,1989,1987,-2,34,0,1044
22.334,2026-08-05T05:50:09.669321+00:00,left_gripper,2014,2014,0,36,0,0
22.334,2026-08-05T05:50:09.669321+00:00,right_shoulder_pan,1781,1780,-1,37,0,1042
22.334,2026-08-05T05:50:09.669321+00:00,right_shoulder_lift,2065,2156,91,38,17,202
22.334,2026-08-05T05:50:09.669321+00:00,right_elbow_flex,2097,2137,40,37,4,94
22.334,2026-08-05T05:50:09.669321+00:00,right_wrist_flex,1976,1990,14,35,1,42
22.334,2026-08-05T05:50:09.669321+00:00,right_wrist_roll,2114,2111,-3,34,0,1044
22.334,2026-08-05T05:50:09.669321+00:00,right_gripper,2428,2442,14,38,2,42
22.384,2026-08-05T05:50:09.719741+00:00,left_shoulder_pan,1857,1851,-6,37,1,1060
22.384,2026-08-05T05:50:09.719741+00:00,left_shoulder_lift,2389,2406,17,37,5,80
22.384,2026-08-05T05:50:09.719741+00:00,left_elbow_flex,1629,1641,12,34,2,60
22.384,2026-08-05T05:50:09.719741+00:00,left_wrist_flex,2169,2173,4,34,0,28
22.384,2026-08-05T05:50:09.719741+00:00,left_wrist_roll,1989,1987,-2,34,0,1044
22.384,2026-08-05T05:50:09.719741+00:00,left_gripper,2014,2014,0,36,0,0
22.384,2026-08-05T05:50:09.719741+00:00,right_shoulder_pan,1783,1781,-2,37,0,0
22.384,2026-08-05T05:50:09.719741+00:00,right_shoulder_lift,2067,2156,89,38,14,188
22.384,2026-08-05T05:50:09.719741+00:00,right_elbow_flex,2097,2137,40,38,5,94
22.384,2026-08-05T05:50:09.719741+00:00,right_wrist_flex,1976,1990,14,35,1,42
22.384,2026-08-05T05:50:09.719741+00:00,right_wrist_roll,2114,2111,-3,34,0,1044
22.384,2026-08-05T05:50:09.719741+00:00,right_gripper,2428,2442,14,38,2,42
22.434,2026-08-05T05:50:09.769467+00:00,left_shoulder_pan,1857,1851,-6,37,1,1060
22.434,2026-08-05T05:50:09.769467+00:00,left_shoulder_lift,2389,2406,17,37,5,80
22.434,2026-08-05T05:50:09.769467+00:00,left_elbow_flex,1629,1641,12,34,2,60
22.434,2026-08-05T05:50:09.769467+00:00,left_wrist_flex,2169,2173,4,34,0,28
22.434,2026-08-05T05:50:09.769467+00:00,left_wrist_roll,1989,1987,-2,34,0,1044
22.434,2026-08-05T05:50:09.769467+00:00,left_gripper,2014,2014,0,36,0,0
22.434,2026-08-05T05:50:09.769467+00:00,right_shoulder_pan,1786,1781,-5,37,0,1046
22.434,2026-08-05T05:50:09.769467+00:00,right_shoulder_lift,2069,2156,87,38,17,192
22.434,2026-08-05T05:50:09.769467+00:00,right_elbow_flex,2097,2137,40,38,4,94
22.434,2026-08-05T05:50:09.769467+00:00,right_wrist_flex,1976,1990,14,35,1,42
22.434,2026-08-05T05:50:09.769467+00:00,right_wrist_roll,2114,2111,-3,34,0,1044
22.434,2026-08-05T05:50:09.769467+00:00,right_gripper,2428,2442,14,38,2,42
22.484,2026-08-05T05:50:09.819660+00:00,left_shoulder_pan,1857,1851,-6,37,1,1060
22.484,2026-08-05T05:50:09.819660+00:00,left_shoulder_lift,2389,2406,17,37,4,80
22.484,2026-08-05T05:50:09.819660+00:00,left_elbow_flex,1629,1641,12,34,2,60
22.484,2026-08-05T05:50:09.819660+00:00,left_wrist_flex,2169,2173,4,34,0,28
22.484,2026-08-05T05:50:09.819660+00:00,left_wrist_roll,1989,1987,-2,34,0,1044
22.484,2026-08-05T05:50:09.819660+00:00,left_gripper,2014,2014,0,36,0,0
22.484,2026-08-05T05:50:09.819660+00:00,right_shoulder_pan,1788,1781,-7,37,1,1052
22.484,2026-08-05T05:50:09.819660+00:00,right_shoulder_lift,2071,2156,85,38,14,184
22.484,2026-08-05T05:50:09.819660+00:00,right_elbow_flex,2097,2137,40,38,4,94
22.484,2026-08-05T05:50:09.819660+00:00,right_wrist_flex,1976,1990,14,35,1,42
22.484,2026-08-05T05:50:09.819660+00:00,right_wrist_roll,2114,2111,-3,34,0,1044
22.484,2026-08-05T05:50:09.819660+00:00,right_gripper,2428,2442,14,38,2,42
22.534,2026-08-05T05:50:09.869659+00:00,left_shoulder_pan,1857,1851,-6,37,1,1060
22.534,2026-08-05T05:50:09.869659+00:00,left_shoulder_lift,2389,2406,17,36,5,80
22.534,2026-08-05T05:50:09.869659+00:00,left_elbow_flex,1629,1641,12,34,2,60
22.534,2026-08-05T05:50:09.869659+00:00,left_wrist_flex,2169,2173,4,34,0,28
22.534,2026-08-05T05:50:09.869659+00:00,left_wrist_roll,1989,1987,-2,34,0,1044
22.534,2026-08-05T05:50:09.869659+00:00,left_gripper,2014,2014,0,37,0,0
22.534,2026-08-05T05:50:09.869659+00:00,right_shoulder_pan,1791,1781,-10,37,1,1056
22.534,2026-08-05T05:50:09.869659+00:00,right_shoulder_lift,2073,2156,83,38,16,184
22.534,2026-08-05T05:50:09.869659+00:00,right_elbow_flex,2097,2137,40,38,4,94
22.534,2026-08-05T05:50:09.869659+00:00,right_wrist_flex,1976,1990,14,35,0,42
22.534,2026-08-05T05:50:09.869659+00:00,right_wrist_roll,2114,2111,-3,34,0,1044
22.534,2026-08-05T05:50:09.869659+00:00,right_gripper,2428,2442,14,38,2,42
22.584,2026-08-05T05:50:09.919933+00:00,left_shoulder_pan,1857,1851,-6,37,1,1060
22.584,2026-08-05T05:50:09.919933+00:00,left_shoulder_lift,2389,2406,17,37,4,80
22.584,2026-08-05T05:50:09.919933+00:00,left_elbow_flex,1629,1641,12,34,2,60
22.584,2026-08-05T05:50:09.919933+00:00,left_wrist_flex,2169,2173,4,34,1,28
22.584,2026-08-05T05:50:09.919933+00:00,left_wrist_roll,1989,1987,-2,34,0,1044
22.584,2026-08-05T05:50:09.919933+00:00,left_gripper,2014,2014,0,36,0,0
22.584,2026-08-05T05:50:09.919933+00:00,right_shoulder_pan,1795,1781,-14,37,1,1062
22.584,2026-08-05T05:50:09.919933+00:00,right_shoulder_lift,2076,2156,80,38,17,176
22.584,2026-08-05T05:50:09.919933+00:00,right_elbow_flex,2097,2137,40,38,5,94
22.584,2026-08-05T05:50:09.919933+00:00,right_wrist_flex,1976,1990,14,35,1,42
22.584,2026-08-05T05:50:09.919933+00:00,right_wrist_roll,2114,2111,-3,34,0,1044
22.584,2026-08-05T05:50:09.919933+00:00,right_gripper,2428,2442,14,38,2,42
22.635,2026-08-05T05:50:09.969754+00:00,left_shoulder_pan,1857,1851,-6,37,1,1060
22.635,2026-08-05T05:50:09.969754+00:00,left_shoulder_lift,2389,2406,17,37,4,80
22.635,2026-08-05T05:50:09.969754+00:00,left_elbow_flex,1629,1641,12,34,2,60
22.635,2026-08-05T05:50:09.969754+00:00,left_wrist_flex,2169,2173,4,34,0,28
22.635,2026-08-05T05:50:09.969754+00:00,left_wrist_roll,1989,1987,-2,34,0,1044
22.635,2026-08-05T05:50:09.969754+00:00,left_gripper,2014,2014,0,36,0,0
22.635,2026-08-05T05:50:09.969754+00:00,right_shoulder_pan,1798,1781,-17,37,1,1074
22.635,2026-08-05T05:50:09.969754+00:00,right_shoulder_lift,2078,2156,78,38,12,170
22.635,2026-08-05T05:50:09.969754+00:00,right_elbow_flex,2097,2137,40,37,4,94
22.635,2026-08-05T05:50:09.969754+00:00,right_wrist_flex,1976,1990,14,35,1,42
22.635,2026-08-05T05:50:09.969754+00:00,right_wrist_roll,2114,2111,-3,34,1,1044
22.635,2026-08-05T05:50:09.969754+00:00,right_gripper,2428,2442,14,38,2,42
22.685,2026-08-05T05:50:10.020110+00:00,left_shoulder_pan,1857,1851,-6,37,1,1060
22.685,2026-08-05T05:50:10.020110+00:00,left_shoulder_lift,2389,2406,17,37,5,80
22.685,2026-08-05T05:50:10.020110+00:00,left_elbow_flex,1629,1641,12,34,2,60
22.685,2026-08-05T05:50:10.020110+00:00,left_wrist_flex,2169,2173,4,34,0,28
22.685,2026-08-05T05:50:10.020110+00:00,left_wrist_roll,1989,1987,-2,34,0,1044
22.685,2026-08-05T05:50:10.020110+00:00,left_gripper,2014,2014,0,36,0,0
22.685,2026-08-05T05:50:10.020110+00:00,right_shoulder_pan,1802,1783,-19,37,0,1068
22.685,2026-08-05T05:50:10.020110+00:00,right_shoulder_lift,2080,2156,76,38,14,166
22.685,2026-08-05T05:50:10.020110+00:00,right_elbow_flex,2097,2137,40,38,5,94
22.685,2026-08-05T05:50:10.020110+00:00,right_wrist_flex,1976,1990,14,35,0,42
22.685,2026-08-05T05:50:10.020110+00:00,right_wrist_roll,2114,2111,-3,34,0,1044
22.685,2026-08-05T05:50:10.020110+00:00,right_gripper,2428,2442,14,38,2,42
22.735,2026-08-05T05:50:10.069924+00:00,left_shoulder_pan,1857,1851,-6,37,1,1060
22.735,2026-08-05T05:50:10.069924+00:00,left_shoulder_lift,2389,2406,17,37,5,80
22.735,2026-08-05T05:50:10.069924+00:00,left_elbow_flex,1629,1641,12,34,2,60
22.735,2026-08-05T05:50:10.069924+00:00,left_wrist_flex,2169,2173,4,34,0,28
22.735,2026-08-05T05:50:10.069924+00:00,left_wrist_roll,1989,1987,-2,34,0,1044
22.735,2026-08-05T05:50:10.069924+00:00,left_gripper,2014,2014,0,36,0,0
22.735,2026-08-05T05:50:10.069924+00:00,right_shoulder_pan,1806,1785,-21,37,2,1076
22.735,2026-08-05T05:50:10.069924+00:00,right_shoulder_lift,2082,2156,74,38,14,166
22.735,2026-08-05T05:50:10.069924+00:00,right_elbow_flex,2097,2137,40,37,4,94
22.735,2026-08-05T05:50:10.069924+00:00,right_wrist_flex,1976,1990,14,35,1,42
22.735,2026-08-05T05:50:10.069924+00:00,right_wrist_roll,2114,2111,-3,34,0,1044
22.735,2026-08-05T05:50:10.069924+00:00,right_gripper,2428,2442,14,38,2,42
22.785,2026-08-05T05:50:10.119997+00:00,left_shoulder_pan,1857,1851,-6,37,1,1060
22.785,2026-08-05T05:50:10.119997+00:00,left_shoulder_lift,2389,2406,17,37,4,80
22.785,2026-08-05T05:50:10.119997+00:00,left_elbow_flex,1629,1641,12,34,2,60
22.785,2026-08-05T05:50:10.119997+00:00,left_wrist_flex,2169,2173,4,34,0,28
22.785,2026-08-05T05:50:10.119997+00:00,left_wrist_roll,1989,1987,-2,34,1,1044
22.785,2026-08-05T05:50:10.119997+00:00,left_gripper,2014,2014,0,36,0,0
22.785,2026-08-05T05:50:10.119997+00:00,right_shoulder_pan,1811,1788,-23,37,1,1076
22.785,2026-08-05T05:50:10.119997+00:00,right_shoulder_lift,2084,2156,72,38,12,158
22.785,2026-08-05T05:50:10.119997+00:00,right_elbow_flex,2097,2137,40,38,4,94
22.785,2026-08-05T05:50:10.119997+00:00,right_wrist_flex,1976,1990,14,35,1,42
22.785,2026-08-05T05:50:10.119997+00:00,right_wrist_roll,2114,2111,-3,34,0,1044
22.785,2026-08-05T05:50:10.119997+00:00,right_gripper,2428,2442,14,38,1,42
22.835,2026-08-05T05:50:10.170290+00:00,left_shoulder_pan,1857,1851,-6,37,1,1060
22.835,2026-08-05T05:50:10.170290+00:00,left_shoulder_lift,2389,2406,17,37,5,80
22.835,2026-08-05T05:50:10.170290+00:00,left_elbow_flex,1629,1641,12,34,1,60
22.835,2026-08-05T05:50:10.170290+00:00,left_wrist_flex,2169,2173,4,34,0,28
22.835,2026-08-05T05:50:10.170290+00:00,left_wrist_roll,1989,1987,-2,34,0,1044
22.835,2026-08-05T05:50:10.170290+00:00,left_gripper,2014,2014,0,36,0,0
22.835,2026-08-05T05:50:10.170290+00:00,right_shoulder_pan,1815,1792,-23,37,1,1080
22.835,2026-08-05T05:50:10.170290+00:00,right_shoulder_lift,2086,2156,70,38,10,158
22.835,2026-08-05T05:50:10.170290+00:00,right_elbow_flex,2097,2137,40,38,5,94
22.835,2026-08-05T05:50:10.170290+00:00,right_wrist_flex,1976,1990,14,35,1,42
22.835,2026-08-05T05:50:10.170290+00:00,right_wrist_roll,2114,2111,-3,34,0,1044
22.835,2026-08-05T05:50:10.170290+00:00,right_gripper,2428,2442,14,38,1,42
22.885,2026-08-05T05:50:10.220156+00:00,left_shoulder_pan,1857,1851,-6,37,1,1060
22.885,2026-08-05T05:50:10.220156+00:00,left_shoulder_lift,2389,2406,17,37,5,80
22.885,2026-08-05T05:50:10.220156+00:00,left_elbow_flex,1629,1641,12,34,2,60
22.885,2026-08-05T05:50:10.220156+00:00,left_wrist_flex,2169,2173,4,34,0,28
22.885,2026-08-05T05:50:10.220156+00:00,left_wrist_roll,1989,1987,-2,34,1,1044
22.885,2026-08-05T05:50:10.220156+00:00,left_gripper,2014,2014,0,36,0,0
22.885,2026-08-05T05:50:10.220156+00:00,right_shoulder_pan,1820,1796,-24,37,1,1070
22.885,2026-08-05T05:50:10.220156+00:00,right_shoulder_lift,2087,2156,69,38,11,150
22.885,2026-08-05T05:50:10.220156+00:00,right_elbow_flex,2097,2137,40,37,5,94
22.885,2026-08-05T05:50:10.220156+00:00,right_wrist_flex,1976,1990,14,35,1,42
22.885,2026-08-05T05:50:10.220156+00:00,right_wrist_roll,2114,2111,-3,34,0,1044
22.885,2026-08-05T05:50:10.220156+00:00,right_gripper,2428,2442,14,38,1,42
22.935,2026-08-05T05:50:10.270244+00:00,left_shoulder_pan,1857,1851,-6,37,1,1060
22.935,2026-08-05T05:50:10.270244+00:00,left_shoulder_lift,2389,2406,17,37,4,80
22.935,2026-08-05T05:50:10.270244+00:00,left_elbow_flex,1629,1641,12,34,2,60
22.935,2026-08-05T05:50:10.270244+00:00,left_wrist_flex,2169,2173,4,34,0,28
22.935,2026-08-05T05:50:10.270244+00:00,left_wrist_roll,1989,1987,-2,34,0,1044
22.935,2026-08-05T05:50:10.270244+00:00,left_gripper,2014,2014,0,36,0,0
22.935,2026-08-05T05:50:10.270244+00:00,right_shoulder_pan,1826,1800,-26,37,1,1076
22.935,2026-08-05T05:50:10.270244+00:00,right_shoulder_lift,2089,2156,67,38,9,152
22.935,2026-08-05T05:50:10.270244+00:00,right_elbow_flex,2097,2137,40,38,4,94
22.935,2026-08-05T05:50:10.270244+00:00,right_wrist_flex,1976,1990,14,35,1,42
22.935,2026-08-05T05:50:10.270244+00:00,right_wrist_roll,2114,2111,-3,34,0,1044
22.935,2026-08-05T05:50:10.270244+00:00,right_gripper,2428,2442,14,38,1,42
22.985,2026-08-05T05:50:10.320526+00:00,left_shoulder_pan,1857,1851,-6,37,1,1060
22.985,2026-08-05T05:50:10.320526+00:00,left_shoulder_lift,2389,2406,17,37,5,80
22.985,2026-08-05T05:50:10.320526+00:00,left_elbow_flex,1629,1641,12,34,2,60
22.985,2026-08-05T05:50:10.320526+00:00,left_wrist_flex,2169,2173,4,34,0,28
22.985,2026-08-05T05:50:10.320526+00:00,left_wrist_roll,1989,1987,-2,34,0,1044
22.985,2026-08-05T05:50:10.320526+00:00,left_gripper,2014,2014,0,36,0,0
22.985,2026-08-05T05:50:10.320526+00:00,right_shoulder_pan,1831,1805,-26,37,1,1076
22.985,2026-08-05T05:50:10.320526+00:00,right_shoulder_lift,2091,2156,65,38,8,144
22.985,2026-08-05T05:50:10.320526+00:00,right_elbow_flex,2097,2137,40,38,5,94
22.985,2026-08-05T05:50:10.320526+00:00,right_wrist_flex,1976,1990,14,34,1,42
22.985,2026-08-05T05:50:10.320526+00:00,right_wrist_roll,2114,2111,-3,34,0,1044
22.985,2026-08-05T05:50:10.320526+00:00,right_gripper,2428,2442,14,38,1,42
23.035,2026-08-05T05:50:10.370300+00:00,left_shoulder_pan,1857,1851,-6,37,1,1060
23.035,2026-08-05T05:50:10.370300+00:00,left_shoulder_lift,2389,2406,17,37,4,80
23.035,2026-08-05T05:50:10.370300+00:00,left_elbow_flex,1629,1641,12,34,2,60
23.035,2026-08-05T05:50:10.370300+00:00,left_wrist_flex,2169,2173,4,34,0,28
23.035,2026-08-05T05:50:10.370300+00:00,left_wrist_roll,1989,1987,-2,34,0,1044
23.035,2026-08-05T05:50:10.370300+00:00,left_gripper,2014,2014,0,36,0,0
23.035,2026-08-05T05:50:10.370300+00:00,right_shoulder_pan,1837,1810,-27,37,1,1078
23.035,2026-08-05T05:50:10.370300+00:00,right_shoulder_lift,2093,2156,63,38,8,140
23.035,2026-08-05T05:50:10.370300+00:00,right_elbow_flex,2097,2137,40,37,4,94
23.035,2026-08-05T05:50:10.370300+00:00,right_wrist_flex,1976,1990,14,35,1,42
23.035,2026-08-05T05:50:10.370300+00:00,right_wrist_roll,2114,2111,-3,34,0,1044
23.035,2026-08-05T05:50:10.370300+00:00,right_gripper,2428,2442,14,38,2,42
23.085,2026-08-05T05:50:10.420399+00:00,left_shoulder_pan,1857,1851,-6,37,1,1060
23.085,2026-08-05T05:50:10.420399+00:00,left_shoulder_lift,2389,2406,17,37,4,80
23.085,2026-08-05T05:50:10.420399+00:00,left_elbow_flex,1629,1641,12,34,2,60
23.085,2026-08-05T05:50:10.420399+00:00,left_wrist_flex,2169,2173,4,34,1,28
23.085,2026-08-05T05:50:10.420399+00:00,left_wrist_roll,1989,1987,-2,34,0,1044
23.085,2026-08-05T05:50:10.420399+00:00,left_gripper,2014,2014,0,36,0,0
23.085,2026-08-05T05:50:10.420399+00:00,right_shoulder_pan,1842,1815,-27,37,1,1084
23.085,2026-08-05T05:50:10.420399+00:00,right_shoulder_lift,2094,2156,62,38,9,136
23.085,2026-08-05T05:50:10.420399+00:00,right_elbow_flex,2097,2137,40,37,4,94
23.085,2026-08-05T05:50:10.420399+00:00,right_wrist_flex,1976,1990,14,35,1,42
23.085,2026-08-05T05:50:10.420399+00:00,right_wrist_roll,2114,2111,-3,34,0,1044
23.085,2026-08-05T05:50:10.420399+00:00,right_gripper,2428,2442,14,38,1,42
23.135,2026-08-05T05:50:10.472086+00:00,left_shoulder_pan,1857,1851,-6,37,0,1060
23.135,2026-08-05T05:50:10.472086+00:00,left_shoulder_lift,2389,2406,17,37,4,80
23.135,2026-08-05T05:50:10.472086+00:00,left_elbow_flex,1629,1641,12,34,2,60
23.135,2026-08-05T05:50:10.472086+00:00,left_wrist_flex,2169,2173,4,34,0,28
23.135,2026-08-05T05:50:10.472086+00:00,left_wrist_roll,1989,1987,-2,34,0,1044
23.135,2026-08-05T05:50:10.472086+00:00,left_gripper,2014,2014,0,37,0,0
23.135,2026-08-05T05:50:10.472086+00:00,right_shoulder_pan,1848,1821,-27,37,1,1078
23.135,2026-08-05T05:50:10.472086+00:00,right_shoulder_lift,2096,2156,60,38,8,138
23.135,2026-08-05T05:50:10.472086+00:00,right_elbow_flex,2097,2137,40,37,4,94
23.135,2026-08-05T05:50:10.472086+00:00,right_wrist_flex,1976,1990,14,35,1,42
23.135,2026-08-05T05:50:10.472086+00:00,right_wrist_roll,2114,2111,-3,34,0,1044
23.135,2026-08-05T05:50:10.472086+00:00,right_gripper,2428,2442,14,38,1,42
23.185,2026-08-05T05:50:10.521576+00:00,left_shoulder_pan,1857,1851,-6,37,1,1060
23.185,2026-08-05T05:50:10.521576+00:00,left_shoulder_lift,2389,2406,17,37,4,80
23.185,2026-08-05T05:50:10.521576+00:00,left_elbow_flex,1629,1641,12,34,2,60
23.185,2026-08-05T05:50:10.521576+00:00,left_wrist_flex,2169,2173,4,34,0,28
23.185,2026-08-05T05:50:10.521576+00:00,left_wrist_roll,1989,1987,-2,34,0,1044
23.185,2026-08-05T05:50:10.521576+00:00,left_gripper,2014,2014,0,37,0,0
23.185,2026-08-05T05:50:10.521576+00:00,right_shoulder_pan,1855,1827,-28,37,1,1076
23.185,2026-08-05T05:50:10.521576+00:00,right_shoulder_lift,2097,2156,59,38,7,130
23.185,2026-08-05T05:50:10.521576+00:00,right_elbow_flex,2097,2137,40,38,4,94
23.185,2026-08-05T05:50:10.521576+00:00,right_wrist_flex,1976,1990,14,35,0,42
23.185,2026-08-05T05:50:10.521576+00:00,right_wrist_roll,2114,2111,-3,34,0,1044
23.185,2026-08-05T05:50:10.521576+00:00,right_gripper,2428,2442,14,38,2,42
23.235,2026-08-05T05:50:10.571266+00:00,left_shoulder_pan,1857,1851,-6,37,0,1060
23.235,2026-08-05T05:50:10.571266+00:00,left_shoulder_lift,2389,2406,17,37,4,80
23.235,2026-08-05T05:50:10.571266+00:00,left_elbow_flex,1629,1641,12,34,2,60
23.235,2026-08-05T05:50:10.571266+00:00,left_wrist_flex,2169,2173,4,34,0,28
23.235,2026-08-05T05:50:10.571266+00:00,left_wrist_roll,1989,1987,-2,34,1,1044
23.235,2026-08-05T05:50:10.571266+00:00,left_gripper,2014,2014,0,37,0,0
23.235,2026-08-05T05:50:10.571266+00:00,right_shoulder_pan,1861,1833,-28,37,1,1080
23.235,2026-08-05T05:50:10.571266+00:00,right_shoulder_lift,2099,2156,57,38,9,132
23.235,2026-08-05T05:50:10.571266+00:00,right_elbow_flex,2097,2137,40,38,4,94
23.235,2026-08-05T05:50:10.571266+00:00,right_wrist_flex,1976,1990,14,35,1,42
23.235,2026-08-05T05:50:10.571266+00:00,right_wrist_roll,2114,2111,-3,34,0,1044
23.235,2026-08-05T05:50:10.571266+00:00,right_gripper,2428,2442,14,38,2,42
23.285,2026-08-05T05:50:10.620684+00:00,left_shoulder_pan,1857,1851,-6,37,1,1060
23.285,2026-08-05T05:50:10.620684+00:00,left_shoulder_lift,2389,2406,17,37,4,80
23.285,2026-08-05T05:50:10.620684+00:00,left_elbow_flex,1629,1641,12,34,3,60
23.285,2026-08-05T05:50:10.620684+00:00,left_wrist_flex,2169,2173,4,34,1,28
23.285,2026-08-05T05:50:10.620684+00:00,left_wrist_roll,1989,1987,-2,34,0,1044
23.285,2026-08-05T05:50:10.620684+00:00,left_gripper,2014,2014,0,36,0,0
23.285,2026-08-05T05:50:10.620684+00:00,right_shoulder_pan,1868,1839,-29,37,1,1080
23.285,2026-08-05T05:50:10.620684+00:00,right_shoulder_lift,2100,2156,56,38,7,124
23.285,2026-08-05T05:50:10.620684+00:00,right_elbow_flex,2097,2137,40,38,4,94
23.285,2026-08-05T05:50:10.620684+00:00,right_wrist_flex,1976,1990,14,35,1,42
23.285,2026-08-05T05:50:10.620684+00:00,right_wrist_roll,2114,2111,-3,34,0,1044
23.285,2026-08-05T05:50:10.620684+00:00,right_gripper,2428,2442,14,38,2,42
23.335,2026-08-05T05:50:10.670765+00:00,left_shoulder_pan,1857,1851,-6,37,1,1060
23.335,2026-08-05T05:50:10.670765+00:00,left_shoulder_lift,2389,2406,17,37,5,80
23.335,2026-08-05T05:50:10.670765+00:00,left_elbow_flex,1629,1641,12,34,2,60
23.335,2026-08-05T05:50:10.670765+00:00,left_wrist_flex,2169,2173,4,34,0,28
23.335,2026-08-05T05:50:10.670765+00:00,left_wrist_roll,1989,1987,-2,34,1,1044
23.335,2026-08-05T05:50:10.670765+00:00,left_gripper,2014,2014,0,36,0,0
23.335,2026-08-05T05:50:10.670765+00:00,right_shoulder_pan,1874,1845,-29,37,1,1080
23.335,2026-08-05T05:50:10.670765+00:00,right_shoulder_lift,2101,2156,55,38,10,126
23.335,2026-08-05T05:50:10.670765+00:00,right_elbow_flex,2097,2137,40,38,4,94
23.335,2026-08-05T05:50:10.670765+00:00,right_wrist_flex,1976,1990,14,35,1,42
23.335,2026-08-05T05:50:10.670765+00:00,right_wrist_roll,2114,2111,-3,34,0,1044
23.335,2026-08-05T05:50:10.670765+00:00,right_gripper,2428,2442,14,38,2,42
23.386,2026-08-05T05:50:10.720810+00:00,left_shoulder_pan,1857,1851,-6,37,1,1060
23.386,2026-08-05T05:50:10.720810+00:00,left_shoulder_lift,2389,2406,17,37,4,80
23.386,2026-08-05T05:50:10.720810+00:00,left_elbow_flex,1629,1641,12,34,2,60
23.386,2026-08-05T05:50:10.720810+00:00,left_wrist_flex,2169,2173,4,34,0,28
23.386,2026-08-05T05:50:10.720810+00:00,left_wrist_roll,1989,1987,-2,34,0,1044
23.386,2026-08-05T05:50:10.720810+00:00,left_gripper,2014,2014,0,36,0,0
23.386,2026-08-05T05:50:10.720810+00:00,right_shoulder_pan,1881,1851,-30,37,0,1076
23.386,2026-08-05T05:50:10.720810+00:00,right_shoulder_lift,2102,2156,54,38,8,124
23.386,2026-08-05T05:50:10.720810+00:00,right_elbow_flex,2097,2137,40,37,5,94
23.386,2026-08-05T05:50:10.720810+00:00,right_wrist_flex,1976,1990,14,35,0,42
23.386,2026-08-05T05:50:10.720810+00:00,right_wrist_roll,2114,2111,-3,34,0,1044
23.386,2026-08-05T05:50:10.720810+00:00,right_gripper,2428,2442,14,38,1,42
23.436,2026-08-05T05:50:10.770947+00:00,left_shoulder_pan,1857,1851,-6,37,1,1060
23.436,2026-08-05T05:50:10.770947+00:00,left_shoulder_lift,2389,2406,17,37,5,80
23.436,2026-08-05T05:50:10.770947+00:00,left_elbow_flex,1629,1641,12,34,2,60
23.436,2026-08-05T05:50:10.770947+00:00,left_wrist_flex,2169,2173,4,34,1,28
23.436,2026-08-05T05:50:10.770947+00:00,left_wrist_roll,1989,1987,-2,34,0,1044
23.436,2026-08-05T05:50:10.770947+00:00,left_gripper,2014,2014,0,36,0,0
23.436,2026-08-05T05:50:10.770947+00:00,right_shoulder_pan,1888,1857,-31,37,1,1082
23.436,2026-08-05T05:50:10.770947+00:00,right_shoulder_lift,2103,2156,53,38,10,122
23.436,2026-08-05T05:50:10.770947+00:00,right_elbow_flex,2097,2137,40,38,5,94
23.436,2026-08-05T05:50:10.770947+00:00,right_wrist_flex,1976,1990,14,35,1,42
23.436,2026-08-05T05:50:10.770947+00:00,right_wrist_roll,2114,2111,-3,34,1,1044
23.436,2026-08-05T05:50:10.770947+00:00,right_gripper,2428,2442,14,38,2,42
23.486,2026-08-05T05:50:10.820931+00:00,left_shoulder_pan,1857,1851,-6,37,1,1060
23.486,2026-08-05T05:50:10.820931+00:00,left_shoulder_lift,2389,2406,17,37,4,80
23.486,2026-08-05T05:50:10.820931+00:00,left_elbow_flex,1629,1641,12,34,2,60
23.486,2026-08-05T05:50:10.820931+00:00,left_wrist_flex,2169,2173,4,34,1,28
23.486,2026-08-05T05:50:10.820931+00:00,left_wrist_roll,1989,1987,-2,34,1,1044
23.486,2026-08-05T05:50:10.820931+00:00,left_gripper,2014,2014,0,36,0,0
23.486,2026-08-05T05:50:10.820931+00:00,right_shoulder_pan,1895,1864,-31,37,2,1086
23.486,2026-08-05T05:50:10.820931+00:00,right_shoulder_lift,2104,2156,52,38,9,120
23.486,2026-08-05T05:50:10.820931+00:00,right_elbow_flex,2097,2137,40,38,4,94
23.486,2026-08-05T05:50:10.820931+00:00,right_wrist_flex,1976,1990,14,35,1,42
23.486,2026-08-05T05:50:10.820931+00:00,right_wrist_roll,2114,2111,-3,34,0,1044
23.486,2026-08-05T05:50:10.820931+00:00,right_gripper,2428,2442,14,38,2,42
23.536,2026-08-05T05:50:10.871024+00:00,left_shoulder_pan,1857,1851,-6,37,1,1060
23.536,2026-08-05T05:50:10.871024+00:00,left_shoulder_lift,2389,2406,17,37,4,80
23.536,2026-08-05T05:50:10.871024+00:00,left_elbow_flex,1629,1641,12,34,2,60
23.536,2026-08-05T05:50:10.871024+00:00,left_wrist_flex,2169,2173,4,34,0,28
23.536,2026-08-05T05:50:10.871024+00:00,left_wrist_roll,1989,1987,-2,34,0,1044
23.536,2026-08-05T05:50:10.871024+00:00,left_gripper,2014,2014,0,37,0,0
23.536,2026-08-05T05:50:10.871024+00:00,right_shoulder_pan,1903,1871,-32,37,1,1084
23.536,2026-08-05T05:50:10.871024+00:00,right_shoulder_lift,2105,2156,51,38,7,118
23.536,2026-08-05T05:50:10.871024+00:00,right_elbow_flex,2097,2137,40,38,4,94
23.536,2026-08-05T05:50:10.871024+00:00,right_wrist_flex,1976,1990,14,35,0,42
23.536,2026-08-05T05:50:10.871024+00:00,right_wrist_roll,2114,2111,-3,34,1,1044
23.536,2026-08-05T05:50:10.871024+00:00,right_gripper,2428,2442,14,38,2,42
23.586,2026-08-05T05:50:10.921125+00:00,left_shoulder_pan,1857,1851,-6,37,1,1060
23.586,2026-08-05T05:50:10.921125+00:00,left_shoulder_lift,2389,2406,17,37,5,80
23.586,2026-08-05T05:50:10.921125+00:00,left_elbow_flex,1629,1641,12,34,2,60
23.586,2026-08-05T05:50:10.921125+00:00,left_wrist_flex,2169,2173,4,34,0,28
23.586,2026-08-05T05:50:10.921125+00:00,left_wrist_roll,1989,1987,-2,34,0,1044
23.586,2026-08-05T05:50:10.921125+00:00,left_gripper,2014,2014,0,36,0,0
23.586,2026-08-05T05:50:10.921125+00:00,right_shoulder_pan,1910,1877,-33,37,1,1090
23.586,2026-08-05T05:50:10.921125+00:00,right_shoulder_lift,2106,2156,50,39,8,116
23.586,2026-08-05T05:50:10.921125+00:00,right_elbow_flex,2097,2137,40,38,4,94
23.586,2026-08-05T05:50:10.921125+00:00,right_wrist_flex,1976,1990,14,35,1,42
23.586,2026-08-05T05:50:10.921125+00:00,right_wrist_roll,2114,2111,-3,34,0,1044
23.586,2026-08-05T05:50:10.921125+00:00,right_gripper,2428,2442,14,38,1,42
23.636,2026-08-05T05:50:10.971181+00:00,left_shoulder_pan,1857,1851,-6,37,1,1060
23.636,2026-08-05T05:50:10.971181+00:00,left_shoulder_lift,2389,2406,17,37,4,80
23.636,2026-08-05T05:50:10.971181+00:00,left_elbow_flex,1629,1641,12,34,2,60
23.636,2026-08-05T05:50:10.971181+00:00,left_wrist_flex,2169,2173,4,34,1,28
23.636,2026-08-05T05:50:10.971181+00:00,left_wrist_roll,1989,1987,-2,34,1,1044
23.636,2026-08-05T05:50:10.971181+00:00,left_gripper,2014,2014,0,36,0,0
23.636,2026-08-05T05:50:10.971181+00:00,right_shoulder_pan,1918,1884,-34,37,2,1082
23.636,2026-08-05T05:50:10.971181+00:00,right_shoulder_lift,2107,2156,49,38,6,114
23.636,2026-08-05T05:50:10.971181+00:00,right_elbow_flex,2097,2137,40,38,5,94
23.636,2026-08-05T05:50:10.971181+00:00,right_wrist_flex,1976,1990,14,34,1,42
23.636,2026-08-05T05:50:10.971181+00:00,right_wrist_roll,2114,2111,-3,34,1,1044
23.636,2026-08-05T05:50:10.971181+00:00,right_gripper,2428,2442,14,38,2,42
23.686,2026-08-05T05:50:11.021245+00:00,left_shoulder_pan,1857,1851,-6,37,1,1060
23.686,2026-08-05T05:50:11.021245+00:00,left_shoulder_lift,2389,2406,17,37,4,80
23.686,2026-08-05T05:50:11.021245+00:00,left_elbow_flex,1629,1641,12,34,2,60
23.686,2026-08-05T05:50:11.021245+00:00,left_wrist_flex,2169,2173,4,34,0,28
23.686,2026-08-05T05:50:11.021245+00:00,left_wrist_roll,1989,1987,-2,34,1,1044
23.686,2026-08-05T05:50:11.021245+00:00,left_gripper,2014,2014,0,37,0,0
23.686,2026-08-05T05:50:11.021245+00:00,right_shoulder_pan,1925,1890,-35,37,2,1094
23.686,2026-08-05T05:50:11.021245+00:00,right_shoulder_lift,2107,2156,49,38,6,112
23.686,2026-08-05T05:50:11.021245+00:00,right_elbow_flex,2097,2137,40,38,4,94
23.686,2026-08-05T05:50:11.021245+00:00,right_wrist_flex,1976,1990,14,35,1,42
23.686,2026-08-05T05:50:11.021245+00:00,right_wrist_roll,2114,2111,-3,34,1,1044
23.686,2026-08-05T05:50:11.021245+00:00,right_gripper,2428,2442,14,38,1,42
23.736,2026-08-05T05:50:11.071583+00:00,left_shoulder_pan,1857,1851,-6,37,1,1060
23.736,2026-08-05T05:50:11.071583+00:00,left_shoulder_lift,2389,2406,17,37,4,80
23.736,2026-08-05T05:50:11.071583+00:00,left_elbow_flex,1629,1641,12,34,2,60
23.736,2026-08-05T05:50:11.071583+00:00,left_wrist_flex,2169,2173,4,35,1,28
23.736,2026-08-05T05:50:11.071583+00:00,left_wrist_roll,1989,1987,-2,34,0,1044
23.736,2026-08-05T05:50:11.071583+00:00,left_gripper,2014,2014,0,37,0,0
23.736,2026-08-05T05:50:11.071583+00:00,right_shoulder_pan,1933,1897,-36,37,1,1094
23.736,2026-08-05T05:50:11.071583+00:00,right_shoulder_lift,2108,2156,48,38,6,112
23.736,2026-08-05T05:50:11.071583+00:00,right_elbow_flex,2097,2137,40,38,5,94
23.736,2026-08-05T05:50:11.071583+00:00,right_wrist_flex,1976,1990,14,35,1,42
23.736,2026-08-05T05:50:11.071583+00:00,right_wrist_roll,2114,2111,-3,34,0,1044
23.736,2026-08-05T05:50:11.071583+00:00,right_gripper,2428,2442,14,38,1,42
23.786,2026-08-05T05:50:11.121388+00:00,left_shoulder_pan,1857,1851,-6,37,1,1060
23.786,2026-08-05T05:50:11.121388+00:00,left_shoulder_lift,2389,2406,17,37,5,80
23.786,2026-08-05T05:50:11.121388+00:00,left_elbow_flex,1629,1641,12,34,2,60
23.786,2026-08-05T05:50:11.121388+00:00,left_wrist_flex,2169,2173,4,34,0,28
23.786,2026-08-05T05:50:11.121388+00:00,left_wrist_roll,1989,1987,-2,34,0,1044
23.786,2026-08-05T05:50:11.121388+00:00,left_gripper,2014,2014,0,36,0,0
23.786,2026-08-05T05:50:11.121388+00:00,right_shoulder_pan,1941,1905,-36,37,2,1094
23.786,2026-08-05T05:50:11.121388+00:00,right_shoulder_lift,2108,2156,48,38,5,110
23.786,2026-08-05T05:50:11.121388+00:00,right_elbow_flex,2097,2137,40,38,4,94
23.786,2026-08-05T05:50:11.121388+00:00,right_wrist_flex,1976,1990,14,35,1,42
23.786,2026-08-05T05:50:11.121388+00:00,right_wrist_roll,2114,2111,-3,34,0,1044
23.786,2026-08-05T05:50:11.121388+00:00,right_gripper,2428,2442,14,38,2,42
23.836,2026-08-05T05:50:11.171505+00:00,left_shoulder_pan,1857,1851,-6,37,1,1060
23.836,2026-08-05T05:50:11.171505+00:00,left_shoulder_lift,2389,2406,17,37,4,80
23.836,2026-08-05T05:50:11.171505+00:00,left_elbow_flex,1629,1641,12,34,2,60
23.836,2026-08-05T05:50:11.171505+00:00,left_wrist_flex,2169,2173,4,34,1,28
23.836,2026-08-05T05:50:11.171505+00:00,left_wrist_roll,1989,1987,-2,34,1,1044
23.836,2026-08-05T05:50:11.171505+00:00,left_gripper,2014,2014,0,36,0,0
23.836,2026-08-05T05:50:11.171505+00:00,right_shoulder_pan,1948,1913,-35,37,2,1092
23.836,2026-08-05T05:50:11.171505+00:00,right_shoulder_lift,2109,2156,47,38,5,110
23.836,2026-08-05T05:50:11.171505+00:00,right_elbow_flex,2097,2137,40,38,4,94
23.836,2026-08-05T05:50:11.171505+00:00,right_wrist_flex,1976,1990,14,35,1,42
23.836,2026-08-05T05:50:11.171505+00:00,right_wrist_roll,2114,2111,-3,34,0,1044
23.836,2026-08-05T05:50:11.171505+00:00,right_gripper,2428,2442,14,38,2,42
23.886,2026-08-05T05:50:11.221527+00:00,left_shoulder_pan,1857,1851,-6,37,2,1060
23.886,2026-08-05T05:50:11.221527+00:00,left_shoulder_lift,2389,2406,17,37,4,80
23.886,2026-08-05T05:50:11.221527+00:00,left_elbow_flex,1629,1641,12,34,2,60
23.886,2026-08-05T05:50:11.221527+00:00,left_wrist_flex,2169,2173,4,34,1,28
23.886,2026-08-05T05:50:11.221527+00:00,left_wrist_roll,1989,1987,-2,34,0,1044
23.886,2026-08-05T05:50:11.221527+00:00,left_gripper,2014,2014,0,37,0,0
23.886,2026-08-05T05:50:11.221527+00:00,right_shoulder_pan,1956,1920,-36,37,2,1090
23.886,2026-08-05T05:50:11.221527+00:00,right_shoulder_lift,2109,2156,47,38,6,108
23.886,2026-08-05T05:50:11.221527+00:00,right_elbow_flex,2097,2137,40,37,4,94
23.886,2026-08-05T05:50:11.221527+00:00,right_wrist_flex,1976,1990,14,35,1,42
23.886,2026-08-05T05:50:11.221527+00:00,right_wrist_roll,2114,2111,-3,34,0,1044
23.886,2026-08-05T05:50:11.221527+00:00,right_gripper,2428,2442,14,38,2,42
23.936,2026-08-05T05:50:11.271679+00:00,left_shoulder_pan,1857,1851,-6,37,1,1060
23.936,2026-08-05T05:50:11.271679+00:00,left_shoulder_lift,2389,2406,17,37,4,80
23.936,2026-08-05T05:50:11.271679+00:00,left_elbow_flex,1629,1641,12,34,3,60
23.936,2026-08-05T05:50:11.271679+00:00,left_wrist_flex,2169,2173,4,34,1,28
23.936,2026-08-05T05:50:11.271679+00:00,left_wrist_roll,1989,1987,-2,34,1,1044
23.936,2026-08-05T05:50:11.271679+00:00,left_gripper,2014,2014,0,36,0,0
23.936,2026-08-05T05:50:11.271679+00:00,right_shoulder_pan,1964,1928,-36,37,1,1090
23.936,2026-08-05T05:50:11.271679+00:00,right_shoulder_lift,2109,2156,47,38,6,108
23.936,2026-08-05T05:50:11.271679+00:00,right_elbow_flex,2097,2137,40,37,5,94
23.936,2026-08-05T05:50:11.271679+00:00,right_wrist_flex,1976,1990,14,35,0,42
23.936,2026-08-05T05:50:11.271679+00:00,right_wrist_roll,2114,2111,-3,34,0,1044
23.936,2026-08-05T05:50:11.271679+00:00,right_gripper,2428,2442,14,38,1,42
23.986,2026-08-05T05:50:11.321768+00:00,left_shoulder_pan,1857,1851,-6,37,1,1060
23.986,2026-08-05T05:50:11.321768+00:00,left_shoulder_lift,2389,2406,17,37,5,80
23.986,2026-08-05T05:50:11.321768+00:00,left_elbow_flex,1629,1641,12,34,2,60
23.986,2026-08-05T05:50:11.321768+00:00,left_wrist_flex,2169,2173,4,34,1,28
23.986,2026-08-05T05:50:11.321768+00:00,left_wrist_roll,1989,1987,-2,34,0,1044
23.986,2026-08-05T05:50:11.321768+00:00,left_gripper,2014,2014,0,36,0,0
23.986,2026-08-05T05:50:11.321768+00:00,right_shoulder_pan,1972,1936,-36,37,1,1090
23.986,2026-08-05T05:50:11.321768+00:00,right_shoulder_lift,2109,2156,47,38,5,108
23.986,2026-08-05T05:50:11.321768+00:00,right_elbow_flex,2097,2137,40,38,4,94
23.986,2026-08-05T05:50:11.321768+00:00,right_wrist_flex,1976,1990,14,35,1,42
23.986,2026-08-05T05:50:11.321768+00:00,right_wrist_roll,2114,2111,-3,34,0,1044
23.986,2026-08-05T05:50:11.321768+00:00,right_gripper,2428,2442,14,38,2,42
24.037,2026-08-05T05:50:11.371804+00:00,left_shoulder_pan,1857,1851,-6,37,1,1060
24.037,2026-08-05T05:50:11.371804+00:00,left_shoulder_lift,2389,2406,17,37,4,80
24.037,2026-08-05T05:50:11.371804+00:00,left_elbow_flex,1629,1641,12,34,2,60
24.037,2026-08-05T05:50:11.371804+00:00,left_wrist_flex,2169,2173,4,34,0,28
24.037,2026-08-05T05:50:11.371804+00:00,left_wrist_roll,1989,1987,-2,34,0,1044
24.037,2026-08-05T05:50:11.371804+00:00,left_gripper,2014,2014,0,37,0,0
24.037,2026-08-05T05:50:11.371804+00:00,right_shoulder_pan,1980,1944,-36,37,1,1086
24.037,2026-08-05T05:50:11.371804+00:00,right_shoulder_lift,2109,2156,47,39,5,108
24.037,2026-08-05T05:50:11.371804+00:00,right_elbow_flex,2097,2137,40,37,4,94
24.037,2026-08-05T05:50:11.371804+00:00,right_wrist_flex,1976,1990,14,35,0,42
24.037,2026-08-05T05:50:11.371804+00:00,right_wrist_roll,2114,2111,-3,34,0,1044
24.037,2026-08-05T05:50:11.371804+00:00,right_gripper,2428,2442,14,38,1,42
24.087,2026-08-05T05:50:11.421802+00:00,left_shoulder_pan,1857,1851,-6,37,1,1060
24.087,2026-08-05T05:50:11.421802+00:00,left_shoulder_lift,2389,2406,17,37,4,80
24.087,2026-08-05T05:50:11.421802+00:00,left_elbow_flex,1629,1641,12,34,2,60
24.087,2026-08-05T05:50:11.421802+00:00,left_wrist_flex,2169,2173,4,34,1,28
24.087,2026-08-05T05:50:11.421802+00:00,left_wrist_roll,1989,1987,-2,34,0,1044
24.087,2026-08-05T05:50:11.421802+00:00,left_gripper,2014,2014,0,36,0,0
24.087,2026-08-05T05:50:11.421802+00:00,right_shoulder_pan,1988,1952,-36,37,1,1090
24.087,2026-08-05T05:50:11.421802+00:00,right_shoulder_lift,2109,2156,47,38,6,108
24.087,2026-08-05T05:50:11.421802+00:00,right_elbow_flex,2097,2137,40,38,4,94
24.087,2026-08-05T05:50:11.421802+00:00,right_wrist_flex,1976,1990,14,35,1,42
24.087,2026-08-05T05:50:11.421802+00:00,right_wrist_roll,2114,2111,-3,34,1,1044
24.087,2026-08-05T05:50:11.421802+00:00,right_gripper,2428,2442,14,38,1,42
24.137,2026-08-05T05:50:11.475039+00:00,left_shoulder_pan,1857,1851,-6,37,0,1060
24.137,2026-08-05T05:50:11.475039+00:00,left_shoulder_lift,2389,2406,17,37,4,80
24.137,2026-08-05T05:50:11.475039+00:00,left_elbow_flex,1629,1641,12,34,2,60
24.137,2026-08-05T05:50:11.475039+00:00,left_wrist_flex,2169,2173,4,34,1,28
24.137,2026-08-05T05:50:11.475039+00:00,left_wrist_roll,1989,1987,-2,34,0,1044
24.137,2026-08-05T05:50:11.475039+00:00,left_gripper,2014,2014,0,36,0,0
24.137,2026-08-05T05:50:11.475039+00:00,right_shoulder_pan,1995,1960,-35,37,2,1094
24.137,2026-08-05T05:50:11.475039+00:00,right_shoulder_lift,2109,2156,47,38,5,108
24.137,2026-08-05T05:50:11.475039+00:00,right_elbow_flex,2097,2137,40,38,5,94
24.137,2026-08-05T05:50:11.475039+00:00,right_wrist_flex,1976,1990,14,35,1,42
24.137,2026-08-05T05:50:11.475039+00:00,right_wrist_roll,2114,2111,-3,34,0,1044
24.137,2026-08-05T05:50:11.475039+00:00,right_gripper,2428,2442,14,38,1,42
24.187,2026-08-05T05:50:11.522002+00:00,left_shoulder_pan,1857,1851,-6,37,1,1060
24.187,2026-08-05T05:50:11.522002+00:00,left_shoulder_lift,2389,2406,17,37,4,80
24.187,2026-08-05T05:50:11.522002+00:00,left_elbow_flex,1629,1641,12,35,2,60
24.187,2026-08-05T05:50:11.522002+00:00,left_wrist_flex,2169,2173,4,34,0,28
24.187,2026-08-05T05:50:11.522002+00:00,left_wrist_roll,1989,1987,-2,34,0,1044
24.187,2026-08-05T05:50:11.522002+00:00,left_gripper,2014,2014,0,37,0,0
24.187,2026-08-05T05:50:11.522002+00:00,right_shoulder_pan,2003,1968,-35,37,2,1084
24.187,2026-08-05T05:50:11.522002+00:00,right_shoulder_lift,2108,2156,48,39,5,110
24.187,2026-08-05T05:50:11.522002+00:00,right_elbow_flex,2097,2137,40,37,4,94
24.187,2026-08-05T05:50:11.522002+00:00,right_wrist_flex,1976,1990,14,35,1,42
24.187,2026-08-05T05:50:11.522002+00:00,right_wrist_roll,2114,2111,-3,34,0,1044
24.187,2026-08-05T05:50:11.522002+00:00,right_gripper,2428,2442,14,38,1,42
24.237,2026-08-05T05:50:11.572126+00:00,left_shoulder_pan,1857,1851,-6,37,2,1060
24.237,2026-08-05T05:50:11.572126+00:00,left_shoulder_lift,2389,2406,17,37,4,80
24.237,2026-08-05T05:50:11.572126+00:00,left_elbow_flex,1629,1641,12,34,2,60
24.237,2026-08-05T05:50:11.572126+00:00,left_wrist_flex,2169,2173,4,34,0,28
24.237,2026-08-05T05:50:11.572126+00:00,left_wrist_roll,1989,1987,-2,34,0,1044
24.237,2026-08-05T05:50:11.572126+00:00,left_gripper,2014,2014,0,36,0,0
24.237,2026-08-05T05:50:11.572126+00:00,right_shoulder_pan,2011,1975,-36,37,1,1090
24.237,2026-08-05T05:50:11.572126+00:00,right_shoulder_lift,2108,2156,48,38,6,110
24.237,2026-08-05T05:50:11.572126+00:00,right_elbow_flex,2097,2137,40,37,4,94
24.237,2026-08-05T05:50:11.572126+00:00,right_wrist_flex,1976,1990,14,34,0,42
24.237,2026-08-05T05:50:11.572126+00:00,right_wrist_roll,2114,2111,-3,34,0,1044
24.237,2026-08-05T05:50:11.572126+00:00,right_gripper,2428,2442,14,38,2,42
24.287,2026-08-05T05:50:11.622186+00:00,left_shoulder_pan,1857,1851,-6,37,1,1060
24.287,2026-08-05T05:50:11.622186+00:00,left_shoulder_lift,2389,2406,17,37,4,80
24.287,2026-08-05T05:50:11.622186+00:00,left_elbow_flex,1629,1641,12,34,2,60
24.287,2026-08-05T05:50:11.622186+00:00,left_wrist_flex,2169,2173,4,34,0,28
24.287,2026-08-05T05:50:11.622186+00:00,left_wrist_roll,1989,1987,-2,34,0,1044
24.287,2026-08-05T05:50:11.622186+00:00,left_gripper,2014,2014,0,36,0,0
24.287,2026-08-05T05:50:11.622186+00:00,right_shoulder_pan,2019,1983,-36,37,1,1092
24.287,2026-08-05T05:50:11.622186+00:00,right_shoulder_lift,2107,2156,49,38,6,112
24.287,2026-08-05T05:50:11.622186+00:00,right_elbow_flex,2097,2137,40,37,4,94
24.287,2026-08-05T05:50:11.622186+00:00,right_wrist_flex,1976,1990,14,35,1,42
24.287,2026-08-05T05:50:11.622186+00:00,right_wrist_roll,2114,2111,-3,34,0,1044
24.287,2026-08-05T05:50:11.622186+00:00,right_gripper,2428,2442,14,38,2,42
24.337,2026-08-05T05:50:11.672417+00:00,left_shoulder_pan,1857,1851,-6,37,1,1060
24.337,2026-08-05T05:50:11.672417+00:00,left_shoulder_lift,2389,2406,17,37,5,80
24.337,2026-08-05T05:50:11.672417+00:00,left_elbow_flex,1629,1641,12,34,2,60
24.337,2026-08-05T05:50:11.672417+00:00,left_wrist_flex,2169,2173,4,34,1,28
24.337,2026-08-05T05:50:11.672417+00:00,left_wrist_roll,1989,1987,-2,34,0,1044
24.337,2026-08-05T05:50:11.672417+00:00,left_gripper,2014,2014,0,36,0,0
24.337,2026-08-05T05:50:11.672417+00:00,right_shoulder_pan,2026,1990,-36,43,2,1096
24.337,2026-08-05T05:50:11.672417+00:00,right_shoulder_lift,2107,2156,49,38,6,112
24.337,2026-08-05T05:50:11.672417+00:00,right_elbow_flex,2097,2137,40,37,4,94
24.337,2026-08-05T05:50:11.672417+00:00,right_wrist_flex,1976,1990,14,35,0,42
24.337,2026-08-05T05:50:11.672417+00:00,right_wrist_roll,2114,2111,-3,34,0,1044
24.337,2026-08-05T05:50:11.672417+00:00,right_gripper,2428,2442,14,38,2,42
24.387,2026-08-05T05:50:11.722284+00:00,left_shoulder_pan,1857,1851,-6,37,1,1060
24.387,2026-08-05T05:50:11.722284+00:00,left_shoulder_lift,2389,2406,17,37,4,80
24.387,2026-08-05T05:50:11.722284+00:00,left_elbow_flex,1629,1641,12,34,2,60
24.387,2026-08-05T05:50:11.722284+00:00,left_wrist_flex,2169,2173,4,34,0,28
24.387,2026-08-05T05:50:11.722284+00:00,left_wrist_roll,1989,1987,-2,34,1,1044
24.387,2026-08-05T05:50:11.722284+00:00,left_gripper,2014,2014,0,36,0,0
24.387,2026-08-05T05:50:11.722284+00:00,right_shoulder_pan,2034,1998,-36,37,2,1086
24.387,2026-08-05T05:50:11.722284+00:00,right_shoulder_lift,2106,2156,50,38,5,114
24.387,2026-08-05T05:50:11.722284+00:00,right_elbow_flex,2097,2137,40,38,4,94
24.387,2026-08-05T05:50:11.722284+00:00,right_wrist_flex,1976,1990,14,35,1,42
24.387,2026-08-05T05:50:11.722284+00:00,right_wrist_roll,2114,2111,-3,34,0,1044
24.387,2026-08-05T05:50:11.722284+00:00,right_gripper,2428,2442,14,37,1,42
24.437,2026-08-05T05:50:11.772355+00:00,left_shoulder_pan,1857,1851,-6,37,1,1060
24.437,2026-08-05T05:50:11.772355+00:00,left_shoulder_lift,2389,2406,17,37,5,80
24.437,2026-08-05T05:50:11.772355+00:00,left_elbow_flex,1629,1641,12,34,2,60
24.437,2026-08-05T05:50:11.772355+00:00,left_wrist_flex,2169,2173,4,34,0,28
24.437,2026-08-05T05:50:11.772355+00:00,left_wrist_roll,1989,1987,-2,34,0,1044
24.437,2026-08-05T05:50:11.772355+00:00,left_gripper,2014,2014,0,36,0,0
24.437,2026-08-05T05:50:11.772355+00:00,right_shoulder_pan,2041,2005,-36,41,1,1092
24.437,2026-08-05T05:50:11.772355+00:00,right_shoulder_lift,2105,2156,51,38,6,116
24.437,2026-08-05T05:50:11.772355+00:00,right_elbow_flex,2097,2137,40,38,4,94
24.437,2026-08-05T05:50:11.772355+00:00,right_wrist_flex,1976,1990,14,35,1,42
24.437,2026-08-05T05:50:11.772355+00:00,right_wrist_roll,2114,2111,-3,34,0,1044
24.437,2026-08-05T05:50:11.772355+00:00,right_gripper,2428,2442,14,38,2,42
24.487,2026-08-05T05:50:11.822393+00:00,left_shoulder_pan,1857,1851,-6,37,1,1060
24.487,2026-08-05T05:50:11.822393+00:00,left_shoulder_lift,2389,2406,17,37,4,80
24.487,2026-08-05T05:50:11.822393+00:00,left_elbow_flex,1629,1641,12,34,2,60
24.487,2026-08-05T05:50:11.822393+00:00,left_wrist_flex,2169,2173,4,34,0,28
24.487,2026-08-05T05:50:11.822393+00:00,left_wrist_roll,1989,1987,-2,34,0,1044
24.487,2026-08-05T05:50:11.822393+00:00,left_gripper,2014,2014,0,37,0,0
24.487,2026-08-05T05:50:11.822393+00:00,right_shoulder_pan,2049,2013,-36,37,1,1086
24.487,2026-08-05T05:50:11.822393+00:00,right_shoulder_lift,2105,2156,51,38,6,116
24.487,2026-08-05T05:50:11.822393+00:00,right_elbow_flex,2097,2137,40,38,5,94
24.487,2026-08-05T05:50:11.822393+00:00,right_wrist_flex,1976,1990,14,35,1,42
24.487,2026-08-05T05:50:11.822393+00:00,right_wrist_roll,2114,2111,-3,34,0,1044
24.487,2026-08-05T05:50:11.822393+00:00,right_gripper,2428,2442,14,38,2,42
24.537,2026-08-05T05:50:11.872753+00:00,left_shoulder_pan,1857,1851,-6,37,1,1060
24.537,2026-08-05T05:50:11.872753+00:00,left_shoulder_lift,2389,2406,17,37,5,80
24.537,2026-08-05T05:50:11.872753+00:00,left_elbow_flex,1629,1641,12,34,2,60
24.537,2026-08-05T05:50:11.872753+00:00,left_wrist_flex,2169,2173,4,34,0,28
24.537,2026-08-05T05:50:11.872753+00:00,left_wrist_roll,1989,1987,-2,34,0,1044
24.537,2026-08-05T05:50:11.872753+00:00,left_gripper,2014,2014,0,36,0,0
24.537,2026-08-05T05:50:11.872753+00:00,right_shoulder_pan,2056,2021,-35,37,2,1090
24.537,2026-08-05T05:50:11.872753+00:00,right_shoulder_lift,2104,2156,52,38,6,118
24.537,2026-08-05T05:50:11.872753+00:00,right_elbow_flex,2097,2137,40,38,4,94
24.537,2026-08-05T05:50:11.872753+00:00,right_wrist_flex,1976,1990,14,35,1,42
24.537,2026-08-05T05:50:11.872753+00:00,right_wrist_roll,2114,2111,-3,34,1,1044
24.537,2026-08-05T05:50:11.872753+00:00,right_gripper,2428,2442,14,38,1,42
24.587,2026-08-05T05:50:11.922582+00:00,left_shoulder_pan,1857,1851,-6,37,1,1060
24.587,2026-08-05T05:50:11.922582+00:00,left_shoulder_lift,2389,2406,17,37,4,80
24.587,2026-08-05T05:50:11.922582+00:00,left_elbow_flex,1629,1641,12,34,2,60
24.587,2026-08-05T05:50:11.922582+00:00,left_wrist_flex,2169,2173,4,34,1,28
24.587,2026-08-05T05:50:11.922582+00:00,left_wrist_roll,1989,1987,-2,34,0,1044
24.587,2026-08-05T05:50:11.922582+00:00,left_gripper,2014,2014,0,36,0,0
24.587,2026-08-05T05:50:11.922582+00:00,right_shoulder_pan,2063,2028,-35,37,1,1086
24.587,2026-08-05T05:50:11.922582+00:00,right_shoulder_lift,2103,2156,53,38,6,120
24.587,2026-08-05T05:50:11.922582+00:00,right_elbow_flex,2097,2137,40,38,4,94
24.587,2026-08-05T05:50:11.922582+00:00,right_wrist_flex,1976,1990,14,35,1,42
24.587,2026-08-05T05:50:11.922582+00:00,right_wrist_roll,2114,2111,-3,34,0,1044
24.587,2026-08-05T05:50:11.922582+00:00,right_gripper,2428,2442,14,38,2,42
24.637,2026-08-05T05:50:11.972688+00:00,left_shoulder_pan,1857,1851,-6,37,1,1060
24.637,2026-08-05T05:50:11.972688+00:00,left_shoulder_lift,2389,2406,17,37,4,80
24.637,2026-08-05T05:50:11.972688+00:00,left_elbow_flex,1629,1641,12,34,2,60
24.637,2026-08-05T05:50:11.972688+00:00,left_wrist_flex,2169,2173,4,34,0,28
24.637,2026-08-05T05:50:11.972688+00:00,left_wrist_roll,1989,1987,-2,34,1,1044
24.637,2026-08-05T05:50:11.972688+00:00,left_gripper,2014,2014,0,37,0,0
24.637,2026-08-05T05:50:11.972688+00:00,right_shoulder_pan,2070,2036,-34,37,1,1088
24.637,2026-08-05T05:50:11.972688+00:00,right_shoulder_lift,2102,2156,54,38,6,122
24.637,2026-08-05T05:50:11.972688+00:00,right_elbow_flex,2097,2137,40,38,5,94
24.637,2026-08-05T05:50:11.972688+00:00,right_wrist_flex,1976,1990,14,35,0,42
24.637,2026-08-05T05:50:11.972688+00:00,right_wrist_roll,2114,2111,-3,34,0,1044
24.637,2026-08-05T05:50:11.972688+00:00,right_gripper,2428,2442,14,38,1,42
24.687,2026-08-05T05:50:12.022702+00:00,left_shoulder_pan,1857,1851,-6,37,1,1060
24.687,2026-08-05T05:50:12.022702+00:00,left_shoulder_lift,2389,2406,17,37,5,80
24.687,2026-08-05T05:50:12.022702+00:00,left_elbow_flex,1629,1641,12,34,3,60
24.687,2026-08-05T05:50:12.022702+00:00,left_wrist_flex,2169,2173,4,34,0,28
24.687,2026-08-05T05:50:12.022702+00:00,left_wrist_roll,1989,1987,-2,34,1,1044
24.687,2026-08-05T05:50:12.022702+00:00,left_gripper,2014,2014,0,36,0,0
24.687,2026-08-05T05:50:12.022702+00:00,right_shoulder_pan,2077,2044,-33,37,1,1086
24.687,2026-08-05T05:50:12.022702+00:00,right_shoulder_lift,2100,2156,56,38,9,124
24.687,2026-08-05T05:50:12.022702+00:00,right_elbow_flex,2097,2137,40,38,5,94
24.687,2026-08-05T05:50:12.022702+00:00,right_wrist_flex,1976,1990,14,35,1,42
24.687,2026-08-05T05:50:12.022702+00:00,right_wrist_roll,2114,2111,-3,34,0,1044
24.687,2026-08-05T05:50:12.022702+00:00,right_gripper,2428,2442,14,38,2,42
24.738,2026-08-05T05:50:12.072766+00:00,left_shoulder_pan,1857,1851,-6,37,1,1060
24.738,2026-08-05T05:50:12.072766+00:00,left_shoulder_lift,2389,2406,17,37,4,80
24.738,2026-08-05T05:50:12.072766+00:00,left_elbow_flex,1629,1641,12,34,2,60
24.738,2026-08-05T05:50:12.072766+00:00,left_wrist_flex,2169,2173,4,35,1,28
24.738,2026-08-05T05:50:12.072766+00:00,left_wrist_roll,1989,1987,-2,34,0,1044
24.738,2026-08-05T05:50:12.072766+00:00,left_gripper,2014,2014,0,36,0,0
24.738,2026-08-05T05:50:12.072766+00:00,right_shoulder_pan,2083,2051,-32,37,2,1094
24.738,2026-08-05T05:50:12.072766+00:00,right_shoulder_lift,2099,2156,57,38,7,128
24.738,2026-08-05T05:50:12.072766+00:00,right_elbow_flex,2097,2137,40,38,4,94
24.738,2026-08-05T05:50:12.072766+00:00,right_wrist_flex,1976,1990,14,35,1,42
24.738,2026-08-05T05:50:12.072766+00:00,right_wrist_roll,2114,2111,-3,34,0,1044
24.738,2026-08-05T05:50:12.072766+00:00,right_gripper,2428,2442,14,38,2,42
24.788,2026-08-05T05:50:12.122846+00:00,left_shoulder_pan,1857,1851,-6,37,0,1060
24.788,2026-08-05T05:50:12.122846+00:00,left_shoulder_lift,2389,2406,17,37,5,80
24.788,2026-08-05T05:50:12.122846+00:00,left_elbow_flex,1629,1641,12,34,2,60
24.788,2026-08-05T05:50:12.122846+00:00,left_wrist_flex,2169,2173,4,34,0,28
24.788,2026-08-05T05:50:12.122846+00:00,left_wrist_roll,1989,1987,-2,34,0,1044
24.788,2026-08-05T05:50:12.122846+00:00,left_gripper,2014,2014,0,36,0,0
24.788,2026-08-05T05:50:12.122846+00:00,right_shoulder_pan,2090,2058,-32,37,1,1082
24.788,2026-08-05T05:50:12.122846+00:00,right_shoulder_lift,2098,2156,58,38,8,130
24.788,2026-08-05T05:50:12.122846+00:00,right_elbow_flex,2097,2137,40,38,5,94
24.788,2026-08-05T05:50:12.122846+00:00,right_wrist_flex,1976,1990,14,35,1,42
24.788,2026-08-05T05:50:12.122846+00:00,right_wrist_roll,2114,2111,-3,34,0,1044
24.788,2026-08-05T05:50:12.122846+00:00,right_gripper,2428,2442,14,38,1,42
24.838,2026-08-05T05:50:12.174208+00:00,left_shoulder_pan,1857,1851,-6,37,1,1060
24.838,2026-08-05T05:50:12.174208+00:00,left_shoulder_lift,2389,2406,17,37,4,80
24.838,2026-08-05T05:50:12.174208+00:00,left_elbow_flex,1629,1641,12,34,2,60
24.838,2026-08-05T05:50:12.174208+00:00,left_wrist_flex,2169,2173,4,34,0,28
24.838,2026-08-05T05:50:12.174208+00:00,left_wrist_roll,1989,1987,-2,34,0,1044
24.838,2026-08-05T05:50:12.174208+00:00,left_gripper,2014,2014,0,36,0,0
24.838,2026-08-05T05:50:12.174208+00:00,right_shoulder_pan,2096,2065,-31,37,2,1088
24.838,2026-08-05T05:50:12.174208+00:00,right_shoulder_lift,2096,2156,60,38,8,136
24.838,2026-08-05T05:50:12.174208+00:00,right_elbow_flex,2097,2137,40,38,4,94
24.838,2026-08-05T05:50:12.174208+00:00,right_wrist_flex,1976,1990,14,35,1,42
24.838,2026-08-05T05:50:12.174208+00:00,right_wrist_roll,2114,2111,-3,34,0,1044
24.838,2026-08-05T05:50:12.174208+00:00,right_gripper,2428,2442,14,38,1,42
24.888,2026-08-05T05:50:12.223208+00:00,left_shoulder_pan,1857,1851,-6,37,1,1060
24.888,2026-08-05T05:50:12.223208+00:00,left_shoulder_lift,2389,2406,17,37,4,80
24.888,2026-08-05T05:50:12.223208+00:00,left_elbow_flex,1629,1641,12,34,2,60
24.888,2026-08-05T05:50:12.223208+00:00,left_wrist_flex,2169,2173,4,34,0,28
24.888,2026-08-05T05:50:12.223208+00:00,left_wrist_roll,1989,1987,-2,34,0,1044
24.888,2026-08-05T05:50:12.223208+00:00,left_gripper,2014,2014,0,37,0,0
24.888,2026-08-05T05:50:12.223208+00:00,right_shoulder_pan,2102,2072,-30,37,1,1082
24.888,2026-08-05T05:50:12.223208+00:00,right_shoulder_lift,2095,2156,61,38,8,136
24.888,2026-08-05T05:50:12.223208+00:00,right_elbow_flex,2097,2137,40,38,4,94
24.888,2026-08-05T05:50:12.223208+00:00,right_wrist_flex,1976,1990,14,35,1,42
24.888,2026-08-05T05:50:12.223208+00:00,right_wrist_roll,2114,2111,-3,34,1,1044
24.888,2026-08-05T05:50:12.223208+00:00,right_gripper,2428,2442,14,38,1,42
24.938,2026-08-05T05:50:12.273116+00:00,left_shoulder_pan,1857,1851,-6,37,1,1060
24.938,2026-08-05T05:50:12.273116+00:00,left_shoulder_lift,2389,2406,17,37,4,80
24.938,2026-08-05T05:50:12.273116+00:00,left_elbow_flex,1629,1641,12,34,2,60
24.938,2026-08-05T05:50:12.273116+00:00,left_wrist_flex,2169,2173,4,34,0,28
24.938,2026-08-05T05:50:12.273116+00:00,left_wrist_roll,1989,1987,-2,34,1,1044
24.938,2026-08-05T05:50:12.273116+00:00,left_gripper,2014,2014,0,37,0,0
24.938,2026-08-05T05:50:12.273116+00:00,right_shoulder_pan,2108,2078,-30,37,2,1088
24.938,2026-08-05T05:50:12.273116+00:00,right_shoulder_lift,2093,2156,63,38,10,142
24.938,2026-08-05T05:50:12.273116+00:00,right_elbow_flex,2097,2137,40,38,4,94
24.938,2026-08-05T05:50:12.273116+00:00,right_wrist_flex,1976,1990,14,35,1,42
24.938,2026-08-05T05:50:12.273116+00:00,right_wrist_roll,2114,2111,-3,34,1,1044
24.938,2026-08-05T05:50:12.273116+00:00,right_gripper,2428,2442,14,38,1,42
24.988,2026-08-05T05:50:12.323121+00:00,left_shoulder_pan,1857,1851,-6,37,1,1060
24.988,2026-08-05T05:50:12.323121+00:00,left_shoulder_lift,2389,2406,17,37,5,80
24.988,2026-08-05T05:50:12.323121+00:00,left_elbow_flex,1629,1641,12,34,2,60
24.988,2026-08-05T05:50:12.323121+00:00,left_wrist_flex,2169,2173,4,34,1,28
24.988,2026-08-05T05:50:12.323121+00:00,left_wrist_roll,1989,1987,-2,34,0,1044
24.988,2026-08-05T05:50:12.323121+00:00,left_gripper,2014,2014,0,36,0,0
24.988,2026-08-05T05:50:12.323121+00:00,right_shoulder_pan,2114,2084,-30,37,2,1080
24.988,2026-08-05T05:50:12.323121+00:00,right_shoulder_lift,2092,2156,64,38,8,142
24.988,2026-08-05T05:50:12.323121+00:00,right_elbow_flex,2097,2137,40,38,4,94
24.988,2026-08-05T05:50:12.323121+00:00,right_wrist_flex,1976,1990,14,35,1,42
24.988,2026-08-05T05:50:12.323121+00:00,right_wrist_roll,2114,2111,-3,34,0,1044
24.988,2026-08-05T05:50:12.323121+00:00,right_gripper,2428,2442,14,38,1,42
25.038,2026-08-05T05:50:12.373520+00:00,left_shoulder_pan,1857,1851,-6,37,1,1060
25.038,2026-08-05T05:50:12.373520+00:00,left_shoulder_lift,2389,2406,17,37,4,80
25.038,2026-08-05T05:50:12.373520+00:00,left_elbow_flex,1629,1641,12,34,2,60
25.038,2026-08-05T05:50:12.373520+00:00,left_wrist_flex,2169,2173,4,34,1,28
25.038,2026-08-05T05:50:12.373520+00:00,left_wrist_roll,1989,1987,-2,34,0,1044
25.038,2026-08-05T05:50:12.373520+00:00,left_gripper,2014,2014,0,36,0,0
25.038,2026-08-05T05:50:12.373520+00:00,right_shoulder_pan,2120,2090,-30,37,1,1086
25.038,2026-08-05T05:50:12.373520+00:00,right_shoulder_lift,2090,2156,66,38,9,148
25.038,2026-08-05T05:50:12.373520+00:00,right_elbow_flex,2097,2137,40,37,5,94
25.038,2026-08-05T05:50:12.373520+00:00,right_wrist_flex,1976,1990,14,35,0,42
25.038,2026-08-05T05:50:12.373520+00:00,right_wrist_roll,2114,2111,-3,34,0,1044
25.038,2026-08-05T05:50:12.373520+00:00,right_gripper,2428,2442,14,38,1,42
25.088,2026-08-05T05:50:12.423300+00:00,left_shoulder_pan,1857,1851,-6,37,1,1060
25.088,2026-08-05T05:50:12.423300+00:00,left_shoulder_lift,2389,2406,17,37,4,80
25.088,2026-08-05T05:50:12.423300+00:00,left_elbow_flex,1629,1641,12,34,2,60
25.088,2026-08-05T05:50:12.423300+00:00,left_wrist_flex,2169,2173,4,34,1,28
25.088,2026-08-05T05:50:12.423300+00:00,left_wrist_roll,1989,1987,-2,34,0,1044
25.088,2026-08-05T05:50:12.423300+00:00,left_gripper,2014,2014,0,37,0,0
25.088,2026-08-05T05:50:12.423300+00:00,right_shoulder_pan,2125,2096,-29,37,2,1092
25.088,2026-08-05T05:50:12.423300+00:00,right_shoulder_lift,2088,2156,68,39,10,148
25.088,2026-08-05T05:50:12.423300+00:00,right_elbow_flex,2097,2137,40,37,5,94
25.088,2026-08-05T05:50:12.423300+00:00,right_wrist_flex,1976,1990,14,35,1,42
25.088,2026-08-05T05:50:12.423300+00:00,right_wrist_roll,2114,2111,-3,34,0,1044
25.088,2026-08-05T05:50:12.423300+00:00,right_gripper,2428,2442,14,38,2,42
25.138,2026-08-05T05:50:12.473404+00:00,left_shoulder_pan,1857,1851,-6,37,1,1060
25.138,2026-08-05T05:50:12.473404+00:00,left_shoulder_lift,2389,2406,17,37,4,80
25.138,2026-08-05T05:50:12.473404+00:00,left_elbow_flex,1629,1641,12,34,2,60
25.138,2026-08-05T05:50:12.473404+00:00,left_wrist_flex,2169,2173,4,34,0,28
25.138,2026-08-05T05:50:12.473404+00:00,left_wrist_roll,1989,1987,-2,34,0,1044
25.138,2026-08-05T05:50:12.473404+00:00,left_gripper,2014,2014,0,37,0,0
25.138,2026-08-05T05:50:12.473404+00:00,right_shoulder_pan,2130,2102,-28,37,2,1086
25.138,2026-08-05T05:50:12.473404+00:00,right_shoulder_lift,2087,2156,69,38,13,156
25.138,2026-08-05T05:50:12.473404+00:00,right_elbow_flex,2097,2137,40,38,5,94
25.138,2026-08-05T05:50:12.473404+00:00,right_wrist_flex,1976,1990,14,35,1,42
25.138,2026-08-05T05:50:12.473404+00:00,right_wrist_roll,2114,2111,-3,34,0,1044
25.138,2026-08-05T05:50:12.473404+00:00,right_gripper,2428,2442,14,38,2,42
25.188,2026-08-05T05:50:12.524583+00:00,left_shoulder_pan,1857,1851,-6,37,1,1060
25.188,2026-08-05T05:50:12.524583+00:00,left_shoulder_lift,2389,2406,17,37,4,80
25.188,2026-08-05T05:50:12.524583+00:00,left_elbow_flex,1629,1641,12,34,2,60
25.188,2026-08-05T05:50:12.524583+00:00,left_wrist_flex,2169,2173,4,34,1,28
25.188,2026-08-05T05:50:12.524583+00:00,left_wrist_roll,1989,1987,-2,34,0,1044
25.188,2026-08-05T05:50:12.524583+00:00,left_gripper,2014,2014,0,37,0,0
25.188,2026-08-05T05:50:12.524583+00:00,right_shoulder_pan,2135,2108,-27,37,1,1080
25.188,2026-08-05T05:50:12.524583+00:00,right_shoulder_lift,2085,2156,71,38,11,154
25.188,2026-08-05T05:50:12.524583+00:00,right_elbow_flex,2097,2137,40,38,4,94
25.188,2026-08-05T05:50:12.524583+00:00,right_wrist_flex,1976,1990,14,35,1,42
25.188,2026-08-05T05:50:12.524583+00:00,right_wrist_roll,2114,2111,-3,34,1,1044
25.188,2026-08-05T05:50:12.524583+00:00,right_gripper,2428,2442,14,38,2,42
25.238,2026-08-05T05:50:12.573778+00:00,left_shoulder_pan,1857,1851,-6,37,1,1060
25.238,2026-08-05T05:50:12.573778+00:00,left_shoulder_lift,2389,2406,17,37,4,80
25.238,2026-08-05T05:50:12.573778+00:00,left_elbow_flex,1629,1641,12,34,2,60
25.238,2026-08-05T05:50:12.573778+00:00,left_wrist_flex,2169,2173,4,34,1,28
25.238,2026-08-05T05:50:12.573778+00:00,left_wrist_roll,1989,1987,-2,34,1,1044
25.238,2026-08-05T05:50:12.573778+00:00,left_gripper,2014,2014,0,37,0,0
25.238,2026-08-05T05:50:12.573778+00:00,right_shoulder_pan,2139,2114,-25,37,1,1080
25.238,2026-08-05T05:50:12.573778+00:00,right_shoulder_lift,2083,2156,73,38,16,162
25.238,2026-08-05T05:50:12.573778+00:00,right_elbow_flex,2097,2137,40,38,5,94
25.238,2026-08-05T05:50:12.573778+00:00,right_wrist_flex,1976,1990,14,35,1,42
25.238,2026-08-05T05:50:12.573778+00:00,right_wrist_roll,2114,2111,-3,34,0,1044
25.238,2026-08-05T05:50:12.573778+00:00,right_gripper,2428,2442,14,38,1,42
25.288,2026-08-05T05:50:12.623883+00:00,left_shoulder_pan,1857,1851,-6,37,1,1060
25.288,2026-08-05T05:50:12.623883+00:00,left_shoulder_lift,2389,2406,17,37,4,80
25.288,2026-08-05T05:50:12.623883+00:00,left_elbow_flex,1629,1641,12,34,2,60
25.288,2026-08-05T05:50:12.623883+00:00,left_wrist_flex,2169,2173,4,34,0,28
25.288,2026-08-05T05:50:12.623883+00:00,left_wrist_roll,1989,1987,-2,34,0,1044
25.288,2026-08-05T05:50:12.623883+00:00,left_gripper,2014,2014,0,36,0,0
25.288,2026-08-05T05:50:12.623883+00:00,right_shoulder_pan,2144,2119,-25,37,0,1078
25.288,2026-08-05T05:50:12.623883+00:00,right_shoulder_lift,2081,2156,75,38,11,162
25.288,2026-08-05T05:50:12.623883+00:00,right_elbow_flex,2097,2137,40,37,4,94
25.288,2026-08-05T05:50:12.623883+00:00,right_wrist_flex,1976,1990,14,35,0,42
25.288,2026-08-05T05:50:12.623883+00:00,right_wrist_roll,2114,2111,-3,34,1,1044
25.288,2026-08-05T05:50:12.623883+00:00,right_gripper,2428,2442,14,38,2,42
25.338,2026-08-05T05:50:12.673865+00:00,left_shoulder_pan,1857,1851,-6,37,2,1060
25.338,2026-08-05T05:50:12.673865+00:00,left_shoulder_lift,2389,2406,17,37,5,80
25.338,2026-08-05T05:50:12.673865+00:00,left_elbow_flex,1629,1641,12,34,2,60
25.338,2026-08-05T05:50:12.673865+00:00,left_wrist_flex,2169,2173,4,34,1,28
25.338,2026-08-05T05:50:12.673865+00:00,left_wrist_roll,1989,1987,-2,34,0,1044
25.338,2026-08-05T05:50:12.673865+00:00,left_gripper,2014,2014,0,36,0,0
25.338,2026-08-05T05:50:12.673865+00:00,right_shoulder_pan,2148,2124,-24,37,1,1078
25.338,2026-08-05T05:50:12.673865+00:00,right_shoulder_lift,2079,2156,77,38,12,170
25.338,2026-08-05T05:50:12.673865+00:00,right_elbow_flex,2097,2137,40,37,4,94
25.338,2026-08-05T05:50:12.673865+00:00,right_wrist_flex,1976,1990,14,35,1,42
25.338,2026-08-05T05:50:12.673865+00:00,right_wrist_roll,2114,2111,-3,34,0,1044
25.338,2026-08-05T05:50:12.673865+00:00,right_gripper,2428,2442,14,38,2,42
25.388,2026-08-05T05:50:12.724690+00:00,left_shoulder_pan,1857,1851,-6,37,1,1060
25.388,2026-08-05T05:50:12.724690+00:00,left_shoulder_lift,2389,2406,17,37,4,80
25.388,2026-08-05T05:50:12.724690+00:00,left_elbow_flex,1629,1641,12,34,2,60
25.388,2026-08-05T05:50:12.724690+00:00,left_wrist_flex,2169,2173,4,34,1,28
25.388,2026-08-05T05:50:12.724690+00:00,left_wrist_roll,1989,1987,-2,34,1,1044
25.388,2026-08-05T05:50:12.724690+00:00,left_gripper,2014,2014,0,36,0,0
25.388,2026-08-05T05:50:12.724690+00:00,right_shoulder_pan,2151,2129,-22,37,1,1072
25.388,2026-08-05T05:50:12.724690+00:00,right_shoulder_lift,2077,2156,79,38,13,170
25.388,2026-08-05T05:50:12.724690+00:00,right_elbow_flex,2097,2137,40,38,4,94
25.388,2026-08-05T05:50:12.724690+00:00,right_wrist_flex,1976,1990,14,35,1,42
25.388,2026-08-05T05:50:12.724690+00:00,right_wrist_roll,2114,2111,-3,34,0,1044
25.388,2026-08-05T05:50:12.724690+00:00,right_gripper,2428,2442,14,38,2,42
25.439,2026-08-05T05:50:12.774138+00:00,left_shoulder_pan,1857,1851,-6,37,1,1060
25.439,2026-08-05T05:50:12.774138+00:00,left_shoulder_lift,2389,2406,17,37,4,80
25.439,2026-08-05T05:50:12.774138+00:00,left_elbow_flex,1629,1641,12,34,2,60
25.439,2026-08-05T05:50:12.774138+00:00,left_wrist_flex,2169,2173,4,34,0,28
25.439,2026-08-05T05:50:12.774138+00:00,left_wrist_roll,1989,1987,-2,34,0,1044
25.439,2026-08-05T05:50:12.774138+00:00,left_gripper,2014,2014,0,36,0,0
25.439,2026-08-05T05:50:12.774138+00:00,right_shoulder_pan,2155,2133,-22,37,1,1068
25.439,2026-08-05T05:50:12.774138+00:00,right_shoulder_lift,2075,2156,81,38,14,178
25.439,2026-08-05T05:50:12.774138+00:00,right_elbow_flex,2097,2137,40,37,5,94
25.439,2026-08-05T05:50:12.774138+00:00,right_wrist_flex,1976,1990,14,35,1,42
25.439,2026-08-05T05:50:12.774138+00:00,right_wrist_roll,2114,2111,-3,34,0,1044
25.439,2026-08-05T05:50:12.774138+00:00,right_gripper,2428,2442,14,38,1,42
25.489,2026-08-05T05:50:12.824179+00:00,left_shoulder_pan,1857,1851,-6,37,1,1060
25.489,2026-08-05T05:50:12.824179+00:00,left_shoulder_lift,2389,2406,17,37,4,80
25.489,2026-08-05T05:50:12.824179+00:00,left_elbow_flex,1629,1641,12,34,2,60
25.489,2026-08-05T05:50:12.824179+00:00,left_wrist_flex,2169,2173,4,34,0,28
25.489,2026-08-05T05:50:12.824179+00:00,left_wrist_roll,1989,1987,-2,34,0,1044
25.489,2026-08-05T05:50:12.824179+00:00,left_gripper,2014,2014,0,36,0,0
25.489,2026-08-05T05:50:12.824179+00:00,right_shoulder_pan,2158,2137,-21,37,1,1074
25.489,2026-08-05T05:50:12.824179+00:00,right_shoulder_lift,2072,2156,84,38,13,178
25.489,2026-08-05T05:50:12.824179+00:00,right_elbow_flex,2097,2137,40,38,4,94
25.489,2026-08-05T05:50:12.824179+00:00,right_wrist_flex,1976,1990,14,35,1,42
25.489,2026-08-05T05:50:12.824179+00:00,right_wrist_roll,2114,2111,-3,34,0,1044
25.489,2026-08-05T05:50:12.824179+00:00,right_gripper,2428,2442,14,38,2,42
25.539,2026-08-05T05:50:12.873956+00:00,left_shoulder_pan,1857,1851,-6,37,1,1060
25.539,2026-08-05T05:50:12.873956+00:00,left_shoulder_lift,2389,2406,17,37,4,80
25.539,2026-08-05T05:50:12.873956+00:00,left_elbow_flex,1629,1641,12,34,2,60
25.539,2026-08-05T05:50:12.873956+00:00,left_wrist_flex,2169,2173,4,34,0,28
25.539,2026-08-05T05:50:12.873956+00:00,left_wrist_roll,1989,1987,-2,34,0,1044
25.539,2026-08-05T05:50:12.873956+00:00,left_gripper,2014,2014,0,37,0,0
25.539,2026-08-05T05:50:12.873956+00:00,right_shoulder_pan,2161,2141,-20,37,1,1068
25.539,2026-08-05T05:50:12.873956+00:00,right_shoulder_lift,2070,2156,86,38,16,188
25.539,2026-08-05T05:50:12.873956+00:00,right_elbow_flex,2097,2137,40,38,5,94
25.539,2026-08-05T05:50:12.873956+00:00,right_wrist_flex,1976,1990,14,35,1,42
25.539,2026-08-05T05:50:12.873956+00:00,right_wrist_roll,2114,2111,-3,34,0,1044
25.539,2026-08-05T05:50:12.873956+00:00,right_gripper,2428,2442,14,38,1,42
25.589,2026-08-05T05:50:12.924013+00:00,left_shoulder_pan,1857,1851,-6,37,1,1060
25.589,2026-08-05T05:50:12.924013+00:00,left_shoulder_lift,2389,2406,17,37,4,80
25.589,2026-08-05T05:50:12.924013+00:00,left_elbow_flex,1629,1641,12,34,2,60
25.589,2026-08-05T05:50:12.924013+00:00,left_wrist_flex,2169,2173,4,34,0,28
25.589,2026-08-05T05:50:12.924013+00:00,left_wrist_roll,1989,1987,-2,34,0,1044
25.589,2026-08-05T05:50:12.924013+00:00,left_gripper,2014,2014,0,36,0,0
25.589,2026-08-05T05:50:12.924013+00:00,right_shoulder_pan,2164,2144,-20,37,1,1066
25.589,2026-08-05T05:50:12.924013+00:00,right_shoulder_lift,2068,2156,88,38,20,188
25.589,2026-08-05T05:50:12.924013+00:00,right_elbow_flex,2097,2137,40,38,4,94
25.589,2026-08-05T05:50:12.924013+00:00,right_wrist_flex,1976,1990,14,35,1,42
25.589,2026-08-05T05:50:12.924013+00:00,right_wrist_roll,2114,2111,-3,34,0,1044
25.589,2026-08-05T05:50:12.924013+00:00,right_gripper,2428,2442,14,38,1,42
25.639,2026-08-05T05:50:12.974137+00:00,left_shoulder_pan,1857,1851,-6,37,1,1060
25.639,2026-08-05T05:50:12.974137+00:00,left_shoulder_lift,2389,2406,17,37,5,80
25.639,2026-08-05T05:50:12.974137+00:00,left_elbow_flex,1629,1641,12,34,2,60
25.639,2026-08-05T05:50:12.974137+00:00,left_wrist_flex,2169,2173,4,34,1,28
25.639,2026-08-05T05:50:12.974137+00:00,left_wrist_roll,1989,1987,-2,34,1,1044
25.639,2026-08-05T05:50:12.974137+00:00,left_gripper,2014,2014,0,36,0,0
25.639,2026-08-05T05:50:12.974137+00:00,right_shoulder_pan,2166,2148,-18,37,1,1066
25.639,2026-08-05T05:50:12.974137+00:00,right_shoulder_lift,2066,2156,90,38,21,196
25.639,2026-08-05T05:50:12.974137+00:00,right_elbow_flex,2097,2137,40,38,4,94
25.639,2026-08-05T05:50:12.974137+00:00,right_wrist_flex,1976,1990,14,35,1,42
25.639,2026-08-05T05:50:12.974137+00:00,right_wrist_roll,2114,2111,-3,34,1,1044
25.639,2026-08-05T05:50:12.974137+00:00,right_gripper,2428,2442,14,38,2,42
25.689,2026-08-05T05:50:13.024415+00:00,left_shoulder_pan,1857,1851,-6,37,1,1060
25.689,2026-08-05T05:50:13.024415+00:00,left_shoulder_lift,2389,2406,17,37,4,80
25.689,2026-08-05T05:50:13.024415+00:00,left_elbow_flex,1629,1641,12,34,2,60
25.689,2026-08-05T05:50:13.024415+00:00,left_wrist_flex,2169,2173,4,34,0,28
25.689,2026-08-05T05:50:13.024415+00:00,left_wrist_roll,1989,1987,-2,34,0,1044
25.689,2026-08-05T05:50:13.024415+00:00,left_gripper,2014,2014,0,36,0,0
25.689,2026-08-05T05:50:13.024415+00:00,right_shoulder_pan,2168,2150,-18,37,1,1068
25.689,2026-08-05T05:50:13.024415+00:00,right_shoulder_lift,2064,2156,92,38,16,196
25.689,2026-08-05T05:50:13.024415+00:00,right_elbow_flex,2097,2137,40,38,4,94
25.689,2026-08-05T05:50:13.024415+00:00,right_wrist_flex,1976,1990,14,35,1,42
25.689,2026-08-05T05:50:13.024415+00:00,right_wrist_roll,2114,2111,-3,34,0,1044
25.689,2026-08-05T05:50:13.024415+00:00,right_gripper,2428,2442,14,38,1,42
25.739,2026-08-05T05:50:13.074275+00:00,left_shoulder_pan,1857,1851,-6,37,1,1060
25.739,2026-08-05T05:50:13.074275+00:00,left_shoulder_lift,2389,2406,17,37,5,80
25.739,2026-08-05T05:50:13.074275+00:00,left_elbow_flex,1629,1641,12,34,2,60
25.739,2026-08-05T05:50:13.074275+00:00,left_wrist_flex,2169,2173,4,34,0,28
25.739,2026-08-05T05:50:13.074275+00:00,left_wrist_roll,1989,1987,-2,34,1,1044
25.739,2026-08-05T05:50:13.074275+00:00,left_gripper,2014,2014,0,36,0,0
25.739,2026-08-05T05:50:13.074275+00:00,right_shoulder_pan,2170,2153,-17,37,1,1062
25.739,2026-08-05T05:50:13.074275+00:00,right_shoulder_lift,2061,2156,95,38,21,200
25.739,2026-08-05T05:50:13.074275+00:00,right_elbow_flex,2097,2137,40,38,4,94
25.739,2026-08-05T05:50:13.074275+00:00,right_wrist_flex,1976,1990,14,35,1,42
25.739,2026-08-05T05:50:13.074275+00:00,right_wrist_roll,2114,2111,-3,34,0,1044
25.739,2026-08-05T05:50:13.074275+00:00,right_gripper,2428,2442,14,38,2,42
25.789,2026-08-05T05:50:13.124330+00:00,left_shoulder_pan,1857,1851,-6,37,1,1060
25.789,2026-08-05T05:50:13.124330+00:00,left_shoulder_lift,2389,2406,17,37,4,80
25.789,2026-08-05T05:50:13.124330+00:00,left_elbow_flex,1629,1641,12,34,2,60
25.789,2026-08-05T05:50:13.124330+00:00,left_wrist_flex,2169,2173,4,34,1,28
25.789,2026-08-05T05:50:13.124330+00:00,left_wrist_roll,1989,1987,-2,34,0,1044
25.789,2026-08-05T05:50:13.124330+00:00,left_gripper,2014,2014,0,36,0,0
25.789,2026-08-05T05:50:13.124330+00:00,right_shoulder_pan,2171,2156,-15,37,2,1066
25.789,2026-08-05T05:50:13.124330+00:00,right_shoulder_lift,2059,2156,97,38,21,210
25.789,2026-08-05T05:50:13.124330+00:00,right_elbow_flex,2097,2137,40,38,5,94
25.789,2026-08-05T05:50:13.124330+00:00,right_wrist_flex,1976,1990,14,35,1,42
25.789,2026-08-05T05:50:13.124330+00:00,right_wrist_roll,2114,2111,-3,34,0,1044
25.789,2026-08-05T05:50:13.124330+00:00,right_gripper,2428,2442,14,38,2,42
25.839,2026-08-05T05:50:13.174756+00:00,left_shoulder_pan,1857,1851,-6,37,1,1060
25.839,2026-08-05T05:50:13.174756+00:00,left_shoulder_lift,2389,2406,17,37,5,80
25.839,2026-08-05T05:50:13.174756+00:00,left_elbow_flex,1629,1641,12,34,2,60
25.839,2026-08-05T05:50:13.174756+00:00,left_wrist_flex,2169,2173,4,34,0,28
25.839,2026-08-05T05:50:13.174756+00:00,left_wrist_roll,1989,1987,-2,34,0,1044
25.839,2026-08-05T05:50:13.174756+00:00,left_gripper,2014,2014,0,37,0,0
25.839,2026-08-05T05:50:13.174756+00:00,right_shoulder_pan,2172,2157,-15,37,0,1062
25.839,2026-08-05T05:50:13.174756+00:00,right_shoulder_lift,2057,2156,99,38,25,210
25.839,2026-08-05T05:50:13.174756+00:00,right_elbow_flex,2097,2137,40,38,4,94
25.839,2026-08-05T05:50:13.174756+00:00,right_wrist_flex,1976,1990,14,35,1,42
25.839,2026-08-05T05:50:13.174756+00:00,right_wrist_roll,2114,2111,-3,34,0,1044
25.839,2026-08-05T05:50:13.174756+00:00,right_gripper,2428,2442,14,38,1,42
25.889,2026-08-05T05:50:13.224774+00:00,left_shoulder_pan,1857,1851,-6,37,1,1060
25.889,2026-08-05T05:50:13.224774+00:00,left_shoulder_lift,2389,2406,17,37,4,80
25.889,2026-08-05T05:50:13.224774+00:00,left_elbow_flex,1629,1641,12,34,2,60
25.889,2026-08-05T05:50:13.224774+00:00,left_wrist_flex,2169,2173,4,34,0,28
25.889,2026-08-05T05:50:13.224774+00:00,left_wrist_roll,1989,1987,-2,34,0,1044
25.889,2026-08-05T05:50:13.224774+00:00,left_gripper,2014,2014,0,36,0,0
25.889,2026-08-05T05:50:13.224774+00:00,right_shoulder_pan,2173,2159,-14,37,1,1064
25.889,2026-08-05T05:50:13.224774+00:00,right_shoulder_lift,2054,2156,102,38,20,214
25.889,2026-08-05T05:50:13.224774+00:00,right_elbow_flex,2097,2137,40,38,4,94
25.889,2026-08-05T05:50:13.224774+00:00,right_wrist_flex,1976,1990,14,35,1,42
25.889,2026-08-05T05:50:13.224774+00:00,right_wrist_roll,2114,2111,-3,34,0,1044
25.889,2026-08-05T05:50:13.224774+00:00,right_gripper,2428,2442,14,38,2,42
25.939,2026-08-05T05:50:13.275203+00:00,left_shoulder_pan,1857,1851,-6,37,1,1060
25.939,2026-08-05T05:50:13.275203+00:00,left_shoulder_lift,2389,2406,17,37,5,80
25.939,2026-08-05T05:50:13.275203+00:00,left_elbow_flex,1629,1641,12,34,2,60
25.939,2026-08-05T05:50:13.275203+00:00,left_wrist_flex,2169,2173,4,34,0,28
25.939,2026-08-05T05:50:13.275203+00:00,left_wrist_roll,1989,1987,-2,34,0,1044
25.939,2026-08-05T05:50:13.275203+00:00,left_gripper,2014,2014,0,37,0,0
25.939,2026-08-05T05:50:13.275203+00:00,right_shoulder_pan,2174,2159,-15,37,1,1066
25.939,2026-08-05T05:50:13.275203+00:00,right_shoulder_lift,2052,2156,104,38,27,220
25.939,2026-08-05T05:50:13.275203+00:00,right_elbow_flex,2097,2137,40,38,4,94
25.939,2026-08-05T05:50:13.275203+00:00,right_wrist_flex,1976,1990,14,35,1,42
25.939,2026-08-05T05:50:13.275203+00:00,right_wrist_roll,2114,2111,-3,33,0,1044
25.939,2026-08-05T05:50:13.275203+00:00,right_gripper,2428,2442,14,38,2,42
25.989,2026-08-05T05:50:13.325019+00:00,left_shoulder_pan,1857,1851,-6,37,1,1060
25.989,2026-08-05T05:50:13.325019+00:00,left_shoulder_lift,2389,2406,17,37,4,80
25.989,2026-08-05T05:50:13.325019+00:00,left_elbow_flex,1629,1641,12,34,2,60
25.989,2026-08-05T05:50:13.325019+00:00,left_wrist_flex,2169,2173,4,34,0,28
25.989,2026-08-05T05:50:13.325019+00:00,left_wrist_roll,1989,1987,-2,34,0,1044
25.989,2026-08-05T05:50:13.325019+00:00,left_gripper,2014,2014,0,37,0,0
25.989,2026-08-05T05:50:13.325019+00:00,right_shoulder_pan,2174,2159,-15,37,2,1068
25.989,2026-08-05T05:50:13.325019+00:00,right_shoulder_lift,2050,2156,106,38,23,224
25.989,2026-08-05T05:50:13.325019+00:00,right_elbow_flex,2097,2137,40,37,5,94
25.989,2026-08-05T05:50:13.325019+00:00,right_wrist_flex,1976,1990,14,35,1,42
25.989,2026-08-05T05:50:13.325019+00:00,right_wrist_roll,2114,2111,-3,34,1,1044
25.989,2026-08-05T05:50:13.325019+00:00,right_gripper,2428,2442,14,38,2,42
26.039,2026-08-05T05:50:13.374701+00:00,left_shoulder_pan,1857,1851,-6,37,1,1060
26.039,2026-08-05T05:50:13.374701+00:00,left_shoulder_lift,2389,2406,17,37,4,80
26.039,2026-08-05T05:50:13.374701+00:00,left_elbow_flex,1629,1641,12,34,2,60
26.039,2026-08-05T05:50:13.374701+00:00,left_wrist_flex,2169,2173,4,34,0,28
26.039,2026-08-05T05:50:13.374701+00:00,left_wrist_roll,1989,1987,-2,34,0,1044
26.039,2026-08-05T05:50:13.374701+00:00,left_gripper,2014,2014,0,36,0,0
26.039,2026-08-05T05:50:13.374701+00:00,right_shoulder_pan,2174,2159,-15,37,1,1068
26.039,2026-08-05T05:50:13.374701+00:00,right_shoulder_lift,2047,2156,109,38,21,228
26.039,2026-08-05T05:50:13.374701+00:00,right_elbow_flex,2097,2137,40,38,4,94
26.039,2026-08-05T05:50:13.374701+00:00,right_wrist_flex,1976,1990,14,35,1,42
26.039,2026-08-05T05:50:13.374701+00:00,right_wrist_roll,2114,2111,-3,34,0,1044
26.039,2026-08-05T05:50:13.374701+00:00,right_gripper,2428,2442,14,38,1,42
26.089,2026-08-05T05:50:13.424759+00:00,left_shoulder_pan,1857,1851,-6,37,1,1060
26.089,2026-08-05T05:50:13.424759+00:00,left_shoulder_lift,2389,2406,17,37,4,80
26.089,2026-08-05T05:50:13.424759+00:00,left_elbow_flex,1629,1641,12,34,3,60
26.089,2026-08-05T05:50:13.424759+00:00,left_wrist_flex,2169,2173,4,34,0,28
26.089,2026-08-05T05:50:13.424759+00:00,left_wrist_roll,1989,1987,-2,34,0,1044
26.089,2026-08-05T05:50:13.424759+00:00,left_gripper,2014,2014,0,36,0,0
26.089,2026-08-05T05:50:13.424759+00:00,right_shoulder_pan,2174,2160,-14,37,1,1066
26.089,2026-08-05T05:50:13.424759+00:00,right_shoulder_lift,2045,2156,111,38,29,238
26.089,2026-08-05T05:50:13.424759+00:00,right_elbow_flex,2097,2137,40,38,4,94
26.089,2026-08-05T05:50:13.424759+00:00,right_wrist_flex,1976,1990,14,35,1,42
26.089,2026-08-05T05:50:13.424759+00:00,right_wrist_roll,2114,2111,-3,34,0,1044
26.089,2026-08-05T05:50:13.424759+00:00,right_gripper,2428,2442,14,38,2,42
26.140,2026-08-05T05:50:13.474825+00:00,left_shoulder_pan,1857,1851,-6,37,1,1060
26.140,2026-08-05T05:50:13.474825+00:00,left_shoulder_lift,2389,2406,17,37,5,80
26.140,2026-08-05T05:50:13.474825+00:00,left_elbow_flex,1629,1641,12,34,2,60
26.140,2026-08-05T05:50:13.474825+00:00,left_wrist_flex,2169,2173,4,34,0,28
26.140,2026-08-05T05:50:13.474825+00:00,left_wrist_roll,1989,1987,-2,34,0,1044
26.140,2026-08-05T05:50:13.474825+00:00,left_gripper,2014,2014,0,36,0,0
26.140,2026-08-05T05:50:13.474825+00:00,right_shoulder_pan,2173,2160,-13,37,1,1064
26.140,2026-08-05T05:50:13.474825+00:00,right_shoulder_lift,2042,2156,114,38,26,238
26.140,2026-08-05T05:50:13.474825+00:00,right_elbow_flex,2097,2137,40,38,4,94
26.140,2026-08-05T05:50:13.474825+00:00,right_wrist_flex,1976,1990,14,35,1,42
26.140,2026-08-05T05:50:13.474825+00:00,right_wrist_roll,2114,2111,-3,34,1,1044
26.140,2026-08-05T05:50:13.474825+00:00,right_gripper,2428,2442,14,38,2,42
26.190,2026-08-05T05:50:13.526294+00:00,left_shoulder_pan,1857,1851,-6,37,1,1060
26.190,2026-08-05T05:50:13.526294+00:00,left_shoulder_lift,2389,2406,17,37,4,80
26.190,2026-08-05T05:50:13.526294+00:00,left_elbow_flex,1629,1641,12,34,2,60
26.190,2026-08-05T05:50:13.526294+00:00,left_wrist_flex,2169,2173,4,34,0,28
26.190,2026-08-05T05:50:13.526294+00:00,left_wrist_roll,1989,1987,-2,34,0,1044
26.190,2026-08-05T05:50:13.526294+00:00,left_gripper,2014,2014,0,36,0,0
26.190,2026-08-05T05:50:13.526294+00:00,right_shoulder_pan,2172,2160,-12,37,1,1062
26.190,2026-08-05T05:50:13.526294+00:00,right_shoulder_lift,2040,2156,116,38,27,248
26.190,2026-08-05T05:50:13.526294+00:00,right_elbow_flex,2097,2137,40,38,4,94
26.190,2026-08-05T05:50:13.526294+00:00,right_wrist_flex,1976,1990,14,35,1,42
26.190,2026-08-05T05:50:13.526294+00:00,right_wrist_roll,2114,2111,-3,34,0,1044
26.190,2026-08-05T05:50:13.526294+00:00,right_gripper,2428,2442,14,38,1,42
26.240,2026-08-05T05:50:13.575207+00:00,left_shoulder_pan,1857,1851,-6,37,1,1060
26.240,2026-08-05T05:50:13.575207+00:00,left_shoulder_lift,2389,2406,17,37,4,80
26.240,2026-08-05T05:50:13.575207+00:00,left_elbow_flex,1629,1641,12,34,2,60
26.240,2026-08-05T05:50:13.575207+00:00,left_wrist_flex,2169,2173,4,34,1,28
26.240,2026-08-05T05:50:13.575207+00:00,left_wrist_roll,1989,1987,-2,34,0,1044
26.240,2026-08-05T05:50:13.575207+00:00,left_gripper,2014,2014,0,36,0,0
26.240,2026-08-05T05:50:13.575207+00:00,right_shoulder_pan,2170,2160,-10,37,1,1060
26.240,2026-08-05T05:50:13.575207+00:00,right_shoulder_lift,2038,2156,118,38,32,248
26.240,2026-08-05T05:50:13.575207+00:00,right_elbow_flex,2097,2137,40,38,4,94
26.240,2026-08-05T05:50:13.575207+00:00,right_wrist_flex,1976,1990,14,35,1,42
26.240,2026-08-05T05:50:13.575207+00:00,right_wrist_roll,2114,2111,-3,34,0,1044
26.240,2026-08-05T05:50:13.575207+00:00,right_gripper,2428,2442,14,38,2,42
26.290,2026-08-05T05:50:13.625292+00:00,left_shoulder_pan,1857,1851,-6,37,2,1060
26.290,2026-08-05T05:50:13.625292+00:00,left_shoulder_lift,2389,2406,17,37,4,80
26.290,2026-08-05T05:50:13.625292+00:00,left_elbow_flex,1629,1641,12,34,2,60
26.290,2026-08-05T05:50:13.625292+00:00,left_wrist_flex,2169,2173,4,34,0,28
26.290,2026-08-05T05:50:13.625292+00:00,left_wrist_roll,1989,1987,-2,34,0,1044
26.290,2026-08-05T05:50:13.625292+00:00,left_gripper,2014,2014,0,36,0,0
26.290,2026-08-05T05:50:13.625292+00:00,right_shoulder_pan,2169,2160,-9,37,1,1056
26.290,2026-08-05T05:50:13.625292+00:00,right_shoulder_lift,2035,2156,121,38,33,252
26.290,2026-08-05T05:50:13.625292+00:00,right_elbow_flex,2097,2137,40,38,5,94
26.290,2026-08-05T05:50:13.625292+00:00,right_wrist_flex,1976,1990,14,35,1,42
26.290,2026-08-05T05:50:13.625292+00:00,right_wrist_roll,2114,2111,-3,34,1,1044
26.290,2026-08-05T05:50:13.625292+00:00,right_gripper,2428,2442,14,38,2,42
26.340,2026-08-05T05:50:13.675144+00:00,left_shoulder_pan,1857,1851,-6,37,1,1060
26.340,2026-08-05T05:50:13.675144+00:00,left_shoulder_lift,2389,2406,17,37,4,80
26.340,2026-08-05T05:50:13.675144+00:00,left_elbow_flex,1629,1641,12,34,2,60
26.340,2026-08-05T05:50:13.675144+00:00,left_wrist_flex,2169,2173,4,34,0,28
26.340,2026-08-05T05:50:13.675144+00:00,left_wrist_roll,1989,1987,-2,34,1,1044
26.340,2026-08-05T05:50:13.675144+00:00,left_gripper,2014,2014,0,37,0,0
26.340,2026-08-05T05:50:13.675144+00:00,right_shoulder_pan,2167,2160,-7,37,1,1054
26.340,2026-08-05T05:50:13.675144+00:00,right_shoulder_lift,2033,2156,123,38,28,258
26.340,2026-08-05T05:50:13.675144+00:00,right_elbow_flex,2097,2137,40,37,4,94
26.340,2026-08-05T05:50:13.675144+00:00,right_wrist_flex,1976,1990,14,35,0,42
26.340,2026-08-05T05:50:13.675144+00:00,right_wrist_roll,2114,2111,-3,34,1,1044
26.340,2026-08-05T05:50:13.675144+00:00,right_gripper,2428,2442,14,38,2,42
26.390,2026-08-05T05:50:13.725574+00:00,left_shoulder_pan,1857,1851,-6,37,1,1060
26.390,2026-08-05T05:50:13.725574+00:00,left_shoulder_lift,2389,2406,17,37,4,80
26.390,2026-08-05T05:50:13.725574+00:00,left_elbow_flex,1629,1641,12,34,2,60
26.390,2026-08-05T05:50:13.725574+00:00,left_wrist_flex,2169,2173,4,34,0,28
26.390,2026-08-05T05:50:13.725574+00:00,left_wrist_roll,1989,1987,-2,34,0,1044
26.390,2026-08-05T05:50:13.725574+00:00,left_gripper,2014,2014,0,36,0,0
26.390,2026-08-05T05:50:13.725574+00:00,right_shoulder_pan,2165,2160,-5,37,0,1046
26.390,2026-08-05T05:50:13.725574+00:00,right_shoulder_lift,2031,2156,125,38,29,266
26.390,2026-08-05T05:50:13.725574+00:00,right_elbow_flex,2097,2137,40,38,5,94
26.390,2026-08-05T05:50:13.725574+00:00,right_wrist_flex,1976,1990,14,35,1,42
26.390,2026-08-05T05:50:13.725574+00:00,right_wrist_roll,2114,2111,-3,34,0,1044
26.390,2026-08-05T05:50:13.725574+00:00,right_gripper,2428,2442,14,38,2,42
26.440,2026-08-05T05:50:13.775251+00:00,left_shoulder_pan,1857,1851,-6,37,1,1060
26.440,2026-08-05T05:50:13.775251+00:00,left_shoulder_lift,2389,2406,17,37,4,80
26.440,2026-08-05T05:50:13.775251+00:00,left_elbow_flex,1629,1641,12,34,2,60
26.440,2026-08-05T05:50:13.775251+00:00,left_wrist_flex,2169,2173,4,34,0,28
26.440,2026-08-05T05:50:13.775251+00:00,left_wrist_roll,1989,1987,-2,34,0,1044
26.440,2026-08-05T05:50:13.775251+00:00,left_gripper,2014,2014,0,36,0,0
26.440,2026-08-05T05:50:13.775251+00:00,right_shoulder_pan,2162,2160,-2,37,0,1046
26.440,2026-08-05T05:50:13.775251+00:00,right_shoulder_lift,2029,2156,127,38,38,266
26.440,2026-08-05T05:50:13.775251+00:00,right_elbow_flex,2097,2137,40,38,4,94
26.440,2026-08-05T05:50:13.775251+00:00,right_wrist_flex,1976,1990,14,35,0,42
26.440,2026-08-05T05:50:13.775251+00:00,right_wrist_roll,2114,2111,-3,34,0,1044
26.440,2026-08-05T05:50:13.775251+00:00,right_gripper,2428,2442,14,38,2,42
26.490,2026-08-05T05:50:13.825536+00:00,left_shoulder_pan,1857,1851,-6,37,1,1060
26.490,2026-08-05T05:50:13.825536+00:00,left_shoulder_lift,2389,2406,17,37,4,80
26.490,2026-08-05T05:50:13.825536+00:00,left_elbow_flex,1629,1641,12,34,2,60
26.490,2026-08-05T05:50:13.825536+00:00,left_wrist_flex,2169,2173,4,34,1,28
26.490,2026-08-05T05:50:13.825536+00:00,left_wrist_roll,1989,1987,-2,34,0,1044
26.490,2026-08-05T05:50:13.825536+00:00,left_gripper,2014,2014,0,36,0,0
26.490,2026-08-05T05:50:13.825536+00:00,right_shoulder_pan,2159,2160,1,37,1,20
26.490,2026-08-05T05:50:13.825536+00:00,right_shoulder_lift,2026,2156,130,38,30,274
26.490,2026-08-05T05:50:13.825536+00:00,right_elbow_flex,2097,2137,40,38,5,94
26.490,2026-08-05T05:50:13.825536+00:00,right_wrist_flex,1976,1990,14,35,1,42
26.490,2026-08-05T05:50:13.825536+00:00,right_wrist_roll,2114,2111,-3,34,0,1044
26.490,2026-08-05T05:50:13.825536+00:00,right_gripper,2428,2442,14,38,2,42
26.540,2026-08-05T05:50:13.875703+00:00,left_shoulder_pan,1857,1851,-6,37,1,1060
26.540,2026-08-05T05:50:13.875703+00:00,left_shoulder_lift,2389,2406,17,37,5,80
26.540,2026-08-05T05:50:13.875703+00:00,left_elbow_flex,1629,1641,12,34,2,60
26.540,2026-08-05T05:50:13.875703+00:00,left_wrist_flex,2169,2173,4,34,0,28
26.540,2026-08-05T05:50:13.875703+00:00,left_wrist_roll,1989,1987,-2,34,0,1044
26.540,2026-08-05T05:50:13.875703+00:00,left_gripper,2014,2014,0,36,0,0
26.540,2026-08-05T05:50:13.875703+00:00,right_shoulder_pan,2156,2159,3,37,0,0
26.540,2026-08-05T05:50:13.875703+00:00,right_shoulder_lift,2024,2156,132,38,32,276
26.540,2026-08-05T05:50:13.875703+00:00,right_elbow_flex,2097,2137,40,38,4,94
26.540,2026-08-05T05:50:13.875703+00:00,right_wrist_flex,1976,1990,14,35,1,42
26.540,2026-08-05T05:50:13.875703+00:00,right_wrist_roll,2114,2111,-3,34,0,1044
26.540,2026-08-05T05:50:13.875703+00:00,right_gripper,2428,2442,14,38,2,42
26.590,2026-08-05T05:50:13.925973+00:00,left_shoulder_pan,1857,1851,-6,37,1,1060
26.590,2026-08-05T05:50:13.925973+00:00,left_shoulder_lift,2389,2406,17,37,4,80
26.590,2026-08-05T05:50:13.925973+00:00,left_elbow_flex,1629,1641,12,34,2,60
26.590,2026-08-05T05:50:13.925973+00:00,left_wrist_flex,2169,2173,4,34,0,28
26.590,2026-08-05T05:50:13.925973+00:00,left_wrist_roll,1989,1987,-2,34,0,1044
26.590,2026-08-05T05:50:13.925973+00:00,left_gripper,2014,2014,0,36,0,0
26.590,2026-08-05T05:50:13.925973+00:00,right_shoulder_pan,2153,2159,6,37,1,26
26.590,2026-08-05T05:50:13.925973+00:00,right_shoulder_lift,2022,2156,134,38,36,284
26.590,2026-08-05T05:50:13.925973+00:00,right_elbow_flex,2097,2137,40,37,4,94
26.590,2026-08-05T05:50:13.925973+00:00,right_wrist_flex,1976,1990,14,35,1,42
26.590,2026-08-05T05:50:13.925973+00:00,right_wrist_roll,2114,2111,-3,34,0,1044
26.590,2026-08-05T05:50:13.925973+00:00,right_gripper,2428,2442,14,38,2,42
26.640,2026-08-05T05:50:13.975531+00:00,left_shoulder_pan,1857,1851,-6,37,1,1060
26.640,2026-08-05T05:50:13.975531+00:00,left_shoulder_lift,2389,2406,17,37,5,80
26.640,2026-08-05T05:50:13.975531+00:00,left_elbow_flex,1629,1641,12,34,2,60
26.640,2026-08-05T05:50:13.975531+00:00,left_wrist_flex,2169,2173,4,34,1,28
26.640,2026-08-05T05:50:13.975531+00:00,left_wrist_roll,1989,1987,-2,34,1,1044
26.640,2026-08-05T05:50:13.975531+00:00,left_gripper,2014,2014,0,36,0,0
26.640,2026-08-05T05:50:13.975531+00:00,right_shoulder_pan,2149,2159,10,37,1,28
26.640,2026-08-05T05:50:13.975531+00:00,right_shoulder_lift,2020,2156,136,38,39,284
26.640,2026-08-05T05:50:13.975531+00:00,right_elbow_flex,2097,2137,40,38,4,94
26.640,2026-08-05T05:50:13.975531+00:00,right_wrist_flex,1976,1990,14,35,1,42
26.640,2026-08-05T05:50:13.975531+00:00,right_wrist_roll,2114,2111,-3,34,0,1044
26.640,2026-08-05T05:50:13.975531+00:00,right_gripper,2428,2442,14,38,1,42
26.690,2026-08-05T05:50:14.026270+00:00,left_shoulder_pan,1857,1851,-6,37,1,1060
26.690,2026-08-05T05:50:14.026270+00:00,left_shoulder_lift,2389,2406,17,37,5,80
26.690,2026-08-05T05:50:14.026270+00:00,left_elbow_flex,1629,1641,12,34,2,60
26.690,2026-08-05T05:50:14.026270+00:00,left_wrist_flex,2169,2173,4,34,1,28
26.690,2026-08-05T05:50:14.026270+00:00,left_wrist_roll,1989,1987,-2,34,0,1044
26.690,2026-08-05T05:50:14.026270+00:00,left_gripper,2014,2014,0,36,0,0
26.690,2026-08-05T05:50:14.026270+00:00,right_shoulder_pan,2145,2159,14,37,0,40
26.690,2026-08-05T05:50:14.026270+00:00,right_shoulder_lift,2018,2156,138,38,43,292
26.690,2026-08-05T05:50:14.026270+00:00,right_elbow_flex,2097,2137,40,38,4,94
26.690,2026-08-05T05:50:14.026270+00:00,right_wrist_flex,1976,1990,14,35,1,42
26.690,2026-08-05T05:50:14.026270+00:00,right_wrist_roll,2114,2111,-3,34,1,1044
26.690,2026-08-05T05:50:14.026270+00:00,right_gripper,2428,2442,14,38,2,42
26.740,2026-08-05T05:50:14.075972+00:00,left_shoulder_pan,1857,1851,-6,37,1,1060
26.740,2026-08-05T05:50:14.075972+00:00,left_shoulder_lift,2389,2406,17,37,5,80
26.740,2026-08-05T05:50:14.075972+00:00,left_elbow_flex,1629,1641,12,34,2,60
26.740,2026-08-05T05:50:14.075972+00:00,left_wrist_flex,2169,2173,4,34,0,28
26.740,2026-08-05T05:50:14.075972+00:00,left_wrist_roll,1989,1987,-2,34,0,1044
26.740,2026-08-05T05:50:14.075972+00:00,left_gripper,2014,2014,0,36,0,0
26.740,2026-08-05T05:50:14.075972+00:00,right_shoulder_pan,2141,2158,17,37,1,42
26.740,2026-08-05T05:50:14.075972+00:00,right_shoulder_lift,2016,2156,140,38,40,292
26.740,2026-08-05T05:50:14.075972+00:00,right_elbow_flex,2097,2137,40,38,4,94
26.740,2026-08-05T05:50:14.075972+00:00,right_wrist_flex,1976,1990,14,35,1,42
26.740,2026-08-05T05:50:14.075972+00:00,right_wrist_roll,2114,2111,-3,34,0,1044
26.740,2026-08-05T05:50:14.075972+00:00,right_gripper,2428,2442,14,38,2,42
26.790,2026-08-05T05:50:14.126556+00:00,left_shoulder_pan,1857,1851,-6,37,1,1060
26.790,2026-08-05T05:50:14.126556+00:00,left_shoulder_lift,2389,2406,17,37,4,80
26.790,2026-08-05T05:50:14.126556+00:00,left_elbow_flex,1629,1641,12,34,2,60
26.790,2026-08-05T05:50:14.126556+00:00,left_wrist_flex,2169,2173,4,34,0,28
26.790,2026-08-05T05:50:14.126556+00:00,left_wrist_roll,1989,1987,-2,34,0,1044
26.790,2026-08-05T05:50:14.126556+00:00,left_gripper,2014,2014,0,36,0,0
26.790,2026-08-05T05:50:14.126556+00:00,right_shoulder_pan,2137,2155,18,37,0,44
26.790,2026-08-05T05:50:14.126556+00:00,right_shoulder_lift,2014,2156,142,38,42,300
26.790,2026-08-05T05:50:14.126556+00:00,right_elbow_flex,2097,2137,40,38,5,94
26.790,2026-08-05T05:50:14.126556+00:00,right_wrist_flex,1976,1990,14,35,1,42
26.790,2026-08-05T05:50:14.126556+00:00,right_wrist_roll,2114,2111,-3,34,0,1044
26.790,2026-08-05T05:50:14.126556+00:00,right_gripper,2428,2442,14,38,2,42
26.841,2026-08-05T05:50:14.175833+00:00,left_shoulder_pan,1857,1851,-6,37,1,1060
26.841,2026-08-05T05:50:14.175833+00:00,left_shoulder_lift,2389,2406,17,37,4,80
26.841,2026-08-05T05:50:14.175833+00:00,left_elbow_flex,1629,1641,12,34,2,60
26.841,2026-08-05T05:50:14.175833+00:00,left_wrist_flex,2169,2173,4,34,1,28
26.841,2026-08-05T05:50:14.175833+00:00,left_wrist_roll,1989,1987,-2,34,0,1044
26.841,2026-08-05T05:50:14.175833+00:00,left_gripper,2014,2014,0,36,0,0
26.841,2026-08-05T05:50:14.175833+00:00,right_shoulder_pan,2132,2152,20,37,1,42
26.841,2026-08-05T05:50:14.175833+00:00,right_shoulder_lift,2012,2156,144,38,38,300
26.841,2026-08-05T05:50:14.175833+00:00,right_elbow_flex,2097,2137,40,37,4,94
26.841,2026-08-05T05:50:14.175833+00:00,right_wrist_flex,1976,1990,14,35,1,42
26.841,2026-08-05T05:50:14.175833+00:00,right_wrist_roll,2114,2111,-3,34,0,1044
26.841,2026-08-05T05:50:14.175833+00:00,right_gripper,2428,2442,14,38,2,42
26.891,2026-08-05T05:50:14.226278+00:00,left_shoulder_pan,1857,1851,-6,37,1,1060
26.891,2026-08-05T05:50:14.226278+00:00,left_shoulder_lift,2389,2406,17,37,4,80
26.891,2026-08-05T05:50:14.226278+00:00,left_elbow_flex,1629,1641,12,34,2,60
26.891,2026-08-05T05:50:14.226278+00:00,left_wrist_flex,2169,2173,4,34,1,28
26.891,2026-08-05T05:50:14.226278+00:00,left_wrist_roll,1989,1987,-2,34,0,1044
26.891,2026-08-05T05:50:14.226278+00:00,left_gripper,2014,2014,0,36,0,0
26.891,2026-08-05T05:50:14.226278+00:00,right_shoulder_pan,2127,2148,21,37,1,46
26.891,2026-08-05T05:50:14.226278+00:00,right_shoulder_lift,2010,2156,146,38,40,308
26.891,2026-08-05T05:50:14.226278+00:00,right_elbow_flex,2097,2137,40,37,4,94
26.891,2026-08-05T05:50:14.226278+00:00,right_wrist_flex,1976,1990,14,35,1,42
26.891,2026-08-05T05:50:14.226278+00:00,right_wrist_roll,2114,2111,-3,34,0,1044
26.891,2026-08-05T05:50:14.226278+00:00,right_gripper,2428,2442,14,38,1,42
26.941,2026-08-05T05:50:14.276379+00:00,left_shoulder_pan,1857,1851,-6,37,1,1060
26.941,2026-08-05T05:50:14.276379+00:00,left_shoulder_lift,2389,2406,17,37,4,80
26.941,2026-08-05T05:50:14.276379+00:00,left_elbow_flex,1629,1641,12,34,2,60
26.941,2026-08-05T05:50:14.276379+00:00,left_wrist_flex,2169,2173,4,34,0,28
26.941,2026-08-05T05:50:14.276379+00:00,left_wrist_roll,1989,1987,-2,34,0,1044
26.941,2026-08-05T05:50:14.276379+00:00,left_gripper,2014,2014,0,36,0,0
26.941,2026-08-05T05:50:14.276379+00:00,right_shoulder_pan,2122,2143,21,37,1,50
26.941,2026-08-05T05:50:14.276379+00:00,right_shoulder_lift,2009,2156,147,38,40,308
26.941,2026-08-05T05:50:14.276379+00:00,right_elbow_flex,2097,2137,40,38,4,94
26.941,2026-08-05T05:50:14.276379+00:00,right_wrist_flex,1976,1990,14,35,1,42
26.941,2026-08-05T05:50:14.276379+00:00,right_wrist_roll,2114,2111,-3,34,1,1044
26.941,2026-08-05T05:50:14.276379+00:00,right_gripper,2428,2442,14,38,2,42
26.991,2026-08-05T05:50:14.325991+00:00,left_shoulder_pan,1857,1851,-6,37,1,1060
26.991,2026-08-05T05:50:14.325991+00:00,left_shoulder_lift,2389,2406,17,37,4,80
26.991,2026-08-05T05:50:14.325991+00:00,left_elbow_flex,1629,1641,12,34,2,60
26.991,2026-08-05T05:50:14.325991+00:00,left_wrist_flex,2169,2173,4,34,0,28
26.991,2026-08-05T05:50:14.325991+00:00,left_wrist_roll,1989,1987,-2,34,0,1044
26.991,2026-08-05T05:50:14.325991+00:00,left_gripper,2014,2014,0,36,0,0
26.991,2026-08-05T05:50:14.325991+00:00,right_shoulder_pan,2116,2138,22,37,1,38
26.991,2026-08-05T05:50:14.325991+00:00,right_shoulder_lift,2007,2156,149,38,53,314
26.991,2026-08-05T05:50:14.325991+00:00,right_elbow_flex,2097,2137,40,38,5,94
26.991,2026-08-05T05:50:14.325991+00:00,right_wrist_flex,1976,1990,14,35,1,42
26.991,2026-08-05T05:50:14.325991+00:00,right_wrist_roll,2114,2111,-3,34,0,1044
26.991,2026-08-05T05:50:14.325991+00:00,right_gripper,2428,2442,14,38,2,42
27.041,2026-08-05T05:50:14.376293+00:00,left_shoulder_pan,1857,1851,-6,37,1,1060
27.041,2026-08-05T05:50:14.376293+00:00,left_shoulder_lift,2389,2406,17,37,4,80
27.041,2026-08-05T05:50:14.376293+00:00,left_elbow_flex,1629,1641,12,34,2,60
27.041,2026-08-05T05:50:14.376293+00:00,left_wrist_flex,2169,2173,4,34,1,28
27.041,2026-08-05T05:50:14.376293+00:00,left_wrist_roll,1989,1987,-2,34,0,1044
27.041,2026-08-05T05:50:14.376293+00:00,left_gripper,2014,2014,0,36,0,0
27.041,2026-08-05T05:50:14.376293+00:00,right_shoulder_pan,2111,2132,21,37,1,50
27.041,2026-08-05T05:50:14.376293+00:00,right_shoulder_lift,2005,2156,151,38,49,314
27.041,2026-08-05T05:50:14.376293+00:00,right_elbow_flex,2097,2137,40,38,4,94
27.041,2026-08-05T05:50:14.376293+00:00,right_wrist_flex,1976,1990,14,35,1,42
27.041,2026-08-05T05:50:14.376293+00:00,right_wrist_roll,2114,2111,-3,34,0,1044
27.041,2026-08-05T05:50:14.376293+00:00,right_gripper,2428,2442,14,38,2,42
27.091,2026-08-05T05:50:14.426557+00:00,left_shoulder_pan,1857,1851,-6,37,1,1060
27.091,2026-08-05T05:50:14.426557+00:00,left_shoulder_lift,2389,2406,17,37,4,80
27.091,2026-08-05T05:50:14.426557+00:00,left_elbow_flex,1629,1641,12,34,3,60
27.091,2026-08-05T05:50:14.426557+00:00,left_wrist_flex,2169,2173,4,34,0,28
27.091,2026-08-05T05:50:14.426557+00:00,left_wrist_roll,1989,1987,-2,34,1,1044
27.091,2026-08-05T05:50:14.426557+00:00,left_gripper,2014,2014,0,36,0,0
27.091,2026-08-05T05:50:14.426557+00:00,right_shoulder_pan,2105,2127,22,37,1,42
27.091,2026-08-05T05:50:14.426557+00:00,right_shoulder_lift,2004,2156,152,38,44,322
27.091,2026-08-05T05:50:14.426557+00:00,right_elbow_flex,2097,2137,40,38,4,94
27.091,2026-08-05T05:50:14.426557+00:00,right_wrist_flex,1976,1990,14,35,1,42
27.091,2026-08-05T05:50:14.426557+00:00,right_wrist_roll,2114,2111,-3,34,0,1044
27.091,2026-08-05T05:50:14.426557+00:00,right_gripper,2428,2442,14,38,2,42
27.141,2026-08-05T05:50:14.476274+00:00,left_shoulder_pan,1857,1851,-6,37,1,1060
27.141,2026-08-05T05:50:14.476274+00:00,left_shoulder_lift,2389,2406,17,37,5,80
27.141,2026-08-05T05:50:14.476274+00:00,left_elbow_flex,1629,1641,12,34,2,60
27.141,2026-08-05T05:50:14.476274+00:00,left_wrist_flex,2169,2173,4,34,0,28
27.141,2026-08-05T05:50:14.476274+00:00,left_wrist_roll,1989,1987,-2,34,0,1044
27.141,2026-08-05T05:50:14.476274+00:00,left_gripper,2014,2014,0,36,0,0
27.141,2026-08-05T05:50:14.476274+00:00,right_shoulder_pan,2099,2121,22,37,1,56
27.141,2026-08-05T05:50:14.476274+00:00,right_shoulder_lift,2002,2156,154,38,42,320
27.141,2026-08-05T05:50:14.476274+00:00,right_elbow_flex,2097,2137,40,37,4,94
27.141,2026-08-05T05:50:14.476274+00:00,right_wrist_flex,1976,1990,14,35,1,42
27.141,2026-08-05T05:50:14.476274+00:00,right_wrist_roll,2114,2111,-3,34,0,1044
27.141,2026-08-05T05:50:14.476274+00:00,right_gripper,2428,2442,14,38,1,42
27.191,2026-08-05T05:50:14.526382+00:00,left_shoulder_pan,1857,1851,-6,37,1,1060
27.191,2026-08-05T05:50:14.526382+00:00,left_shoulder_lift,2389,2406,17,37,5,80
27.191,2026-08-05T05:50:14.526382+00:00,left_elbow_flex,1629,1641,12,34,2,60
27.191,2026-08-05T05:50:14.526382+00:00,left_wrist_flex,2169,2173,4,34,0,28
27.191,2026-08-05T05:50:14.526382+00:00,left_wrist_roll,1989,1987,-2,34,1,1044
27.191,2026-08-05T05:50:14.526382+00:00,left_gripper,2014,2014,0,36,0,0
27.191,2026-08-05T05:50:14.526382+00:00,right_shoulder_pan,2093,2116,23,37,1,48
27.191,2026-08-05T05:50:14.526382+00:00,right_shoulder_lift,2001,2156,155,38,52,328
27.191,2026-08-05T05:50:14.526382+00:00,right_elbow_flex,2097,2137,40,38,4,94
27.191,2026-08-05T05:50:14.526382+00:00,right_wrist_flex,1976,1990,14,35,1,42
27.191,2026-08-05T05:50:14.526382+00:00,right_wrist_roll,2114,2111,-3,34,1,1044
27.191,2026-08-05T05:50:14.526382+00:00,right_gripper,2428,2442,14,38,1,42
27.241,2026-08-05T05:50:14.577044+00:00,left_shoulder_pan,1857,1851,-6,37,1,1060
27.241,2026-08-05T05:50:14.577044+00:00,left_shoulder_lift,2389,2406,17,37,4,80
27.241,2026-08-05T05:50:14.577044+00:00,left_elbow_flex,1629,1641,12,34,2,60
27.241,2026-08-05T05:50:14.577044+00:00,left_wrist_flex,2169,2173,4,34,1,28
27.241,2026-08-05T05:50:14.577044+00:00,left_wrist_roll,1989,1987,-2,34,1,1044
27.241,2026-08-05T05:50:14.577044+00:00,left_gripper,2014,2014,0,36,0,0
27.241,2026-08-05T05:50:14.577044+00:00,right_shoulder_pan,2086,2110,24,37,1,52
27.241,2026-08-05T05:50:14.577044+00:00,right_shoulder_lift,1999,2156,157,38,55,326
27.241,2026-08-05T05:50:14.577044+00:00,right_elbow_flex,2097,2137,40,38,5,94
27.241,2026-08-05T05:50:14.577044+00:00,right_wrist_flex,1976,1990,14,35,1,42
27.241,2026-08-05T05:50:14.577044+00:00,right_wrist_roll,2114,2111,-3,34,1,1044
27.241,2026-08-05T05:50:14.577044+00:00,right_gripper,2428,2442,14,38,1,42
27.291,2026-08-05T05:50:14.626766+00:00,left_shoulder_pan,1857,1851,-6,37,1,1060
27.291,2026-08-05T05:50:14.626766+00:00,left_shoulder_lift,2389,2406,17,37,4,80
27.291,2026-08-05T05:50:14.626766+00:00,left_elbow_flex,1629,1641,12,34,2,60
27.291,2026-08-05T05:50:14.626766+00:00,left_wrist_flex,2169,2173,4,34,1,28
27.291,2026-08-05T05:50:14.626766+00:00,left_wrist_roll,1989,1987,-2,34,0,1044
27.291,2026-08-05T05:50:14.626766+00:00,left_gripper,2014,2014,0,36,0,0
27.291,2026-08-05T05:50:14.626766+00:00,right_shoulder_pan,2080,2104,24,37,1,48
27.291,2026-08-05T05:50:14.626766+00:00,right_shoulder_lift,1998,2156,158,38,49,330
27.291,2026-08-05T05:50:14.626766+00:00,right_elbow_flex,2097,2137,40,38,4,94
27.291,2026-08-05T05:50:14.626766+00:00,right_wrist_flex,1976,1990,14,35,0,42
27.291,2026-08-05T05:50:14.626766+00:00,right_wrist_roll,2114,2111,-3,34,0,1044
27.291,2026-08-05T05:50:14.626766+00:00,right_gripper,2428,2442,14,38,2,42
27.341,2026-08-05T05:50:14.676800+00:00,left_shoulder_pan,1857,1851,-6,37,1,1060
27.341,2026-08-05T05:50:14.676800+00:00,left_shoulder_lift,2389,2406,17,37,4,80
27.341,2026-08-05T05:50:14.676800+00:00,left_elbow_flex,1629,1641,12,34,2,60
27.341,2026-08-05T05:50:14.676800+00:00,left_wrist_flex,2169,2173,4,34,0,28
27.341,2026-08-05T05:50:14.676800+00:00,left_wrist_roll,1989,1987,-2,34,1,1044
27.341,2026-08-05T05:50:14.676800+00:00,left_gripper,2014,2014,0,36,0,0
27.341,2026-08-05T05:50:14.676800+00:00,right_shoulder_pan,2073,2098,25,37,1,52
27.341,2026-08-05T05:50:14.676800+00:00,right_shoulder_lift,1997,2156,159,38,49,332
27.341,2026-08-05T05:50:14.676800+00:00,right_elbow_flex,2097,2137,40,38,4,94
27.341,2026-08-05T05:50:14.676800+00:00,right_wrist_flex,1976,1990,14,35,1,42
27.341,2026-08-05T05:50:14.676800+00:00,right_wrist_roll,2114,2111,-3,34,0,1044
27.341,2026-08-05T05:50:14.676800+00:00,right_gripper,2428,2442,14,38,2,42
27.391,2026-08-05T05:50:14.727247+00:00,left_shoulder_pan,1857,1851,-6,37,1,1060
27.391,2026-08-05T05:50:14.727247+00:00,left_shoulder_lift,2389,2406,17,37,4,80
27.391,2026-08-05T05:50:14.727247+00:00,left_elbow_flex,1629,1641,12,34,2,60
27.391,2026-08-05T05:50:14.727247+00:00,left_wrist_flex,2169,2173,4,34,0,28
27.391,2026-08-05T05:50:14.727247+00:00,left_wrist_roll,1989,1987,-2,34,1,1044
27.391,2026-08-05T05:50:14.727247+00:00,left_gripper,2014,2014,0,37,0,0
27.391,2026-08-05T05:50:14.727247+00:00,right_shoulder_pan,2066,2092,26,37,1,50
27.391,2026-08-05T05:50:14.727247+00:00,right_shoulder_lift,1996,2156,160,38,51,334
27.391,2026-08-05T05:50:14.727247+00:00,right_elbow_flex,2097,2137,40,37,4,94
27.391,2026-08-05T05:50:14.727247+00:00,right_wrist_flex,1976,1990,14,35,1,42
27.391,2026-08-05T05:50:14.727247+00:00,right_wrist_roll,2114,2111,-3,34,0,1044
27.391,2026-08-05T05:50:14.727247+00:00,right_gripper,2428,2442,14,38,1,42
27.441,2026-08-05T05:50:14.776706+00:00,left_shoulder_pan,1857,1851,-6,37,1,1060
27.441,2026-08-05T05:50:14.776706+00:00,left_shoulder_lift,2389,2406,17,37,4,80
27.441,2026-08-05T05:50:14.776706+00:00,left_elbow_flex,1629,1641,12,34,2,60
27.441,2026-08-05T05:50:14.776706+00:00,left_wrist_flex,2169,2173,4,34,0,28
27.441,2026-08-05T05:50:14.776706+00:00,left_wrist_roll,1989,1987,-2,34,1,1044
27.441,2026-08-05T05:50:14.776706+00:00,left_gripper,2014,2014,0,37,0,0
27.441,2026-08-05T05:50:14.776706+00:00,right_shoulder_pan,2059,2085,26,37,1,52
27.441,2026-08-05T05:50:14.776706+00:00,right_shoulder_lift,1995,2156,161,38,55,336
27.441,2026-08-05T05:50:14.776706+00:00,right_elbow_flex,2097,2137,40,38,4,94
27.441,2026-08-05T05:50:14.776706+00:00,right_wrist_flex,1976,1990,14,35,1,42
27.441,2026-08-05T05:50:14.776706+00:00,right_wrist_roll,2114,2111,-3,34,0,1044
27.441,2026-08-05T05:50:14.776706+00:00,right_gripper,2428,2442,14,38,2,42
27.491,2026-08-05T05:50:14.827358+00:00,left_shoulder_pan,1857,1851,-6,37,1,1060
27.491,2026-08-05T05:50:14.827358+00:00,left_shoulder_lift,2389,2406,17,37,4,80
27.491,2026-08-05T05:50:14.827358+00:00,left_elbow_flex,1629,1641,12,34,2,60
27.491,2026-08-05T05:50:14.827358+00:00,left_wrist_flex,2169,2173,4,34,0,28
27.491,2026-08-05T05:50:14.827358+00:00,left_wrist_roll,1989,1987,-2,34,0,1044
27.491,2026-08-05T05:50:14.827358+00:00,left_gripper,2014,2014,0,37,0,0
27.491,2026-08-05T05:50:14.827358+00:00,right_shoulder_pan,2052,2079,27,37,1,52
27.491,2026-08-05T05:50:14.827358+00:00,right_shoulder_lift,1994,2156,162,38,54,338
27.491,2026-08-05T05:50:14.827358+00:00,right_elbow_flex,2097,2137,40,38,5,94
27.491,2026-08-05T05:50:14.827358+00:00,right_wrist_flex,1976,1990,14,35,1,42
27.491,2026-08-05T05:50:14.827358+00:00,right_wrist_roll,2114,2111,-3,34,1,1044
27.491,2026-08-05T05:50:14.827358+00:00,right_gripper,2428,2442,14,38,2,42
27.542,2026-08-05T05:50:14.876786+00:00,left_shoulder_pan,1857,1851,-6,37,1,1060
27.542,2026-08-05T05:50:14.876786+00:00,left_shoulder_lift,2389,2406,17,37,4,80
27.542,2026-08-05T05:50:14.876786+00:00,left_elbow_flex,1629,1641,12,34,2,60
27.542,2026-08-05T05:50:14.876786+00:00,left_wrist_flex,2169,2173,4,34,0,28
27.542,2026-08-05T05:50:14.876786+00:00,left_wrist_roll,1989,1987,-2,34,1,1044
27.542,2026-08-05T05:50:14.876786+00:00,left_gripper,2014,2014,0,36,0,0
27.542,2026-08-05T05:50:14.876786+00:00,right_shoulder_pan,2044,2072,28,37,2,54
27.542,2026-08-05T05:50:14.876786+00:00,right_shoulder_lift,1993,2156,163,38,54,340
27.542,2026-08-05T05:50:14.876786+00:00,right_elbow_flex,2097,2137,40,38,5,94
27.542,2026-08-05T05:50:14.876786+00:00,right_wrist_flex,1976,1990,14,35,1,42
27.542,2026-08-05T05:50:14.876786+00:00,right_wrist_roll,2114,2111,-3,34,0,1044
27.542,2026-08-05T05:50:14.876786+00:00,right_gripper,2428,2442,14,38,1,42
27.592,2026-08-05T05:50:14.927159+00:00,left_shoulder_pan,1857,1851,-6,37,1,1060
27.592,2026-08-05T05:50:14.927159+00:00,left_shoulder_lift,2389,2406,17,37,4,80
27.592,2026-08-05T05:50:14.927159+00:00,left_elbow_flex,1629,1641,12,34,2,60
27.592,2026-08-05T05:50:14.927159+00:00,left_wrist_flex,2169,2173,4,34,0,28
27.592,2026-08-05T05:50:14.927159+00:00,left_wrist_roll,1989,1987,-2,34,1,1044
27.592,2026-08-05T05:50:14.927159+00:00,left_gripper,2014,2014,0,36,0,0
27.592,2026-08-05T05:50:14.927159+00:00,right_shoulder_pan,2037,2066,29,37,0,60
27.592,2026-08-05T05:50:14.927159+00:00,right_shoulder_lift,1992,2156,164,38,49,342
27.592,2026-08-05T05:50:14.927159+00:00,right_elbow_flex,2097,2137,40,38,4,94
27.592,2026-08-05T05:50:14.927159+00:00,right_wrist_flex,1976,1990,14,34,1,42
27.592,2026-08-05T05:50:14.927159+00:00,right_wrist_roll,2114,2111,-3,34,0,1044
27.592,2026-08-05T05:50:14.927159+00:00,right_gripper,2428,2442,14,38,2,42
27.642,2026-08-05T05:50:14.976986+00:00,left_shoulder_pan,1857,1851,-6,37,1,1060
27.642,2026-08-05T05:50:14.976986+00:00,left_shoulder_lift,2389,2406,17,37,5,80
27.642,2026-08-05T05:50:14.976986+00:00,left_elbow_flex,1629,1641,12,33,2,60
27.642,2026-08-05T05:50:14.976986+00:00,left_wrist_flex,2169,2173,4,34,0,28
27.642,2026-08-05T05:50:14.976986+00:00,left_wrist_roll,1989,1987,-2,34,0,1044
27.642,2026-08-05T05:50:14.976986+00:00,left_gripper,2014,2014,0,36,0,0
27.642,2026-08-05T05:50:14.976986+00:00,right_shoulder_pan,2030,2058,28,37,1,58
27.642,2026-08-05T05:50:14.976986+00:00,right_shoulder_lift,1991,2156,165,38,58,344
27.642,2026-08-05T05:50:14.976986+00:00,right_elbow_flex,2097,2137,40,38,4,94
27.642,2026-08-05T05:50:14.976986+00:00,right_wrist_flex,1976,1990,14,35,1,42
27.642,2026-08-05T05:50:14.976986+00:00,right_wrist_roll,2114,2111,-3,34,0,1044
27.642,2026-08-05T05:50:14.976986+00:00,right_gripper,2428,2442,14,38,2,42
27.692,2026-08-05T05:50:15.027480+00:00,left_shoulder_pan,1857,1851,-6,37,1,1060
27.692,2026-08-05T05:50:15.027480+00:00,left_shoulder_lift,2389,2406,17,37,4,80
27.692,2026-08-05T05:50:15.027480+00:00,left_elbow_flex,1629,1641,12,34,2,60
27.692,2026-08-05T05:50:15.027480+00:00,left_wrist_flex,2169,2173,4,34,1,28
27.692,2026-08-05T05:50:15.027480+00:00,left_wrist_roll,1989,1987,-2,34,0,1044
27.692,2026-08-05T05:50:15.027480+00:00,left_gripper,2014,2014,0,36,0,0
27.692,2026-08-05T05:50:15.027480+00:00,right_shoulder_pan,2022,2051,29,37,1,54
27.692,2026-08-05T05:50:15.027480+00:00,right_shoulder_lift,1991,2156,165,38,50,344
27.692,2026-08-05T05:50:15.027480+00:00,right_elbow_flex,2097,2137,40,38,4,94
27.692,2026-08-05T05:50:15.027480+00:00,right_wrist_flex,1976,1990,14,35,0,42
27.692,2026-08-05T05:50:15.027480+00:00,right_wrist_roll,2114,2111,-3,34,0,1044
27.692,2026-08-05T05:50:15.027480+00:00,right_gripper,2428,2442,14,38,2,42
27.742,2026-08-05T05:50:15.078155+00:00,left_shoulder_pan,1857,1851,-6,37,2,1060
27.742,2026-08-05T05:50:15.078155+00:00,left_shoulder_lift,2389,2406,17,37,5,80
27.742,2026-08-05T05:50:15.078155+00:00,left_elbow_flex,1629,1641,12,34,2,60
27.742,2026-08-05T05:50:15.078155+00:00,left_wrist_flex,2169,2173,4,34,0,28
27.742,2026-08-05T05:50:15.078155+00:00,left_wrist_roll,1989,1987,-2,34,0,1044
27.742,2026-08-05T05:50:15.078155+00:00,left_gripper,2014,2014,0,36,0,0
27.742,2026-08-05T05:50:15.078155+00:00,right_shoulder_pan,2014,2044,30,37,1,56
27.742,2026-08-05T05:50:15.078155+00:00,right_shoulder_lift,1990,2156,166,38,52,346
27.742,2026-08-05T05:50:15.078155+00:00,right_elbow_flex,2097,2137,40,38,5,94
27.742,2026-08-05T05:50:15.078155+00:00,right_wrist_flex,1976,1990,14,35,1,42
27.742,2026-08-05T05:50:15.078155+00:00,right_wrist_roll,2114,2111,-3,34,1,1044
27.742,2026-08-05T05:50:15.078155+00:00,right_gripper,2428,2442,14,38,1,42
27.792,2026-08-05T05:50:15.127357+00:00,left_shoulder_pan,1857,1851,-6,37,0,1060
27.792,2026-08-05T05:50:15.127357+00:00,left_shoulder_lift,2389,2406,17,37,5,80
27.792,2026-08-05T05:50:15.127357+00:00,left_elbow_flex,1629,1641,12,34,2,60
27.792,2026-08-05T05:50:15.127357+00:00,left_wrist_flex,2169,2173,4,34,1,28
27.792,2026-08-05T05:50:15.127357+00:00,left_wrist_roll,1989,1987,-2,34,0,1044
27.792,2026-08-05T05:50:15.127357+00:00,left_gripper,2014,2014,0,36,0,0
27.792,2026-08-05T05:50:15.127357+00:00,right_shoulder_pan,2007,2036,29,37,1,60
27.792,2026-08-05T05:50:15.127357+00:00,right_shoulder_lift,1990,2156,166,38,51,346
27.792,2026-08-05T05:50:15.127357+00:00,right_elbow_flex,2097,2137,40,38,4,94
27.792,2026-08-05T05:50:15.127357+00:00,right_wrist_flex,1976,1990,14,35,1,42
27.792,2026-08-05T05:50:15.127357+00:00,right_wrist_roll,2114,2111,-3,34,0,1044
27.792,2026-08-05T05:50:15.127357+00:00,right_gripper,2428,2442,14,38,1,42
27.842,2026-08-05T05:50:15.177537+00:00,left_shoulder_pan,1857,1851,-6,37,1,1060
27.842,2026-08-05T05:50:15.177537+00:00,left_shoulder_lift,2389,2406,17,37,4,80
27.842,2026-08-05T05:50:15.177537+00:00,left_elbow_flex,1629,1641,12,34,2,60
27.842,2026-08-05T05:50:15.177537+00:00,left_wrist_flex,2169,2173,4,34,0,28
27.842,2026-08-05T05:50:15.177537+00:00,left_wrist_roll,1989,1987,-2,34,0,1044
27.842,2026-08-05T05:50:15.177537+00:00,left_gripper,2014,2014,0,36,0,0
27.842,2026-08-05T05:50:15.177537+00:00,right_shoulder_pan,1999,2028,29,37,2,52
27.842,2026-08-05T05:50:15.177537+00:00,right_shoulder_lift,1989,2156,167,38,59,348
27.842,2026-08-05T05:50:15.177537+00:00,right_elbow_flex,2097,2137,40,37,4,94
27.842,2026-08-05T05:50:15.177537+00:00,right_wrist_flex,1976,1990,14,35,1,42
27.842,2026-08-05T05:50:15.177537+00:00,right_wrist_roll,2114,2111,-3,34,0,1044
27.842,2026-08-05T05:50:15.177537+00:00,right_gripper,2428,2442,14,38,2,42
27.892,2026-08-05T05:50:15.227340+00:00,left_shoulder_pan,1857,1851,-6,37,0,1060
27.892,2026-08-05T05:50:15.227340+00:00,left_shoulder_lift,2389,2406,17,37,4,80
27.892,2026-08-05T05:50:15.227340+00:00,left_elbow_flex,1629,1641,12,34,2,60
27.892,2026-08-05T05:50:15.227340+00:00,left_wrist_flex,2169,2173,4,34,0,28
27.892,2026-08-05T05:50:15.227340+00:00,left_wrist_roll,1989,1987,-2,34,1,1044
27.892,2026-08-05T05:50:15.227340+00:00,left_gripper,2014,2014,0,36,0,0
27.892,2026-08-05T05:50:15.227340+00:00,right_shoulder_pan,1991,2021,30,37,1,56
27.892,2026-08-05T05:50:15.227340+00:00,right_shoulder_lift,1989,2156,167,38,60,348
27.892,2026-08-05T05:50:15.227340+00:00,right_elbow_flex,2097,2137,40,38,4,94
27.892,2026-08-05T05:50:15.227340+00:00,right_wrist_flex,1976,1990,14,35,1,42
27.892,2026-08-05T05:50:15.227340+00:00,right_wrist_roll,2114,2111,-3,34,0,1044
27.892,2026-08-05T05:50:15.227340+00:00,right_gripper,2428,2442,14,38,1,42
27.942,2026-08-05T05:50:15.277697+00:00,left_shoulder_pan,1857,1851,-6,37,1,1060
27.942,2026-08-05T05:50:15.277697+00:00,left_shoulder_lift,2389,2406,17,37,4,80
27.942,2026-08-05T05:50:15.277697+00:00,left_elbow_flex,1629,1641,12,34,2,60
27.942,2026-08-05T05:50:15.277697+00:00,left_wrist_flex,2169,2173,4,34,1,28
27.942,2026-08-05T05:50:15.277697+00:00,left_wrist_roll,1989,1987,-2,34,0,1044
27.942,2026-08-05T05:50:15.277697+00:00,left_gripper,2014,2014,0,36,0,0
27.942,2026-08-05T05:50:15.277697+00:00,right_shoulder_pan,1983,2013,30,37,1,52
27.942,2026-08-05T05:50:15.277697+00:00,right_shoulder_lift,1989,2156,167,38,52,348
27.942,2026-08-05T05:50:15.277697+00:00,right_elbow_flex,2097,2137,40,38,4,94
27.942,2026-08-05T05:50:15.277697+00:00,right_wrist_flex,1976,1990,14,35,1,42
27.942,2026-08-05T05:50:15.277697+00:00,right_wrist_roll,2114,2111,-3,34,0,1044
27.942,2026-08-05T05:50:15.277697+00:00,right_gripper,2428,2442,14,38,2,42
27.992,2026-08-05T05:50:15.327544+00:00,left_shoulder_pan,1857,1851,-6,36,1,1060
27.992,2026-08-05T05:50:15.327544+00:00,left_shoulder_lift,2389,2406,17,37,5,80
27.992,2026-08-05T05:50:15.327544+00:00,left_elbow_flex,1629,1641,12,34,2,60
27.992,2026-08-05T05:50:15.327544+00:00,left_wrist_flex,2169,2173,4,34,0,28
27.992,2026-08-05T05:50:15.327544+00:00,left_wrist_roll,1989,1987,-2,34,1,1044
27.992,2026-08-05T05:50:15.327544+00:00,left_gripper,2014,2014,0,36,0,0
27.992,2026-08-05T05:50:15.327544+00:00,right_shoulder_pan,1975,2005,30,37,1,54
27.992,2026-08-05T05:50:15.327544+00:00,right_shoulder_lift,1989,2156,167,38,54,348
27.992,2026-08-05T05:50:15.327544+00:00,right_elbow_flex,2097,2137,40,38,5,94
27.992,2026-08-05T05:50:15.327544+00:00,right_wrist_flex,1976,1990,14,35,1,42
27.992,2026-08-05T05:50:15.327544+00:00,right_wrist_roll,2114,2111,-3,34,1,1044
27.992,2026-08-05T05:50:15.327544+00:00,right_gripper,2428,2442,14,38,1,42
28.042,2026-08-05T05:50:15.377529+00:00,left_shoulder_pan,1857,1851,-6,37,1,1060
28.042,2026-08-05T05:50:15.377529+00:00,left_shoulder_lift,2389,2406,17,37,5,80
28.042,2026-08-05T05:50:15.377529+00:00,left_elbow_flex,1629,1641,12,34,2,60
28.042,2026-08-05T05:50:15.377529+00:00,left_wrist_flex,2169,2173,4,34,1,28
28.042,2026-08-05T05:50:15.377529+00:00,left_wrist_roll,1989,1987,-2,34,1,1044
28.042,2026-08-05T05:50:15.377529+00:00,left_gripper,2014,2014,0,36,0,0
28.042,2026-08-05T05:50:15.377529+00:00,right_shoulder_pan,1967,1998,31,37,1,58
28.042,2026-08-05T05:50:15.377529+00:00,right_shoulder_lift,1989,2156,167,38,51,348
28.042,2026-08-05T05:50:15.377529+00:00,right_elbow_flex,2097,2137,40,38,5,94
28.042,2026-08-05T05:50:15.377529+00:00,right_wrist_flex,1976,1990,14,35,0,42
28.042,2026-08-05T05:50:15.377529+00:00,right_wrist_roll,2114,2111,-3,34,0,1044
28.042,2026-08-05T05:50:15.377529+00:00,right_gripper,2428,2442,14,38,1,42
28.092,2026-08-05T05:50:15.427834+00:00,left_shoulder_pan,1857,1851,-6,37,1,1060
28.092,2026-08-05T05:50:15.427834+00:00,left_shoulder_lift,2389,2406,17,37,5,80
28.092,2026-08-05T05:50:15.427834+00:00,left_elbow_flex,1629,1641,12,34,3,60
28.092,2026-08-05T05:50:15.427834+00:00,left_wrist_flex,2169,2173,4,34,0,28
28.092,2026-08-05T05:50:15.427834+00:00,left_wrist_roll,1989,1987,-2,34,0,1044
28.092,2026-08-05T05:50:15.427834+00:00,left_gripper,2014,2014,0,37,0,0
28.092,2026-08-05T05:50:15.427834+00:00,right_shoulder_pan,1960,1990,30,37,1,58
28.092,2026-08-05T05:50:15.427834+00:00,right_shoulder_lift,1989,2156,167,38,51,348
28.092,2026-08-05T05:50:15.427834+00:00,right_elbow_flex,2097,2137,40,38,4,94
28.092,2026-08-05T05:50:15.427834+00:00,right_wrist_flex,1976,1990,14,35,1,42
28.092,2026-08-05T05:50:15.427834+00:00,right_wrist_roll,2114,2111,-3,34,0,1044
28.092,2026-08-05T05:50:15.427834+00:00,right_gripper,2428,2442,14,38,2,42
28.142,2026-08-05T05:50:15.477719+00:00,left_shoulder_pan,1857,1851,-6,37,1,1060
28.142,2026-08-05T05:50:15.477719+00:00,left_shoulder_lift,2389,2406,17,37,4,80
28.142,2026-08-05T05:50:15.477719+00:00,left_elbow_flex,1629,1641,12,35,2,60
28.142,2026-08-05T05:50:15.477719+00:00,left_wrist_flex,2169,2173,4,34,0,28
28.142,2026-08-05T05:50:15.477719+00:00,left_wrist_roll,1989,1987,-2,34,1,1044
28.142,2026-08-05T05:50:15.477719+00:00,left_gripper,2014,2014,0,36,0,0
28.142,2026-08-05T05:50:15.477719+00:00,right_shoulder_pan,1952,1982,30,37,0,56
28.142,2026-08-05T05:50:15.477719+00:00,right_shoulder_lift,1989,2156,167,38,53,348
28.142,2026-08-05T05:50:15.477719+00:00,right_elbow_flex,2097,2137,40,38,5,94
28.142,2026-08-05T05:50:15.477719+00:00,right_wrist_flex,1976,1990,14,35,0,42
28.142,2026-08-05T05:50:15.477719+00:00,right_wrist_roll,2114,2111,-3,34,0,1044
28.142,2026-08-05T05:50:15.477719+00:00,right_gripper,2428,2442,14,38,1,42
28.193,2026-08-05T05:50:15.527812+00:00,left_shoulder_pan,1857,1851,-6,37,1,1060
28.193,2026-08-05T05:50:15.527812+00:00,left_shoulder_lift,2389,2406,17,37,4,80
28.193,2026-08-05T05:50:15.527812+00:00,left_elbow_flex,1629,1641,12,34,2,60
28.193,2026-08-05T05:50:15.527812+00:00,left_wrist_flex,2169,2173,4,34,1,28
28.193,2026-08-05T05:50:15.527812+00:00,left_wrist_roll,1989,1987,-2,34,0,1044
28.193,2026-08-05T05:50:15.527812+00:00,left_gripper,2014,2014,0,36,0,0
28.193,2026-08-05T05:50:15.527812+00:00,right_shoulder_pan,1944,1975,31,37,1,58
28.193,2026-08-05T05:50:15.527812+00:00,right_shoulder_lift,1990,2156,166,38,56,348
28.193,2026-08-05T05:50:15.527812+00:00,right_elbow_flex,2097,2137,40,38,4,94
28.193,2026-08-05T05:50:15.527812+00:00,right_wrist_flex,1976,1990,14,35,1,42
28.193,2026-08-05T05:50:15.527812+00:00,right_wrist_roll,2114,2111,-3,34,0,1044
28.193,2026-08-05T05:50:15.527812+00:00,right_gripper,2428,2442,14,37,2,42
28.243,2026-08-05T05:50:15.578145+00:00,left_shoulder_pan,1857,1851,-6,37,1,1060
28.243,2026-08-05T05:50:15.578145+00:00,left_shoulder_lift,2389,2406,17,37,4,80
28.243,2026-08-05T05:50:15.578145+00:00,left_elbow_flex,1629,1641,12,34,2,60
28.243,2026-08-05T05:50:15.578145+00:00,left_wrist_flex,2169,2173,4,34,1,28
28.243,2026-08-05T05:50:15.578145+00:00,left_wrist_roll,1989,1987,-2,34,0,1044
28.243,2026-08-05T05:50:15.578145+00:00,left_gripper,2014,2014,0,36,0,0
28.243,2026-08-05T05:50:15.578145+00:00,right_shoulder_pan,1936,1967,31,37,1,54
28.243,2026-08-05T05:50:15.578145+00:00,right_shoulder_lift,1990,2156,166,38,56,346
28.243,2026-08-05T05:50:15.578145+00:00,right_elbow_flex,2097,2137,40,38,5,94
28.243,2026-08-05T05:50:15.578145+00:00,right_wrist_flex,1976,1990,14,35,1,42
28.243,2026-08-05T05:50:15.578145+00:00,right_wrist_roll,2114,2111,-3,34,0,1044
28.243,2026-08-05T05:50:15.578145+00:00,right_gripper,2428,2442,14,38,1,42
28.293,2026-08-05T05:50:15.628164+00:00,left_shoulder_pan,1857,1851,-6,37,1,1060
28.293,2026-08-05T05:50:15.628164+00:00,left_shoulder_lift,2389,2406,17,37,4,80
28.293,2026-08-05T05:50:15.628164+00:00,left_elbow_flex,1629,1641,12,34,2,60
28.293,2026-08-05T05:50:15.628164+00:00,left_wrist_flex,2169,2173,4,34,0,28
28.293,2026-08-05T05:50:15.628164+00:00,left_wrist_roll,1989,1987,-2,34,0,1044
28.293,2026-08-05T05:50:15.628164+00:00,left_gripper,2014,2014,0,36,0,0
28.293,2026-08-05T05:50:15.628164+00:00,right_shoulder_pan,1928,1959,31,37,1,64
28.293,2026-08-05T05:50:15.628164+00:00,right_shoulder_lift,1991,2156,165,38,50,346
28.293,2026-08-05T05:50:15.628164+00:00,right_elbow_flex,2097,2137,40,38,5,94
28.293,2026-08-05T05:50:15.628164+00:00,right_wrist_flex,1976,1990,14,35,1,42
28.293,2026-08-05T05:50:15.628164+00:00,right_wrist_roll,2114,2111,-3,34,0,1044
28.293,2026-08-05T05:50:15.628164+00:00,right_gripper,2428,2442,14,38,1,42
28.343,2026-08-05T05:50:15.678252+00:00,left_shoulder_pan,1857,1851,-6,37,1,1060
28.343,2026-08-05T05:50:15.678252+00:00,left_shoulder_lift,2389,2406,17,37,4,80
28.343,2026-08-05T05:50:15.678252+00:00,left_elbow_flex,1629,1641,12,34,2,60
28.343,2026-08-05T05:50:15.678252+00:00,left_wrist_flex,2169,2173,4,34,0,28
28.343,2026-08-05T05:50:15.678252+00:00,left_wrist_roll,1989,1987,-2,34,0,1044
28.343,2026-08-05T05:50:15.678252+00:00,left_gripper,2014,2014,0,36,0,0
28.343,2026-08-05T05:50:15.678252+00:00,right_shoulder_pan,1921,1952,31,37,1,60
28.343,2026-08-05T05:50:15.678252+00:00,right_shoulder_lift,1991,2156,165,38,53,344
28.343,2026-08-05T05:50:15.678252+00:00,right_elbow_flex,2097,2137,40,38,4,94
28.343,2026-08-05T05:50:15.678252+00:00,right_wrist_flex,1976,1990,14,35,1,42
28.343,2026-08-05T05:50:15.678252+00:00,right_wrist_roll,2114,2111,-3,34,0,1044
28.343,2026-08-05T05:50:15.678252+00:00,right_gripper,2428,2442,14,38,0,42
28.393,2026-08-05T05:50:15.728051+00:00,left_shoulder_pan,1857,1851,-6,37,1,1060
28.393,2026-08-05T05:50:15.728051+00:00,left_shoulder_lift,2389,2406,17,37,5,80
28.393,2026-08-05T05:50:15.728051+00:00,left_elbow_flex,1629,1641,12,34,2,60
28.393,2026-08-05T05:50:15.728051+00:00,left_wrist_flex,2169,2173,4,34,1,28
28.393,2026-08-05T05:50:15.728051+00:00,left_wrist_roll,1989,1987,-2,34,1,1044
28.393,2026-08-05T05:50:15.728051+00:00,left_gripper,2014,2014,0,37,0,0
28.393,2026-08-05T05:50:15.728051+00:00,right_shoulder_pan,1913,1944,31,37,1,58
28.393,2026-08-05T05:50:15.728051+00:00,right_shoulder_lift,1992,2156,164,38,51,344
28.393,2026-08-05T05:50:15.728051+00:00,right_elbow_flex,2097,2137,40,38,4,94
28.393,2026-08-05T05:50:15.728051+00:00,right_wrist_flex,1976,1990,14,35,1,42
28.393,2026-08-05T05:50:15.728051+00:00,right_wrist_roll,2114,2111,-3,34,0,1044
28.393,2026-08-05T05:50:15.728051+00:00,right_gripper,2428,2442,14,38,2,42
28.443,2026-08-05T05:50:15.778164+00:00,left_shoulder_pan,1857,1851,-6,37,1,1060
28.443,2026-08-05T05:50:15.778164+00:00,left_shoulder_lift,2389,2406,17,37,5,80
28.443,2026-08-05T05:50:15.778164+00:00,left_elbow_flex,1629,1641,12,34,2,60
28.443,2026-08-05T05:50:15.778164+00:00,left_wrist_flex,2169,2173,4,34,0,28
28.443,2026-08-05T05:50:15.778164+00:00,left_wrist_roll,1989,1987,-2,34,0,1044
28.443,2026-08-05T05:50:15.778164+00:00,left_gripper,2014,2014,0,36,0,0
28.443,2026-08-05T05:50:15.778164+00:00,right_shoulder_pan,1906,1936,30,37,1,58
28.443,2026-08-05T05:50:15.778164+00:00,right_shoulder_lift,1993,2156,163,38,55,342
28.443,2026-08-05T05:50:15.778164+00:00,right_elbow_flex,2097,2137,40,38,5,94
28.443,2026-08-05T05:50:15.778164+00:00,right_wrist_flex,1976,1990,14,35,1,42
28.443,2026-08-05T05:50:15.778164+00:00,right_wrist_roll,2114,2111,-3,34,0,1044
28.443,2026-08-05T05:50:15.778164+00:00,right_gripper,2428,2442,14,38,2,42
28.493,2026-08-05T05:50:15.829206+00:00,left_shoulder_pan,1857,1851,-6,37,1,1060
28.493,2026-08-05T05:50:15.829206+00:00,left_shoulder_lift,2389,2406,17,37,4,80
28.493,2026-08-05T05:50:15.829206+00:00,left_elbow_flex,1629,1641,12,34,2,60
28.493,2026-08-05T05:50:15.829206+00:00,left_wrist_flex,2169,2173,4,34,0,28
28.493,2026-08-05T05:50:15.829206+00:00,left_wrist_roll,1989,1987,-2,34,1,1044
28.493,2026-08-05T05:50:15.829206+00:00,left_gripper,2014,2014,0,36,0,0
28.493,2026-08-05T05:50:15.829206+00:00,right_shoulder_pan,1898,1928,30,37,1,56
28.493,2026-08-05T05:50:15.829206+00:00,right_shoulder_lift,1993,2156,163,38,54,340
28.493,2026-08-05T05:50:15.829206+00:00,right_elbow_flex,2097,2137,40,37,4,94
28.493,2026-08-05T05:50:15.829206+00:00,right_wrist_flex,1976,1990,14,35,1,42
28.493,2026-08-05T05:50:15.829206+00:00,right_wrist_roll,2114,2111,-3,34,0,1044
28.493,2026-08-05T05:50:15.829206+00:00,right_gripper,2428,2442,14,38,2,42
28.543,2026-08-05T05:50:15.879524+00:00,left_shoulder_pan,1857,1851,-6,37,1,1060
28.543,2026-08-05T05:50:15.879524+00:00,left_shoulder_lift,2389,2406,17,37,5,80
28.543,2026-08-05T05:50:15.879524+00:00,left_elbow_flex,1629,1641,12,34,2,60
28.543,2026-08-05T05:50:15.879524+00:00,left_wrist_flex,2169,2173,4,34,0,28
28.543,2026-08-05T05:50:15.879524+00:00,left_wrist_roll,1989,1987,-2,34,0,1044
28.543,2026-08-05T05:50:15.879524+00:00,left_gripper,2014,2014,0,37,0,0
28.543,2026-08-05T05:50:15.879524+00:00,right_shoulder_pan,1891,1920,29,37,1,56
28.543,2026-08-05T05:50:15.879524+00:00,right_shoulder_lift,1994,2156,162,38,49,340
28.543,2026-08-05T05:50:15.879524+00:00,right_elbow_flex,2097,2137,40,37,4,94
28.543,2026-08-05T05:50:15.879524+00:00,right_wrist_flex,1976,1990,14,35,1,42
28.543,2026-08-05T05:50:15.879524+00:00,right_wrist_roll,2114,2111,-3,34,0,1044
28.543,2026-08-05T05:50:15.879524+00:00,right_gripper,2428,2442,14,38,1,42
28.593,2026-08-05T05:50:15.928353+00:00,left_shoulder_pan,1857,1851,-6,37,1,1060
28.593,2026-08-05T05:50:15.928353+00:00,left_shoulder_lift,2389,2406,17,37,4,80
28.593,2026-08-05T05:50:15.928353+00:00,left_elbow_flex,1629,1641,12,34,2,60
28.593,2026-08-05T05:50:15.928353+00:00,left_wrist_flex,2169,2173,4,34,1,28
28.593,2026-08-05T05:50:15.928353+00:00,left_wrist_roll,1989,1987,-2,34,0,1044
28.593,2026-08-05T05:50:15.928353+00:00,left_gripper,2014,2014,0,36,0,0
28.593,2026-08-05T05:50:15.928353+00:00,right_shoulder_pan,1884,1913,29,37,1,52
28.593,2026-08-05T05:50:15.928353+00:00,right_shoulder_lift,1995,2156,161,38,48,338
28.593,2026-08-05T05:50:15.928353+00:00,right_elbow_flex,2097,2137,40,38,5,94
28.593,2026-08-05T05:50:15.928353+00:00,right_wrist_flex,1976,1990,14,35,1,42
28.593,2026-08-05T05:50:15.928353+00:00,right_wrist_roll,2114,2111,-3,34,0,1044
28.593,2026-08-05T05:50:15.928353+00:00,right_gripper,2428,2442,14,38,2,42
28.643,2026-08-05T05:50:15.978657+00:00,left_shoulder_pan,1857,1851,-6,37,1,1060
28.643,2026-08-05T05:50:15.978657+00:00,left_shoulder_lift,2389,2406,17,37,4,80
28.643,2026-08-05T05:50:15.978657+00:00,left_elbow_flex,1629,1641,12,34,2,60
28.643,2026-08-05T05:50:15.978657+00:00,left_wrist_flex,2169,2173,4,34,0,28
28.643,2026-08-05T05:50:15.978657+00:00,left_wrist_roll,1989,1987,-2,34,1,1044
28.643,2026-08-05T05:50:15.978657+00:00,left_gripper,2014,2014,0,36,0,0
28.643,2026-08-05T05:50:15.978657+00:00,right_shoulder_pan,1877,1905,28,37,1,54
28.643,2026-08-05T05:50:15.978657+00:00,right_shoulder_lift,1996,2156,160,38,46,336
28.643,2026-08-05T05:50:15.978657+00:00,right_elbow_flex,2097,2137,40,38,4,94
28.643,2026-08-05T05:50:15.978657+00:00,right_wrist_flex,1976,1990,14,35,1,42
28.643,2026-08-05T05:50:15.978657+00:00,right_wrist_roll,2114,2111,-3,34,0,1044
28.643,2026-08-05T05:50:15.978657+00:00,right_gripper,2428,2442,14,38,1,42
28.693,2026-08-05T05:50:16.028721+00:00,left_shoulder_pan,1857,1851,-6,37,1,1060
28.693,2026-08-05T05:50:16.028721+00:00,left_shoulder_lift,2389,2406,17,37,4,80
28.693,2026-08-05T05:50:16.028721+00:00,left_elbow_flex,1629,1641,12,34,2,60
28.693,2026-08-05T05:50:16.028721+00:00,left_wrist_flex,2169,2173,4,34,0,28
28.693,2026-08-05T05:50:16.028721+00:00,left_wrist_roll,1989,1987,-2,34,1,1044
28.693,2026-08-05T05:50:16.028721+00:00,left_gripper,2014,2014,0,36,0,0
28.693,2026-08-05T05:50:16.028721+00:00,right_shoulder_pan,1870,1898,28,37,1,54
28.693,2026-08-05T05:50:16.028721+00:00,right_shoulder_lift,1998,2156,158,38,48,334
28.693,2026-08-05T05:50:16.028721+00:00,right_elbow_flex,2097,2137,40,38,4,94
28.693,2026-08-05T05:50:16.028721+00:00,right_wrist_flex,1976,1990,14,35,1,42
28.693,2026-08-05T05:50:16.028721+00:00,right_wrist_roll,2114,2111,-3,34,1,1044
28.693,2026-08-05T05:50:16.028721+00:00,right_gripper,2428,2442,14,38,2,42
28.743,2026-08-05T05:50:16.078803+00:00,left_shoulder_pan,1857,1851,-6,37,1,1060
28.743,2026-08-05T05:50:16.078803+00:00,left_shoulder_lift,2389,2406,17,37,4,80
28.743,2026-08-05T05:50:16.078803+00:00,left_elbow_flex,1629,1641,12,34,2,60
28.743,2026-08-05T05:50:16.078803+00:00,left_wrist_flex,2169,2173,4,34,1,28
28.743,2026-08-05T05:50:16.078803+00:00,left_wrist_roll,1989,1987,-2,34,0,1044
28.743,2026-08-05T05:50:16.078803+00:00,left_gripper,2014,2014,0,36,0,0
28.743,2026-08-05T05:50:16.078803+00:00,right_shoulder_pan,1864,1890,26,37,1,58
28.743,2026-08-05T05:50:16.078803+00:00,right_shoulder_lift,1999,2156,157,38,50,330
28.743,2026-08-05T05:50:16.078803+00:00,right_elbow_flex,2097,2137,40,38,4,94
28.743,2026-08-05T05:50:16.078803+00:00,right_wrist_flex,1976,1990,14,35,1,42
28.743,2026-08-05T05:50:16.078803+00:00,right_wrist_roll,2114,2111,-3,34,1,1044
28.743,2026-08-05T05:50:16.078803+00:00,right_gripper,2428,2442,14,38,2,42
28.793,2026-08-05T05:50:16.128606+00:00,left_shoulder_pan,1857,1851,-6,37,1,1060
28.793,2026-08-05T05:50:16.128606+00:00,left_shoulder_lift,2389,2406,17,37,4,80
28.793,2026-08-05T05:50:16.128606+00:00,left_elbow_flex,1629,1641,12,34,2,60
28.793,2026-08-05T05:50:16.128606+00:00,left_wrist_flex,2169,2173,4,34,0,28
28.793,2026-08-05T05:50:16.128606+00:00,left_wrist_roll,1989,1987,-2,34,0,1044
28.793,2026-08-05T05:50:16.128606+00:00,left_gripper,2014,2014,0,36,0,0
28.793,2026-08-05T05:50:16.128606+00:00,right_shoulder_pan,1857,1884,27,37,1,54
28.793,2026-08-05T05:50:16.128606+00:00,right_shoulder_lift,2000,2156,156,38,47,328
28.793,2026-08-05T05:50:16.128606+00:00,right_elbow_flex,2097,2137,40,38,5,94
28.793,2026-08-05T05:50:16.128606+00:00,right_wrist_flex,1976,1990,14,35,1,42
28.793,2026-08-05T05:50:16.128606+00:00,right_wrist_roll,2114,2111,-3,34,1,1044
28.793,2026-08-05T05:50:16.128606+00:00,right_gripper,2428,2442,14,38,2,42
28.843,2026-08-05T05:50:16.179007+00:00,left_shoulder_pan,1857,1851,-6,37,1,1060
28.843,2026-08-05T05:50:16.179007+00:00,left_shoulder_lift,2389,2406,17,37,4,80
28.843,2026-08-05T05:50:16.179007+00:00,left_elbow_flex,1629,1641,12,34,2,60
28.843,2026-08-05T05:50:16.179007+00:00,left_wrist_flex,2169,2173,4,34,1,28
28.843,2026-08-05T05:50:16.179007+00:00,left_wrist_roll,1989,1987,-2,34,0,1044
28.843,2026-08-05T05:50:16.179007+00:00,left_gripper,2014,2014,0,36,0,0
28.843,2026-08-05T05:50:16.179007+00:00,right_shoulder_pan,1851,1877,26,37,1,52
28.843,2026-08-05T05:50:16.179007+00:00,right_shoulder_lift,2002,2156,154,38,44,326
28.843,2026-08-05T05:50:16.179007+00:00,right_elbow_flex,2097,2137,40,38,4,94
28.843,2026-08-05T05:50:16.179007+00:00,right_wrist_flex,1976,1990,14,35,1,42
28.843,2026-08-05T05:50:16.179007+00:00,right_wrist_roll,2114,2111,-3,34,0,1044
28.843,2026-08-05T05:50:16.179007+00:00,right_gripper,2428,2442,14,38,1,42
28.894,2026-08-05T05:50:16.229051+00:00,left_shoulder_pan,1857,1851,-6,37,1,1060
28.894,2026-08-05T05:50:16.229051+00:00,left_shoulder_lift,2389,2406,17,37,4,80
28.894,2026-08-05T05:50:16.229051+00:00,left_elbow_flex,1629,1641,12,34,2,60
28.894,2026-08-05T05:50:16.229051+00:00,left_wrist_flex,2169,2173,4,34,0,28
28.894,2026-08-05T05:50:16.229051+00:00,left_wrist_roll,1989,1987,-2,34,0,1044
28.894,2026-08-05T05:50:16.229051+00:00,left_gripper,2014,2014,0,37,0,0
28.894,2026-08-05T05:50:16.229051+00:00,right_shoulder_pan,1845,1870,25,36,0,54
28.894,2026-08-05T05:50:16.229051+00:00,right_shoulder_lift,2003,2156,153,38,42,318
28.894,2026-08-05T05:50:16.229051+00:00,right_elbow_flex,2097,2137,40,38,4,94
28.894,2026-08-05T05:50:16.229051+00:00,right_wrist_flex,1976,1990,14,35,1,42
28.894,2026-08-05T05:50:16.229051+00:00,right_wrist_roll,2114,2111,-3,34,0,1044
28.894,2026-08-05T05:50:16.229051+00:00,right_gripper,2428,2442,14,38,2,42
28.944,2026-08-05T05:50:16.278845+00:00,left_shoulder_pan,1857,1851,-6,37,1,1060
28.944,2026-08-05T05:50:16.278845+00:00,left_shoulder_lift,2389,2406,17,37,4,80
28.944,2026-08-05T05:50:16.278845+00:00,left_elbow_flex,1629,1641,12,34,1,60
28.944,2026-08-05T05:50:16.278845+00:00,left_wrist_flex,2169,2173,4,34,1,28
28.944,2026-08-05T05:50:16.278845+00:00,left_wrist_roll,1989,1987,-2,34,0,1044
28.944,2026-08-05T05:50:16.278845+00:00,left_gripper,2014,2014,0,37,0,0
28.944,2026-08-05T05:50:16.278845+00:00,right_shoulder_pan,1839,1864,25,37,1,56
28.944,2026-08-05T05:50:16.278845+00:00,right_shoulder_lift,2005,2156,151,38,45,320
28.944,2026-08-05T05:50:16.278845+00:00,right_elbow_flex,2097,2137,40,37,4,94
28.944,2026-08-05T05:50:16.278845+00:00,right_wrist_flex,1976,1990,14,35,1,42
28.944,2026-08-05T05:50:16.278845+00:00,right_wrist_roll,2114,2111,-3,34,0,1044
28.944,2026-08-05T05:50:16.278845+00:00,right_gripper,2428,2442,14,38,2,42
28.994,2026-08-05T05:50:16.328845+00:00,left_shoulder_pan,1857,1851,-6,37,0,1060
28.994,2026-08-05T05:50:16.328845+00:00,left_shoulder_lift,2389,2406,17,37,4,80
28.994,2026-08-05T05:50:16.328845+00:00,left_elbow_flex,1629,1641,12,34,2,60
28.994,2026-08-05T05:50:16.328845+00:00,left_wrist_flex,2169,2173,4,34,1,28
28.994,2026-08-05T05:50:16.328845+00:00,left_wrist_roll,1989,1987,-2,34,0,1044
28.994,2026-08-05T05:50:16.328845+00:00,left_gripper,2014,2014,0,37,0,0
28.994,2026-08-05T05:50:16.328845+00:00,right_shoulder_pan,1833,1858,25,37,1,52
28.994,2026-08-05T05:50:16.328845+00:00,right_shoulder_lift,2006,2156,150,38,44,312
28.994,2026-08-05T05:50:16.328845+00:00,right_elbow_flex,2097,2137,40,38,4,94
28.994,2026-08-05T05:50:16.328845+00:00,right_wrist_flex,1976,1990,14,35,1,42
28.994,2026-08-05T05:50:16.328845+00:00,right_wrist_roll,2114,2111,-3,34,0,1044
28.994,2026-08-05T05:50:16.328845+00:00,right_gripper,2428,2442,14,38,1,42
29.044,2026-08-05T05:50:16.378971+00:00,left_shoulder_pan,1857,1851,-6,37,1,1060
29.044,2026-08-05T05:50:16.378971+00:00,left_shoulder_lift,2389,2406,17,37,5,80
29.044,2026-08-05T05:50:16.378971+00:00,left_elbow_flex,1629,1641,12,34,2,60
29.044,2026-08-05T05:50:16.378971+00:00,left_wrist_flex,2169,2173,4,34,0,28
29.044,2026-08-05T05:50:16.378971+00:00,left_wrist_roll,1989,1987,-2,34,1,1044
29.044,2026-08-05T05:50:16.378971+00:00,left_gripper,2014,2014,0,36,0,0
29.044,2026-08-05T05:50:16.378971+00:00,right_shoulder_pan,1828,1852,24,37,1,56
29.044,2026-08-05T05:50:16.378971+00:00,right_shoulder_lift,2008,2156,148,38,40,314
29.044,2026-08-05T05:50:16.378971+00:00,right_elbow_flex,2097,2137,40,38,4,94
29.044,2026-08-05T05:50:16.378971+00:00,right_wrist_flex,1976,1990,14,35,1,42
29.044,2026-08-05T05:50:16.378971+00:00,right_wrist_roll,2114,2111,-3,34,1,1044
29.044,2026-08-05T05:50:16.378971+00:00,right_gripper,2428,2442,14,38,1,42
29.094,2026-08-05T05:50:16.429088+00:00,left_shoulder_pan,1857,1851,-6,37,0,1060
29.094,2026-08-05T05:50:16.429088+00:00,left_shoulder_lift,2389,2406,17,37,4,80
29.094,2026-08-05T05:50:16.429088+00:00,left_elbow_flex,1629,1641,12,34,3,60
29.094,2026-08-05T05:50:16.429088+00:00,left_wrist_flex,2169,2173,4,34,1,28
29.094,2026-08-05T05:50:16.429088+00:00,left_wrist_roll,1989,1987,-2,34,0,1044
29.094,2026-08-05T05:50:16.429088+00:00,left_gripper,2014,2014,0,36,0,0
29.094,2026-08-05T05:50:16.429088+00:00,right_shoulder_pan,1823,1846,23,37,1,46
29.094,2026-08-05T05:50:16.429088+00:00,right_shoulder_lift,2010,2156,146,38,39,306
29.094,2026-08-05T05:50:16.429088+00:00,right_elbow_flex,2097,2137,40,38,5,94
29.094,2026-08-05T05:50:16.429088+00:00,right_wrist_flex,1976,1990,14,35,1,42
29.094,2026-08-05T05:50:16.429088+00:00,right_wrist_roll,2114,2111,-3,34,0,1044
29.094,2026-08-05T05:50:16.429088+00:00,right_gripper,2428,2442,14,38,2,42
29.144,2026-08-05T05:50:16.479174+00:00,left_shoulder_pan,1857,1851,-6,37,1,1060
29.144,2026-08-05T05:50:16.479174+00:00,left_shoulder_lift,2389,2406,17,37,5,80
29.144,2026-08-05T05:50:16.479174+00:00,left_elbow_flex,1629,1641,12,34,2,60
29.144,2026-08-05T05:50:16.479174+00:00,left_wrist_flex,2169,2173,4,34,0,28
29.144,2026-08-05T05:50:16.479174+00:00,left_wrist_roll,1989,1987,-2,34,1,1044
29.144,2026-08-05T05:50:16.479174+00:00,left_gripper,2014,2014,0,36,0,0
29.144,2026-08-05T05:50:16.479174+00:00,right_shoulder_pan,1818,1840,22,37,1,48
29.144,2026-08-05T05:50:16.479174+00:00,right_shoulder_lift,2012,2156,144,38,37,302
29.144,2026-08-05T05:50:16.479174+00:00,right_elbow_flex,2097,2137,40,38,4,94
29.144,2026-08-05T05:50:16.479174+00:00,right_wrist_flex,1976,1990,14,35,1,42
29.144,2026-08-05T05:50:16.479174+00:00,right_wrist_roll,2114,2111,-3,34,0,1044
29.144,2026-08-05T05:50:16.479174+00:00,right_gripper,2428,2442,14,38,2,42
29.194,2026-08-05T05:50:16.529331+00:00,left_shoulder_pan,1857,1851,-6,37,1,1060
29.194,2026-08-05T05:50:16.529331+00:00,left_shoulder_lift,2389,2406,17,37,4,80
29.194,2026-08-05T05:50:16.529331+00:00,left_elbow_flex,1629,1641,12,34,2,60
29.194,2026-08-05T05:50:16.529331+00:00,left_wrist_flex,2169,2173,4,34,1,28
29.194,2026-08-05T05:50:16.529331+00:00,left_wrist_roll,1989,1987,-2,34,0,1044
29.194,2026-08-05T05:50:16.529331+00:00,left_gripper,2014,2014,0,37,0,0
29.194,2026-08-05T05:50:16.529331+00:00,right_shoulder_pan,1813,1835,22,37,1,48
29.194,2026-08-05T05:50:16.529331+00:00,right_shoulder_lift,2014,2156,142,38,45,298
29.194,2026-08-05T05:50:16.529331+00:00,right_elbow_flex,2097,2137,40,37,5,94
29.194,2026-08-05T05:50:16.529331+00:00,right_wrist_flex,1976,1990,14,35,1,42
29.194,2026-08-05T05:50:16.529331+00:00,right_wrist_roll,2114,2111,-3,34,0,1044
29.194,2026-08-05T05:50:16.529331+00:00,right_gripper,2428,2442,14,38,1,42
29.244,2026-08-05T05:50:16.579745+00:00,left_shoulder_pan,1857,1851,-6,37,1,1060
29.244,2026-08-05T05:50:16.579745+00:00,left_shoulder_lift,2389,2406,17,37,4,80
29.244,2026-08-05T05:50:16.579745+00:00,left_elbow_flex,1629,1641,12,34,2,60
29.244,2026-08-05T05:50:16.579745+00:00,left_wrist_flex,2169,2173,4,34,0,28
29.244,2026-08-05T05:50:16.579745+00:00,left_wrist_roll,1989,1987,-2,34,0,1044
29.244,2026-08-05T05:50:16.579745+00:00,left_gripper,2014,2014,0,36,0,0
29.244,2026-08-05T05:50:16.579745+00:00,right_shoulder_pan,1808,1829,21,37,0,42
29.244,2026-08-05T05:50:16.579745+00:00,right_shoulder_lift,2015,2156,141,38,36,294
29.244,2026-08-05T05:50:16.579745+00:00,right_elbow_flex,2097,2137,40,38,5,94
29.244,2026-08-05T05:50:16.579745+00:00,right_wrist_flex,1976,1990,14,35,1,42
29.244,2026-08-05T05:50:16.579745+00:00,right_wrist_roll,2114,2111,-3,34,0,1044
29.244,2026-08-05T05:50:16.579745+00:00,right_gripper,2428,2442,14,38,2,42
29.294,2026-08-05T05:50:16.630262+00:00,left_shoulder_pan,1857,1851,-6,37,1,1060
29.294,2026-08-05T05:50:16.630262+00:00,left_shoulder_lift,2389,2406,17,37,4,80
29.294,2026-08-05T05:50:16.630262+00:00,left_elbow_flex,1629,1641,12,34,2,60
29.294,2026-08-05T05:50:16.630262+00:00,left_wrist_flex,2169,2173,4,34,0,28
29.294,2026-08-05T05:50:16.630262+00:00,left_wrist_roll,1989,1987,-2,34,0,1044
29.294,2026-08-05T05:50:16.630262+00:00,left_gripper,2014,2014,0,37,0,0
29.294,2026-08-05T05:50:16.630262+00:00,right_shoulder_pan,1804,1824,20,37,0,38
29.294,2026-08-05T05:50:16.630262+00:00,right_shoulder_lift,2017,2156,139,38,40,292
29.294,2026-08-05T05:50:16.630262+00:00,right_elbow_flex,2097,2137,40,38,4,94
29.294,2026-08-05T05:50:16.630262+00:00,right_wrist_flex,1976,1990,14,35,1,42
29.294,2026-08-05T05:50:16.630262+00:00,right_wrist_roll,2114,2111,-3,34,1,1044
29.294,2026-08-05T05:50:16.630262+00:00,right_gripper,2428,2442,14,38,1,42
29.344,2026-08-05T05:50:16.679943+00:00,left_shoulder_pan,1857,1851,-6,37,1,1060
29.344,2026-08-05T05:50:16.679943+00:00,left_shoulder_lift,2389,2406,17,37,5,80
29.344,2026-08-05T05:50:16.679943+00:00,left_elbow_flex,1629,1641,12,34,2,60
29.344,2026-08-05T05:50:16.679943+00:00,left_wrist_flex,2169,2173,4,34,0,28
29.344,2026-08-05T05:50:16.679943+00:00,left_wrist_roll,1989,1987,-2,34,0,1044
29.344,2026-08-05T05:50:16.679943+00:00,left_gripper,2014,2014,0,36,0,0
29.344,2026-08-05T05:50:16.679943+00:00,right_shoulder_pan,1800,1819,19,37,0,40
29.344,2026-08-05T05:50:16.679943+00:00,right_shoulder_lift,2019,2156,137,38,39,288
29.344,2026-08-05T05:50:16.679943+00:00,right_elbow_flex,2097,2137,40,38,4,94
29.344,2026-08-05T05:50:16.679943+00:00,right_wrist_flex,1976,1990,14,35,1,42
29.344,2026-08-05T05:50:16.679943+00:00,right_wrist_roll,2114,2111,-3,34,0,1044
29.344,2026-08-05T05:50:16.679943+00:00,right_gripper,2428,2442,14,38,1,42
29.394,2026-08-05T05:50:16.729789+00:00,left_shoulder_pan,1857,1851,-6,37,1,1060
29.394,2026-08-05T05:50:16.729789+00:00,left_shoulder_lift,2389,2406,17,37,5,80
29.394,2026-08-05T05:50:16.729789+00:00,left_elbow_flex,1629,1641,12,34,2,60
29.394,2026-08-05T05:50:16.729789+00:00,left_wrist_flex,2169,2173,4,34,0,28
29.394,2026-08-05T05:50:16.729789+00:00,left_wrist_roll,1989,1987,-2,34,0,1044
29.394,2026-08-05T05:50:16.729789+00:00,left_gripper,2014,2014,0,37,0,0
29.394,2026-08-05T05:50:16.729789+00:00,right_shoulder_pan,1796,1814,18,37,1,40
29.394,2026-08-05T05:50:16.729789+00:00,right_shoulder_lift,2022,2156,134,38,40,284
29.394,2026-08-05T05:50:16.729789+00:00,right_elbow_flex,2097,2137,40,38,4,94
29.394,2026-08-05T05:50:16.729789+00:00,right_wrist_flex,1976,1990,14,35,0,42
29.394,2026-08-05T05:50:16.729789+00:00,right_wrist_roll,2114,2111,-3,34,0,1044
29.394,2026-08-05T05:50:16.729789+00:00,right_gripper,2428,2442,14,38,2,42
29.444,2026-08-05T05:50:16.779854+00:00,left_shoulder_pan,1857,1851,-6,37,1,1060
29.444,2026-08-05T05:50:16.779854+00:00,left_shoulder_lift,2389,2406,17,37,4,80
29.444,2026-08-05T05:50:16.779854+00:00,left_elbow_flex,1629,1641,12,35,2,60
29.444,2026-08-05T05:50:16.779854+00:00,left_wrist_flex,2169,2173,4,34,0,28
29.444,2026-08-05T05:50:16.779854+00:00,left_wrist_roll,1989,1987,-2,34,0,1044
29.444,2026-08-05T05:50:16.779854+00:00,left_gripper,2014,2014,0,37,0,0
29.444,2026-08-05T05:50:16.779854+00:00,right_shoulder_pan,1793,1810,17,37,1,42
29.444,2026-08-05T05:50:16.779854+00:00,right_shoulder_lift,2024,2156,132,38,33,278
29.444,2026-08-05T05:50:16.779854+00:00,right_elbow_flex,2097,2137,40,38,4,94
29.444,2026-08-05T05:50:16.779854+00:00,right_wrist_flex,1976,1990,14,35,1,42
29.444,2026-08-05T05:50:16.779854+00:00,right_wrist_roll,2114,2111,-3,34,1,1044
29.444,2026-08-05T05:50:16.779854+00:00,right_gripper,2428,2442,14,38,1,42
29.494,2026-08-05T05:50:16.830242+00:00,left_shoulder_pan,1857,1851,-6,37,1,1060
29.494,2026-08-05T05:50:16.830242+00:00,left_shoulder_lift,2389,2406,17,37,4,80
29.494,2026-08-05T05:50:16.830242+00:00,left_elbow_flex,1629,1641,12,34,2,60
29.494,2026-08-05T05:50:16.830242+00:00,left_wrist_flex,2169,2173,4,34,0,28
29.494,2026-08-05T05:50:16.830242+00:00,left_wrist_roll,1989,1987,-2,34,0,1044
29.494,2026-08-05T05:50:16.830242+00:00,left_gripper,2014,2014,0,36,0,0
29.494,2026-08-05T05:50:16.830242+00:00,right_shoulder_pan,1790,1805,15,37,0,32
29.494,2026-08-05T05:50:16.830242+00:00,right_shoulder_lift,2026,2156,130,38,34,278
29.494,2026-08-05T05:50:16.830242+00:00,right_elbow_flex,2097,2137,40,38,4,94
29.494,2026-08-05T05:50:16.830242+00:00,right_wrist_flex,1976,1990,14,35,1,42
29.494,2026-08-05T05:50:16.830242+00:00,right_wrist_roll,2114,2111,-3,34,0,1044
29.494,2026-08-05T05:50:16.830242+00:00,right_gripper,2428,2442,14,38,2,42
29.544,2026-08-05T05:50:16.879991+00:00,left_shoulder_pan,1857,1851,-6,37,1,1060
29.544,2026-08-05T05:50:16.879991+00:00,left_shoulder_lift,2389,2406,17,37,4,80
29.544,2026-08-05T05:50:16.879991+00:00,left_elbow_flex,1629,1641,12,34,2,60
29.544,2026-08-05T05:50:16.879991+00:00,left_wrist_flex,2169,2173,4,34,0,28
29.544,2026-08-05T05:50:16.879991+00:00,left_wrist_roll,1989,1987,-2,34,0,1044
29.544,2026-08-05T05:50:16.879991+00:00,left_gripper,2014,2014,0,36,0,0
29.544,2026-08-05T05:50:16.879991+00:00,right_shoulder_pan,1787,1801,14,37,0,34
29.544,2026-08-05T05:50:16.879991+00:00,right_shoulder_lift,2028,2156,128,38,34,270
29.544,2026-08-05T05:50:16.879991+00:00,right_elbow_flex,2097,2137,40,38,5,94
29.544,2026-08-05T05:50:16.879991+00:00,right_wrist_flex,1976,1990,14,34,1,42
29.544,2026-08-05T05:50:16.879991+00:00,right_wrist_roll,2114,2111,-3,34,0,1044
29.544,2026-08-05T05:50:16.879991+00:00,right_gripper,2428,2442,14,38,1,42
29.595,2026-08-05T05:50:16.929822+00:00,left_shoulder_pan,1857,1851,-6,37,1,1060
29.595,2026-08-05T05:50:16.929822+00:00,left_shoulder_lift,2389,2406,17,37,4,80
29.595,2026-08-05T05:50:16.929822+00:00,left_elbow_flex,1629,1641,12,34,2,60
29.595,2026-08-05T05:50:16.929822+00:00,left_wrist_flex,2169,2173,4,34,0,28
29.595,2026-08-05T05:50:16.929822+00:00,left_wrist_roll,1989,1987,-2,34,0,1044
29.595,2026-08-05T05:50:16.929822+00:00,left_gripper,2014,2014,0,36,0,0
29.595,2026-08-05T05:50:16.929822+00:00,right_shoulder_pan,1784,1798,14,37,1,34
29.595,2026-08-05T05:50:16.929822+00:00,right_shoulder_lift,2030,2156,126,38,36,270
29.595,2026-08-05T05:50:16.929822+00:00,right_elbow_flex,2097,2137,40,38,5,94
29.595,2026-08-05T05:50:16.929822+00:00,right_wrist_flex,1976,1990,14,35,1,42
29.595,2026-08-05T05:50:16.929822+00:00,right_wrist_roll,2114,2111,-3,34,1,1044
29.595,2026-08-05T05:50:16.929822+00:00,right_gripper,2428,2442,14,38,2,42
29.645,2026-08-05T05:50:16.980017+00:00,left_shoulder_pan,1857,1851,-6,37,1,1060
29.645,2026-08-05T05:50:16.980017+00:00,left_shoulder_lift,2389,2406,17,37,4,80
29.645,2026-08-05T05:50:16.980017+00:00,left_elbow_flex,1629,1641,12,34,2,60
29.645,2026-08-05T05:50:16.980017+00:00,left_wrist_flex,2169,2173,4,34,0,28
29.645,2026-08-05T05:50:16.980017+00:00,left_wrist_roll,1989,1987,-2,34,0,1044
29.645,2026-08-05T05:50:16.980017+00:00,left_gripper,2014,2014,0,36,0,0
29.645,2026-08-05T05:50:16.980017+00:00,right_shoulder_pan,1782,1794,12,37,1,32
29.645,2026-08-05T05:50:16.980017+00:00,right_shoulder_lift,2032,2156,124,38,37,262
29.645,2026-08-05T05:50:16.980017+00:00,right_elbow_flex,2097,2137,40,38,5,94
29.645,2026-08-05T05:50:16.980017+00:00,right_wrist_flex,1976,1990,14,35,1,42
29.645,2026-08-05T05:50:16.980017+00:00,right_wrist_roll,2114,2111,-3,34,1,1044
29.645,2026-08-05T05:50:16.980017+00:00,right_gripper,2428,2442,14,38,1,42
29.695,2026-08-05T05:50:17.030255+00:00,left_shoulder_pan,1857,1851,-6,37,1,1060
29.695,2026-08-05T05:50:17.030255+00:00,left_shoulder_lift,2389,2406,17,37,5,80
29.695,2026-08-05T05:50:17.030255+00:00,left_elbow_flex,1629,1641,12,34,3,60
29.695,2026-08-05T05:50:17.030255+00:00,left_wrist_flex,2169,2173,4,34,1,28
29.695,2026-08-05T05:50:17.030255+00:00,left_wrist_roll,1989,1987,-2,34,0,1044
29.695,2026-08-05T05:50:17.030255+00:00,left_gripper,2014,2014,0,37,0,0
29.695,2026-08-05T05:50:17.030255+00:00,right_shoulder_pan,1780,1792,12,37,1,32
29.695,2026-08-05T05:50:17.030255+00:00,right_shoulder_lift,2035,2156,121,38,32,262
29.695,2026-08-05T05:50:17.030255+00:00,right_elbow_flex,2097,2137,40,38,4,94
29.695,2026-08-05T05:50:17.030255+00:00,right_wrist_flex,1976,1990,14,35,1,42
29.695,2026-08-05T05:50:17.030255+00:00,right_wrist_roll,2114,2111,-3,34,0,1044
29.695,2026-08-05T05:50:17.030255+00:00,right_gripper,2428,2442,14,38,2,42
29.745,2026-08-05T05:50:17.080036+00:00,left_shoulder_pan,1857,1851,-6,37,1,1060
29.745,2026-08-05T05:50:17.080036+00:00,left_shoulder_lift,2389,2406,17,37,5,80
29.745,2026-08-05T05:50:17.080036+00:00,left_elbow_flex,1629,1641,12,34,2,60
29.745,2026-08-05T05:50:17.080036+00:00,left_wrist_flex,2169,2173,4,34,1,28
29.745,2026-08-05T05:50:17.080036+00:00,left_wrist_roll,1989,1987,-2,34,1,1044
29.745,2026-08-05T05:50:17.080036+00:00,left_gripper,2014,2014,0,36,0,0
29.745,2026-08-05T05:50:17.080036+00:00,right_shoulder_pan,1778,1789,11,37,0,30
29.745,2026-08-05T05:50:17.080036+00:00,right_shoulder_lift,2037,2156,119,38,37,252
29.745,2026-08-05T05:50:17.080036+00:00,right_elbow_flex,2097,2137,40,37,4,94
29.745,2026-08-05T05:50:17.080036+00:00,right_wrist_flex,1976,1990,14,35,1,42
29.745,2026-08-05T05:50:17.080036+00:00,right_wrist_roll,2114,2111,-3,34,1,1044
29.745,2026-08-05T05:50:17.080036+00:00,right_gripper,2428,2442,14,38,2,42
29.795,2026-08-05T05:50:17.130178+00:00,left_shoulder_pan,1857,1851,-6,37,1,1060
29.795,2026-08-05T05:50:17.130178+00:00,left_shoulder_lift,2389,2406,17,37,5,80
29.795,2026-08-05T05:50:17.130178+00:00,left_elbow_flex,1629,1641,12,34,2,60
29.795,2026-08-05T05:50:17.130178+00:00,left_wrist_flex,2169,2173,4,34,1,28
29.795,2026-08-05T05:50:17.130178+00:00,left_wrist_roll,1989,1987,-2,34,0,1044
29.795,2026-08-05T05:50:17.130178+00:00,left_gripper,2014,2014,0,36,0,0
29.795,2026-08-05T05:50:17.130178+00:00,right_shoulder_pan,1777,1787,10,37,0,28
29.795,2026-08-05T05:50:17.130178+00:00,right_shoulder_lift,2039,2156,117,38,28,252
29.795,2026-08-05T05:50:17.130178+00:00,right_elbow_flex,2097,2137,40,38,5,94
29.795,2026-08-05T05:50:17.130178+00:00,right_wrist_flex,1976,1990,14,35,1,42
29.795,2026-08-05T05:50:17.130178+00:00,right_wrist_roll,2114,2111,-3,34,1,1044
29.795,2026-08-05T05:50:17.130178+00:00,right_gripper,2428,2442,14,38,1,42
29.845,2026-08-05T05:50:17.180189+00:00,left_shoulder_pan,1857,1851,-6,37,1,1060
29.845,2026-08-05T05:50:17.180189+00:00,left_shoulder_lift,2389,2406,17,37,5,80
29.845,2026-08-05T05:50:17.180189+00:00,left_elbow_flex,1629,1641,12,34,2,60
29.845,2026-08-05T05:50:17.180189+00:00,left_wrist_flex,2169,2173,4,34,1,28
29.845,2026-08-05T05:50:17.180189+00:00,left_wrist_roll,1989,1987,-2,34,0,1044
29.845,2026-08-05T05:50:17.180189+00:00,left_gripper,2014,2014,0,37,0,0
29.845,2026-08-05T05:50:17.180189+00:00,right_shoulder_pan,1775,1786,11,37,0,32
29.845,2026-08-05T05:50:17.180189+00:00,right_shoulder_lift,2042,2156,114,38,27,244
29.845,2026-08-05T05:50:17.180189+00:00,right_elbow_flex,2097,2137,40,38,5,94
29.845,2026-08-05T05:50:17.180189+00:00,right_wrist_flex,1976,1990,14,35,1,42
29.845,2026-08-05T05:50:17.180189+00:00,right_wrist_roll,2114,2111,-3,34,0,1044
29.845,2026-08-05T05:50:17.180189+00:00,right_gripper,2428,2442,14,38,2,42
29.895,2026-08-05T05:50:17.230279+00:00,left_shoulder_pan,1857,1851,-6,37,1,1060
29.895,2026-08-05T05:50:17.230279+00:00,left_shoulder_lift,2389,2406,17,37,4,80
29.895,2026-08-05T05:50:17.230279+00:00,left_elbow_flex,1629,1641,12,34,2,60
29.895,2026-08-05T05:50:17.230279+00:00,left_wrist_flex,2169,2173,4,34,0,28
29.895,2026-08-05T05:50:17.230279+00:00,left_wrist_roll,1989,1987,-2,34,0,1044
29.895,2026-08-05T05:50:17.230279+00:00,left_gripper,2014,2014,0,36,0,0
29.895,2026-08-05T05:50:17.230279+00:00,right_shoulder_pan,1775,1784,9,37,0,28
29.895,2026-08-05T05:50:17.230279+00:00,right_shoulder_lift,2044,2156,112,38,28,238
29.895,2026-08-05T05:50:17.230279+00:00,right_elbow_flex,2097,2137,40,38,4,94
29.895,2026-08-05T05:50:17.230279+00:00,right_wrist_flex,1976,1990,14,35,1,42
29.895,2026-08-05T05:50:17.230279+00:00,right_wrist_roll,2114,2111,-3,34,1,1044
29.895,2026-08-05T05:50:17.230279+00:00,right_gripper,2428,2442,14,38,1,42
29.945,2026-08-05T05:50:17.280354+00:00,left_shoulder_pan,1857,1851,-6,37,1,1060
29.945,2026-08-05T05:50:17.280354+00:00,left_shoulder_lift,2389,2406,17,37,5,80
29.945,2026-08-05T05:50:17.280354+00:00,left_elbow_flex,1629,1641,12,34,3,60
29.945,2026-08-05T05:50:17.280354+00:00,left_wrist_flex,2169,2173,4,34,0,28
29.945,2026-08-05T05:50:17.280354+00:00,left_wrist_roll,1989,1987,-2,34,0,1044
29.945,2026-08-05T05:50:17.280354+00:00,left_gripper,2014,2014,0,36,0,0
29.945,2026-08-05T05:50:17.280354+00:00,right_shoulder_pan,1774,1784,10,37,1,34
29.945,2026-08-05T05:50:17.280354+00:00,right_shoulder_lift,2046,2156,110,38,22,234
29.945,2026-08-05T05:50:17.280354+00:00,right_elbow_flex,2097,2137,40,37,4,94
29.945,2026-08-05T05:50:17.280354+00:00,right_wrist_flex,1976,1990,14,35,0,42
29.945,2026-08-05T05:50:17.280354+00:00,right_wrist_roll,2114,2111,-3,34,0,1044
29.945,2026-08-05T05:50:17.280354+00:00,right_gripper,2428,2442,14,38,1,42
29.995,2026-08-05T05:50:17.330374+00:00,left_shoulder_pan,1857,1851,-6,37,1,1060
29.995,2026-08-05T05:50:17.330374+00:00,left_shoulder_lift,2389,2406,17,37,4,80
29.995,2026-08-05T05:50:17.330374+00:00,left_elbow_flex,1629,1641,12,34,2,60
29.995,2026-08-05T05:50:17.330374+00:00,left_wrist_flex,2169,2173,4,34,1,28
29.995,2026-08-05T05:50:17.330374+00:00,left_wrist_roll,1989,1987,-2,34,1,1044
29.995,2026-08-05T05:50:17.330374+00:00,left_gripper,2014,2014,0,37,0,0
29.995,2026-08-05T05:50:17.330374+00:00,right_shoulder_pan,1774,1784,10,37,0,34
29.995,2026-08-05T05:50:17.330374+00:00,right_shoulder_lift,2049,2156,107,38,25,234
29.995,2026-08-05T05:50:17.330374+00:00,right_elbow_flex,2097,2137,40,38,4,94
29.995,2026-08-05T05:50:17.330374+00:00,right_wrist_flex,1976,1990,14,35,1,42
29.995,2026-08-05T05:50:17.330374+00:00,right_wrist_roll,2114,2111,-3,34,0,1044
29.995,2026-08-05T05:50:17.330374+00:00,right_gripper,2428,2442,14,38,0,42
30.045,2026-08-05T05:50:17.380489+00:00,left_shoulder_pan,1857,1851,-6,37,1,1060
30.045,2026-08-05T05:50:17.380489+00:00,left_shoulder_lift,2389,2406,17,37,4,80
30.045,2026-08-05T05:50:17.380489+00:00,left_elbow_flex,1629,1641,12,34,2,60
30.045,2026-08-05T05:50:17.380489+00:00,left_wrist_flex,2169,2173,4,34,1,28
30.045,2026-08-05T05:50:17.380489+00:00,left_wrist_roll,1989,1987,-2,34,0,1044
30.045,2026-08-05T05:50:17.380489+00:00,left_gripper,2014,2014,0,36,0,0
30.045,2026-08-05T05:50:17.380489+00:00,right_shoulder_pan,1774,1784,10,37,1,34
30.045,2026-08-05T05:50:17.380489+00:00,right_shoulder_lift,2051,2156,105,38,21,224
30.045,2026-08-05T05:50:17.380489+00:00,right_elbow_flex,2097,2137,40,38,4,94
30.045,2026-08-05T05:50:17.380489+00:00,right_wrist_flex,1976,1990,14,35,1,42
30.045,2026-08-05T05:50:17.380489+00:00,right_wrist_roll,2114,2111,-3,34,0,1044
30.045,2026-08-05T05:50:17.380489+00:00,right_gripper,2428,2442,14,38,2,42
30.095,2026-08-05T05:50:17.430592+00:00,left_shoulder_pan,1857,1851,-6,37,1,1060
30.095,2026-08-05T05:50:17.430592+00:00,left_shoulder_lift,2389,2406,17,37,4,80
30.095,2026-08-05T05:50:17.430592+00:00,left_elbow_flex,1629,1641,12,34,2,60
30.095,2026-08-05T05:50:17.430592+00:00,left_wrist_flex,2169,2173,4,34,1,28
30.095,2026-08-05T05:50:17.430592+00:00,left_wrist_roll,1989,1987,-2,34,1,1044
30.095,2026-08-05T05:50:17.430592+00:00,left_gripper,2014,2014,0,36,0,0
30.095,2026-08-05T05:50:17.430592+00:00,right_shoulder_pan,1775,1783,8,37,0,28
30.095,2026-08-05T05:50:17.430592+00:00,right_shoulder_lift,2053,2156,103,38,21,224
30.095,2026-08-05T05:50:17.430592+00:00,right_elbow_flex,2097,2137,40,38,4,94
30.095,2026-08-05T05:50:17.430592+00:00,right_wrist_flex,1976,1990,14,35,1,42
30.095,2026-08-05T05:50:17.430592+00:00,right_wrist_roll,2114,2111,-3,34,0,1044
30.095,2026-08-05T05:50:17.430592+00:00,right_gripper,2428,2442,14,38,2,42
30.145,2026-08-05T05:50:17.480589+00:00,left_shoulder_pan,1857,1851,-6,37,1,1060
30.145,2026-08-05T05:50:17.480589+00:00,left_shoulder_lift,2389,2406,17,38,4,80
30.145,2026-08-05T05:50:17.480589+00:00,left_elbow_flex,1629,1641,12,34,2,60
30.145,2026-08-05T05:50:17.480589+00:00,left_wrist_flex,2169,2173,4,34,0,28
30.145,2026-08-05T05:50:17.480589+00:00,left_wrist_roll,1989,1987,-2,34,0,1044
30.145,2026-08-05T05:50:17.480589+00:00,left_gripper,2014,2014,0,36,0,0
30.145,2026-08-05T05:50:17.480589+00:00,right_shoulder_pan,1775,1783,8,37,1,30
30.145,2026-08-05T05:50:17.480589+00:00,right_shoulder_lift,2056,2156,100,38,22,216
30.145,2026-08-05T05:50:17.480589+00:00,right_elbow_flex,2097,2137,40,38,4,94
30.145,2026-08-05T05:50:17.480589+00:00,right_wrist_flex,1976,1990,14,35,1,42
30.145,2026-08-05T05:50:17.480589+00:00,right_wrist_roll,2114,2111,-3,34,0,1044
30.145,2026-08-05T05:50:17.480589+00:00,right_gripper,2428,2442,14,38,2,42
30.195,2026-08-05T05:50:17.530877+00:00,left_shoulder_pan,1857,1851,-6,37,1,1060
30.195,2026-08-05T05:50:17.530877+00:00,left_shoulder_lift,2389,2406,17,37,4,80
30.195,2026-08-05T05:50:17.530877+00:00,left_elbow_flex,1629,1641,12,34,2,60
30.195,2026-08-05T05:50:17.530877+00:00,left_wrist_flex,2169,2173,4,34,0,28
30.195,2026-08-05T05:50:17.530877+00:00,left_wrist_roll,1989,1987,-2,34,0,1044
30.195,2026-08-05T05:50:17.530877+00:00,left_gripper,2014,2014,0,36,0,0
30.195,2026-08-05T05:50:17.530877+00:00,right_shoulder_pan,1776,1782,6,37,1,28
30.195,2026-08-05T05:50:17.530877+00:00,right_shoulder_lift,2058,2156,98,38,17,210
30.195,2026-08-05T05:50:17.530877+00:00,right_elbow_flex,2097,2137,40,38,5,94
30.195,2026-08-05T05:50:17.530877+00:00,right_wrist_flex,1976,1990,14,35,1,42
30.195,2026-08-05T05:50:17.530877+00:00,right_wrist_roll,2114,2111,-3,34,1,1044
30.195,2026-08-05T05:50:17.530877+00:00,right_gripper,2428,2442,14,38,2,42
30.246,2026-08-05T05:50:17.580831+00:00,left_shoulder_pan,1857,1851,-6,37,1,1060
30.246,2026-08-05T05:50:17.580831+00:00,left_shoulder_lift,2389,2406,17,37,5,80
30.246,2026-08-05T05:50:17.580831+00:00,left_elbow_flex,1629,1641,12,34,2,60
30.246,2026-08-05T05:50:17.580831+00:00,left_wrist_flex,2169,2173,4,34,1,28
30.246,2026-08-05T05:50:17.580831+00:00,left_wrist_roll,1989,1987,-2,34,0,1044
30.246,2026-08-05T05:50:17.580831+00:00,left_gripper,2014,2014,0,36,0,0
30.246,2026-08-05T05:50:17.580831+00:00,right_shoulder_pan,1778,1782,4,37,0,26
30.246,2026-08-05T05:50:17.580831+00:00,right_shoulder_lift,2060,2156,96,38,24,206
30.246,2026-08-05T05:50:17.580831+00:00,right_elbow_flex,2097,2137,40,38,4,94
30.246,2026-08-05T05:50:17.580831+00:00,right_wrist_flex,1976,1990,14,35,1,42
30.246,2026-08-05T05:50:17.580831+00:00,right_wrist_roll,2114,2111,-3,34,0,1044
30.246,2026-08-05T05:50:17.580831+00:00,right_gripper,2428,2442,14,38,1,42
30.296,2026-08-05T05:50:17.632180+00:00,left_shoulder_pan,1857,1851,-6,37,1,1060
30.296,2026-08-05T05:50:17.632180+00:00,left_shoulder_lift,2389,2406,17,37,4,80
30.296,2026-08-05T05:50:17.632180+00:00,left_elbow_flex,1629,1641,12,34,3,60
30.296,2026-08-05T05:50:17.632180+00:00,left_wrist_flex,2169,2173,4,34,0,28
30.296,2026-08-05T05:50:17.632180+00:00,left_wrist_roll,1989,1987,-2,34,1,1044
30.296,2026-08-05T05:50:17.632180+00:00,left_gripper,2014,2014,0,37,0,0
30.296,2026-08-05T05:50:17.632180+00:00,right_shoulder_pan,1779,1782,3,37,0,18
30.296,2026-08-05T05:50:17.632180+00:00,right_shoulder_lift,2063,2156,93,38,22,206
30.296,2026-08-05T05:50:17.632180+00:00,right_elbow_flex,2097,2137,40,38,4,94
30.296,2026-08-05T05:50:17.632180+00:00,right_wrist_flex,1976,1990,14,35,1,42
30.296,2026-08-05T05:50:17.632180+00:00,right_wrist_roll,2114,2111,-3,34,0,1044
30.296,2026-08-05T05:50:17.632180+00:00,right_gripper,2428,2442,14,38,2,42
30.346,2026-08-05T05:50:17.681188+00:00,left_shoulder_pan,1857,1851,-6,37,1,1060
30.346,2026-08-05T05:50:17.681188+00:00,left_shoulder_lift,2389,2406,17,37,4,80
30.346,2026-08-05T05:50:17.681188+00:00,left_elbow_flex,1629,1641,12,34,2,60
30.346,2026-08-05T05:50:17.681188+00:00,left_wrist_flex,2169,2173,4,34,1,28
30.346,2026-08-05T05:50:17.681188+00:00,left_wrist_roll,1989,1987,-2,34,0,1044
30.346,2026-08-05T05:50:17.681188+00:00,left_gripper,2014,2014,0,36,0,0
30.346,2026-08-05T05:50:17.681188+00:00,right_shoulder_pan,1781,1782,1,37,0,20
30.346,2026-08-05T05:50:17.681188+00:00,right_shoulder_lift,2065,2156,91,39,18,192
30.346,2026-08-05T05:50:17.681188+00:00,right_elbow_flex,2097,2137,40,38,5,94
30.346,2026-08-05T05:50:17.681188+00:00,right_wrist_flex,1976,1990,14,35,1,42
30.346,2026-08-05T05:50:17.681188+00:00,right_wrist_roll,2114,2111,-3,34,0,1044
30.346,2026-08-05T05:50:17.681188+00:00,right_gripper,2428,2442,14,38,1,42
30.396,2026-08-05T05:50:17.731205+00:00,left_shoulder_pan,1857,1851,-6,37,1,1060
30.396,2026-08-05T05:50:17.731205+00:00,left_shoulder_lift,2389,2406,17,37,5,80
30.396,2026-08-05T05:50:17.731205+00:00,left_elbow_flex,1629,1641,12,34,2,60
30.396,2026-08-05T05:50:17.731205+00:00,left_wrist_flex,2169,2173,4,34,0,28
30.396,2026-08-05T05:50:17.731205+00:00,left_wrist_roll,1989,1987,-2,34,0,1044
30.396,2026-08-05T05:50:17.731205+00:00,left_gripper,2014,2014,0,36,0,0
30.396,2026-08-05T05:50:17.731205+00:00,right_shoulder_pan,1784,1783,-1,37,0,1042
30.396,2026-08-05T05:50:17.731205+00:00,right_shoulder_lift,2067,2156,89,38,16,196
30.396,2026-08-05T05:50:17.731205+00:00,right_elbow_flex,2097,2137,40,37,4,94
30.396,2026-08-05T05:50:17.731205+00:00,right_wrist_flex,1976,1990,14,35,1,42
30.396,2026-08-05T05:50:17.731205+00:00,right_wrist_roll,2114,2111,-3,34,0,1044
30.396,2026-08-05T05:50:17.731205+00:00,right_gripper,2428,2442,14,38,1,42
30.446,2026-08-05T05:50:17.781267+00:00,left_shoulder_pan,1857,1851,-6,37,1,1060
30.446,2026-08-05T05:50:17.781267+00:00,left_shoulder_lift,2389,2406,17,37,4,80
30.446,2026-08-05T05:50:17.781267+00:00,left_elbow_flex,1629,1641,12,34,2,60
30.446,2026-08-05T05:50:17.781267+00:00,left_wrist_flex,2169,2173,4,34,0,28
30.446,2026-08-05T05:50:17.781267+00:00,left_wrist_roll,1989,1987,-2,34,0,1044
30.446,2026-08-05T05:50:17.781267+00:00,left_gripper,2014,2014,0,36,0,0
30.446,2026-08-05T05:50:17.781267+00:00,right_shoulder_pan,1786,1783,-3,37,0,0
30.446,2026-08-05T05:50:17.781267+00:00,right_shoulder_lift,2070,2156,86,38,14,188
30.446,2026-08-05T05:50:17.781267+00:00,right_elbow_flex,2097,2137,40,38,5,94
30.446,2026-08-05T05:50:17.781267+00:00,right_wrist_flex,1976,1990,14,35,1,42
30.446,2026-08-05T05:50:17.781267+00:00,right_wrist_roll,2114,2111,-3,34,0,1044
30.446,2026-08-05T05:50:17.781267+00:00,right_gripper,2428,2442,14,38,2,42
30.496,2026-08-05T05:50:17.831380+00:00,left_shoulder_pan,1857,1851,-6,37,1,1060
30.496,2026-08-05T05:50:17.831380+00:00,left_shoulder_lift,2389,2406,17,37,4,80
30.496,2026-08-05T05:50:17.831380+00:00,left_elbow_flex,1629,1641,12,34,2,60
30.496,2026-08-05T05:50:17.831380+00:00,left_wrist_flex,2169,2173,4,34,0,28
30.496,2026-08-05T05:50:17.831380+00:00,left_wrist_roll,1989,1987,-2,34,0,1044
30.496,2026-08-05T05:50:17.831380+00:00,left_gripper,2014,2014,0,37,0,0
30.496,2026-08-05T05:50:17.831380+00:00,right_shoulder_pan,1789,1783,-6,37,1,1048
30.496,2026-08-05T05:50:17.831380+00:00,right_shoulder_lift,2072,2156,84,38,18,182
30.496,2026-08-05T05:50:17.831380+00:00,right_elbow_flex,2097,2137,40,38,4,94
30.496,2026-08-05T05:50:17.831380+00:00,right_wrist_flex,1976,1990,14,35,0,42
30.496,2026-08-05T05:50:17.831380+00:00,right_wrist_roll,2114,2111,-3,34,1,1044
30.496,2026-08-05T05:50:17.831380+00:00,right_gripper,2428,2442,14,38,2,42
30.546,2026-08-05T05:50:17.881227+00:00,left_shoulder_pan,1857,1851,-6,37,1,1060
30.546,2026-08-05T05:50:17.881227+00:00,left_shoulder_lift,2389,2406,17,37,4,80
30.546,2026-08-05T05:50:17.881227+00:00,left_elbow_flex,1629,1641,12,34,2,60
30.546,2026-08-05T05:50:17.881227+00:00,left_wrist_flex,2169,2173,4,34,0,28
30.546,2026-08-05T05:50:17.881227+00:00,left_wrist_roll,1989,1987,-2,34,0,1044
30.546,2026-08-05T05:50:17.881227+00:00,left_gripper,2014,2014,0,36,0,0
30.546,2026-08-05T05:50:17.881227+00:00,right_shoulder_pan,1792,1783,-9,37,1,1054
30.546,2026-08-05T05:50:17.881227+00:00,right_shoulder_lift,2074,2156,82,38,14,178
30.546,2026-08-05T05:50:17.881227+00:00,right_elbow_flex,2097,2137,40,38,4,94
30.546,2026-08-05T05:50:17.881227+00:00,right_wrist_flex,1976,1990,14,35,1,42
30.546,2026-08-05T05:50:17.881227+00:00,right_wrist_roll,2114,2111,-3,34,0,1044
30.546,2026-08-05T05:50:17.881227+00:00,right_gripper,2428,2442,14,38,1,42
30.596,2026-08-05T05:50:17.931551+00:00,left_shoulder_pan,1857,1851,-6,37,1,1060
30.596,2026-08-05T05:50:17.931551+00:00,left_shoulder_lift,2389,2406,17,37,5,80
30.596,2026-08-05T05:50:17.931551+00:00,left_elbow_flex,1629,1641,12,34,2,60
30.596,2026-08-05T05:50:17.931551+00:00,left_wrist_flex,2169,2173,4,34,1,28
30.596,2026-08-05T05:50:17.931551+00:00,left_wrist_roll,1989,1987,-2,34,0,1044
30.596,2026-08-05T05:50:17.931551+00:00,left_gripper,2014,2014,0,37,0,0
30.596,2026-08-05T05:50:17.931551+00:00,right_shoulder_pan,1796,1783,-13,37,1,1064
30.596,2026-08-05T05:50:17.931551+00:00,right_shoulder_lift,2076,2156,80,38,12,178
30.596,2026-08-05T05:50:17.931551+00:00,right_elbow_flex,2097,2137,40,37,5,94
30.596,2026-08-05T05:50:17.931551+00:00,right_wrist_flex,1976,1990,14,35,1,42
30.596,2026-08-05T05:50:17.931551+00:00,right_wrist_roll,2114,2111,-3,34,0,1044
30.596,2026-08-05T05:50:17.931551+00:00,right_gripper,2428,2442,14,38,1,42
30.646,2026-08-05T05:50:17.981364+00:00,left_shoulder_pan,1857,1851,-6,37,1,1060
30.646,2026-08-05T05:50:17.981364+00:00,left_shoulder_lift,2389,2406,17,37,4,80
30.646,2026-08-05T05:50:17.981364+00:00,left_elbow_flex,1629,1641,12,34,2,60
30.646,2026-08-05T05:50:17.981364+00:00,left_wrist_flex,2169,2173,4,34,0,28
30.646,2026-08-05T05:50:17.981364+00:00,left_wrist_roll,1989,1987,-2,34,1,1044
30.646,2026-08-05T05:50:17.981364+00:00,left_gripper,2014,2014,0,37,0,0
30.646,2026-08-05T05:50:17.981364+00:00,right_shoulder_pan,1799,1783,-16,37,0,1068
30.646,2026-08-05T05:50:17.981364+00:00,right_shoulder_lift,2078,2156,78,38,15,170
30.646,2026-08-05T05:50:17.981364+00:00,right_elbow_flex,2097,2137,40,38,5,94
30.646,2026-08-05T05:50:17.981364+00:00,right_wrist_flex,1976,1990,14,35,1,42
30.646,2026-08-05T05:50:17.981364+00:00,right_wrist_roll,2114,2111,-3,34,0,1044
30.646,2026-08-05T05:50:17.981364+00:00,right_gripper,2428,2442,14,38,2,42
30.696,2026-08-05T05:50:18.031390+00:00,left_shoulder_pan,1857,1851,-6,37,2,1060
30.696,2026-08-05T05:50:18.031390+00:00,left_shoulder_lift,2389,2406,17,37,4,80
30.696,2026-08-05T05:50:18.031390+00:00,left_elbow_flex,1629,1641,12,34,2,60
30.696,2026-08-05T05:50:18.031390+00:00,left_wrist_flex,2169,2173,4,34,0,28
30.696,2026-08-05T05:50:18.031390+00:00,left_wrist_roll,1989,1987,-2,34,0,1044
30.696,2026-08-05T05:50:18.031390+00:00,left_gripper,2014,2014,0,37,0,0
30.696,2026-08-05T05:50:18.031390+00:00,right_shoulder_pan,1803,1783,-20,37,1,1076
30.696,2026-08-05T05:50:18.031390+00:00,right_shoulder_lift,2080,2156,76,38,11,166
30.696,2026-08-05T05:50:18.031390+00:00,right_elbow_flex,2097,2137,40,38,4,94
30.696,2026-08-05T05:50:18.031390+00:00,right_wrist_flex,1976,1990,14,35,1,42
30.696,2026-08-05T05:50:18.031390+00:00,right_wrist_roll,2114,2111,-3,34,1,1044
30.696,2026-08-05T05:50:18.031390+00:00,right_gripper,2428,2442,14,38,2,42
30.746,2026-08-05T05:50:18.081569+00:00,left_shoulder_pan,1857,1851,-6,37,0,1060
30.746,2026-08-05T05:50:18.081569+00:00,left_shoulder_lift,2389,2406,17,37,5,80
30.746,2026-08-05T05:50:18.081569+00:00,left_elbow_flex,1629,1641,12,34,2,60
30.746,2026-08-05T05:50:18.081569+00:00,left_wrist_flex,2169,2173,4,34,0,28
30.746,2026-08-05T05:50:18.081569+00:00,left_wrist_roll,1989,1987,-2,34,0,1044
30.746,2026-08-05T05:50:18.081569+00:00,left_gripper,2014,2014,0,36,0,0
30.746,2026-08-05T05:50:18.081569+00:00,right_shoulder_pan,1807,1786,-21,37,1,1072
30.746,2026-08-05T05:50:18.081569+00:00,right_shoulder_lift,2082,2156,74,39,10,162
30.746,2026-08-05T05:50:18.081569+00:00,right_elbow_flex,2097,2137,40,38,5,94
30.746,2026-08-05T05:50:18.081569+00:00,right_wrist_flex,1976,1990,14,35,1,42
30.746,2026-08-05T05:50:18.081569+00:00,right_wrist_roll,2114,2111,-3,34,1,1044
30.746,2026-08-05T05:50:18.081569+00:00,right_gripper,2428,2442,14,38,1,42
30.796,2026-08-05T05:50:18.131539+00:00,left_shoulder_pan,1857,1851,-6,37,1,1060
30.796,2026-08-05T05:50:18.131539+00:00,left_shoulder_lift,2389,2406,17,37,5,80
30.796,2026-08-05T05:50:18.131539+00:00,left_elbow_flex,1629,1641,12,34,2,60
30.796,2026-08-05T05:50:18.131539+00:00,left_wrist_flex,2169,2173,4,34,1,28
30.796,2026-08-05T05:50:18.131539+00:00,left_wrist_roll,1989,1987,-2,34,0,1044
30.796,2026-08-05T05:50:18.131539+00:00,left_gripper,2014,2014,0,36,0,0
30.796,2026-08-05T05:50:18.131539+00:00,right_shoulder_pan,1812,1788,-24,37,1,1082
30.796,2026-08-05T05:50:18.131539+00:00,right_shoulder_lift,2084,2156,72,38,10,158
30.796,2026-08-05T05:50:18.131539+00:00,right_elbow_flex,2097,2137,40,38,4,94
30.796,2026-08-05T05:50:18.131539+00:00,right_wrist_flex,1976,1990,14,35,1,42
30.796,2026-08-05T05:50:18.131539+00:00,right_wrist_roll,2114,2111,-3,34,1,1044
30.796,2026-08-05T05:50:18.131539+00:00,right_gripper,2428,2442,14,38,2,42
30.846,2026-08-05T05:50:18.182027+00:00,left_shoulder_pan,1857,1851,-6,37,1,1060
30.846,2026-08-05T05:50:18.182027+00:00,left_shoulder_lift,2389,2406,17,37,4,80
30.846,2026-08-05T05:50:18.182027+00:00,left_elbow_flex,1629,1641,12,34,2,60
30.846,2026-08-05T05:50:18.182027+00:00,left_wrist_flex,2169,2173,4,34,0,28
30.846,2026-08-05T05:50:18.182027+00:00,left_wrist_roll,1989,1987,-2,34,0,1044
30.846,2026-08-05T05:50:18.182027+00:00,left_gripper,2014,2014,0,36,0,0
30.846,2026-08-05T05:50:18.182027+00:00,right_shoulder_pan,1817,1792,-25,37,2,1076
30.846,2026-08-05T05:50:18.182027+00:00,right_shoulder_lift,2086,2156,70,38,11,154
30.846,2026-08-05T05:50:18.182027+00:00,right_elbow_flex,2097,2137,40,38,4,94
30.846,2026-08-05T05:50:18.182027+00:00,right_wrist_flex,1976,1990,14,35,1,42
30.846,2026-08-05T05:50:18.182027+00:00,right_wrist_roll,2114,2111,-3,34,1,1044
30.846,2026-08-05T05:50:18.182027+00:00,right_gripper,2428,2442,14,38,1,42
30.896,2026-08-05T05:50:18.232464+00:00,left_shoulder_pan,1857,1851,-6,37,1,1060
30.896,2026-08-05T05:50:18.232464+00:00,left_shoulder_lift,2389,2406,17,37,4,80
30.896,2026-08-05T05:50:18.232464+00:00,left_elbow_flex,1629,1641,12,34,2,60
30.896,2026-08-05T05:50:18.232464+00:00,left_wrist_flex,2169,2173,4,34,1,28
30.896,2026-08-05T05:50:18.232464+00:00,left_wrist_roll,1989,1987,-2,34,0,1044
30.896,2026-08-05T05:50:18.232464+00:00,left_gripper,2014,2014,0,36,0,0
30.896,2026-08-05T05:50:18.232464+00:00,right_shoulder_pan,1822,1796,-26,37,1,1086
30.896,2026-08-05T05:50:18.232464+00:00,right_shoulder_lift,2088,2156,68,38,12,150
30.896,2026-08-05T05:50:18.232464+00:00,right_elbow_flex,2097,2137,40,38,4,94
30.896,2026-08-05T05:50:18.232464+00:00,right_wrist_flex,1976,1990,14,35,1,42
30.896,2026-08-05T05:50:18.232464+00:00,right_wrist_roll,2114,2111,-3,34,0,1044
30.896,2026-08-05T05:50:18.232464+00:00,right_gripper,2428,2442,14,38,1,42
30.947,2026-08-05T05:50:18.281823+00:00,left_shoulder_pan,1857,1851,-6,37,1,1060
30.947,2026-08-05T05:50:18.281823+00:00,left_shoulder_lift,2389,2406,17,37,4,80
30.947,2026-08-05T05:50:18.281823+00:00,left_elbow_flex,1629,1641,12,34,2,60
30.947,2026-08-05T05:50:18.281823+00:00,left_wrist_flex,2169,2173,4,34,0,28
30.947,2026-08-05T05:50:18.281823+00:00,left_wrist_roll,1989,1987,-2,34,0,1044
30.947,2026-08-05T05:50:18.281823+00:00,left_gripper,2014,2014,0,37,0,0
30.947,2026-08-05T05:50:18.281823+00:00,right_shoulder_pan,1827,1801,-26,37,0,1078
30.947,2026-08-05T05:50:18.281823+00:00,right_shoulder_lift,2090,2156,66,38,8,146
30.947,2026-08-05T05:50:18.281823+00:00,right_elbow_flex,2097,2137,40,38,4,94
30.947,2026-08-05T05:50:18.281823+00:00,right_wrist_flex,1976,1990,14,35,1,42
30.947,2026-08-05T05:50:18.281823+00:00,right_wrist_roll,2114,2111,-3,34,1,1044
30.947,2026-08-05T05:50:18.281823+00:00,right_gripper,2428,2442,14,38,1,42
30.997,2026-08-05T05:50:18.332068+00:00,left_shoulder_pan,1857,1851,-6,37,1,1060
30.997,2026-08-05T05:50:18.332068+00:00,left_shoulder_lift,2389,2406,17,37,5,80
30.997,2026-08-05T05:50:18.332068+00:00,left_elbow_flex,1629,1641,12,34,2,60
30.997,2026-08-05T05:50:18.332068+00:00,left_wrist_flex,2169,2173,4,34,0,28
30.997,2026-08-05T05:50:18.332068+00:00,left_wrist_roll,1989,1987,-2,34,0,1044
30.997,2026-08-05T05:50:18.332068+00:00,left_gripper,2014,2014,0,36,0,0
30.997,2026-08-05T05:50:18.332068+00:00,right_shoulder_pan,1832,1806,-26,37,1,1082
30.997,2026-08-05T05:50:18.332068+00:00,right_shoulder_lift,2091,2156,65,38,8,142
30.997,2026-08-05T05:50:18.332068+00:00,right_elbow_flex,2097,2137,40,38,4,94
30.997,2026-08-05T05:50:18.332068+00:00,right_wrist_flex,1976,1990,14,35,1,42
30.997,2026-08-05T05:50:18.332068+00:00,right_wrist_roll,2114,2111,-3,34,0,1044
30.997,2026-08-05T05:50:18.332068+00:00,right_gripper,2428,2442,14,38,1,42
31.047,2026-08-05T05:50:18.381989+00:00,left_shoulder_pan,1857,1851,-6,37,1,1060
31.047,2026-08-05T05:50:18.381989+00:00,left_shoulder_lift,2389,2406,17,37,5,80
31.047,2026-08-05T05:50:18.381989+00:00,left_elbow_flex,1629,1641,12,34,2,60
31.047,2026-08-05T05:50:18.381989+00:00,left_wrist_flex,2169,2173,4,34,0,28
31.047,2026-08-05T05:50:18.381989+00:00,left_wrist_roll,1989,1987,-2,34,0,1044
31.047,2026-08-05T05:50:18.381989+00:00,left_gripper,2014,2014,0,36,0,0
31.047,2026-08-05T05:50:18.381989+00:00,right_shoulder_pan,1838,1812,-26,37,1,1078
31.047,2026-08-05T05:50:18.381989+00:00,right_shoulder_lift,2093,2156,63,38,8,140
31.047,2026-08-05T05:50:18.381989+00:00,right_elbow_flex,2097,2137,40,38,4,94
31.047,2026-08-05T05:50:18.381989+00:00,right_wrist_flex,1976,1990,14,35,1,42
31.047,2026-08-05T05:50:18.381989+00:00,right_wrist_roll,2114,2111,-3,34,0,1044
31.047,2026-08-05T05:50:18.381989+00:00,right_gripper,2428,2442,14,38,1,42
31.097,2026-08-05T05:50:18.432021+00:00,left_shoulder_pan,1857,1851,-6,37,1,1060
31.097,2026-08-05T05:50:18.432021+00:00,left_shoulder_lift,2389,2406,17,37,4,80
31.097,2026-08-05T05:50:18.432021+00:00,left_elbow_flex,1629,1641,12,34,2,60
31.097,2026-08-05T05:50:18.432021+00:00,left_wrist_flex,2169,2173,4,35,0,28
31.097,2026-08-05T05:50:18.432021+00:00,left_wrist_roll,1989,1987,-2,34,1,1044
31.097,2026-08-05T05:50:18.432021+00:00,left_gripper,2014,2014,0,37,0,0
31.097,2026-08-05T05:50:18.432021+00:00,right_shoulder_pan,1844,1817,-27,37,1,1082
31.097,2026-08-05T05:50:18.432021+00:00,right_shoulder_lift,2095,2156,61,38,8,136
31.097,2026-08-05T05:50:18.432021+00:00,right_elbow_flex,2097,2137,40,38,4,94
31.097,2026-08-05T05:50:18.432021+00:00,right_wrist_flex,1976,1990,14,35,1,42
31.097,2026-08-05T05:50:18.432021+00:00,right_wrist_roll,2114,2111,-3,34,0,1044
31.097,2026-08-05T05:50:18.432021+00:00,right_gripper,2428,2442,14,38,1,42
31.147,2026-08-05T05:50:18.482194+00:00,left_shoulder_pan,1857,1851,-6,37,1,1060
31.147,2026-08-05T05:50:18.482194+00:00,left_shoulder_lift,2389,2406,17,37,4,80
31.147,2026-08-05T05:50:18.482194+00:00,left_elbow_flex,1629,1641,12,34,2,60
31.147,2026-08-05T05:50:18.482194+00:00,left_wrist_flex,2169,2173,4,34,0,28
31.147,2026-08-05T05:50:18.482194+00:00,left_wrist_roll,1989,1987,-2,34,0,1044
31.147,2026-08-05T05:50:18.482194+00:00,left_gripper,2014,2014,0,36,0,0
31.147,2026-08-05T05:50:18.482194+00:00,right_shoulder_pan,1850,1822,-28,37,2,1082
31.147,2026-08-05T05:50:18.482194+00:00,right_shoulder_lift,2096,2156,60,38,9,136
31.147,2026-08-05T05:50:18.482194+00:00,right_elbow_flex,2097,2137,40,38,4,94
31.147,2026-08-05T05:50:18.482194+00:00,right_wrist_flex,1976,1990,14,35,1,42
31.147,2026-08-05T05:50:18.482194+00:00,right_wrist_roll,2114,2111,-3,34,0,1044
31.147,2026-08-05T05:50:18.482194+00:00,right_gripper,2428,2442,14,38,2,42
31.197,2026-08-05T05:50:18.532176+00:00,left_shoulder_pan,1857,1851,-6,37,1,1060
31.197,2026-08-05T05:50:18.532176+00:00,left_shoulder_lift,2389,2406,17,37,4,80
31.197,2026-08-05T05:50:18.532176+00:00,left_elbow_flex,1629,1641,12,34,2,60
31.197,2026-08-05T05:50:18.532176+00:00,left_wrist_flex,2169,2173,4,34,1,28
31.197,2026-08-05T05:50:18.532176+00:00,left_wrist_roll,1989,1987,-2,34,0,1044
31.197,2026-08-05T05:50:18.532176+00:00,left_gripper,2014,2014,0,36,0,0
31.197,2026-08-05T05:50:18.532176+00:00,right_shoulder_pan,1856,1828,-28,37,1,1084
31.197,2026-08-05T05:50:18.532176+00:00,right_shoulder_lift,2097,2156,59,38,7,134
31.197,2026-08-05T05:50:18.532176+00:00,right_elbow_flex,2097,2137,40,38,4,94
31.197,2026-08-05T05:50:18.532176+00:00,right_wrist_flex,1976,1990,14,35,1,42
31.197,2026-08-05T05:50:18.532176+00:00,right_wrist_roll,2114,2111,-3,34,0,1044
31.197,2026-08-05T05:50:18.532176+00:00,right_gripper,2428,2442,14,38,2,42
31.247,2026-08-05T05:50:18.582882+00:00,left_shoulder_pan,1857,1851,-6,37,1,1060
31.247,2026-08-05T05:50:18.582882+00:00,left_shoulder_lift,2389,2406,17,37,4,80
31.247,2026-08-05T05:50:18.582882+00:00,left_elbow_flex,1629,1641,12,34,2,60
31.247,2026-08-05T05:50:18.582882+00:00,left_wrist_flex,2169,2173,4,34,0,28
31.247,2026-08-05T05:50:18.582882+00:00,left_wrist_roll,1989,1987,-2,34,0,1044
31.247,2026-08-05T05:50:18.582882+00:00,left_gripper,2014,2014,0,36,0,0
31.247,2026-08-05T05:50:18.582882+00:00,right_shoulder_pan,1862,1834,-28,37,1,1086
31.247,2026-08-05T05:50:18.582882+00:00,right_shoulder_lift,2099,2156,57,39,7,132
31.247,2026-08-05T05:50:18.582882+00:00,right_elbow_flex,2097,2137,40,38,5,94
31.247,2026-08-05T05:50:18.582882+00:00,right_wrist_flex,1976,1990,14,35,1,42
31.247,2026-08-05T05:50:18.582882+00:00,right_wrist_roll,2114,2111,-3,34,0,1044
31.247,2026-08-05T05:50:18.582882+00:00,right_gripper,2428,2442,14,38,1,42
31.297,2026-08-05T05:50:18.635001+00:00,left_shoulder_pan,1857,1851,-6,37,1,1060
31.297,2026-08-05T05:50:18.635001+00:00,left_shoulder_lift,2389,2406,17,37,4,80
31.297,2026-08-05T05:50:18.635001+00:00,left_elbow_flex,1629,1641,12,34,3,60
31.297,2026-08-05T05:50:18.635001+00:00,left_wrist_flex,2169,2173,4,34,0,28
31.297,2026-08-05T05:50:18.635001+00:00,left_wrist_roll,1989,1987,-2,34,0,1044
31.297,2026-08-05T05:50:18.635001+00:00,left_gripper,2014,2014,0,36,0,0
31.297,2026-08-05T05:50:18.635001+00:00,right_shoulder_pan,1869,1840,-29,37,1,1076
31.297,2026-08-05T05:50:18.635001+00:00,right_shoulder_lift,2100,2156,56,38,6,124
31.297,2026-08-05T05:50:18.635001+00:00,right_elbow_flex,2097,2137,40,38,4,94
31.297,2026-08-05T05:50:18.635001+00:00,right_wrist_flex,1976,1990,14,35,1,42
31.297,2026-08-05T05:50:18.635001+00:00,right_wrist_roll,2114,2111,-3,34,0,1044
31.297,2026-08-05T05:50:18.635001+00:00,right_gripper,2428,2442,14,38,1,42
31.347,2026-08-05T05:50:18.682374+00:00,left_shoulder_pan,1857,1851,-6,37,1,1060
31.347,2026-08-05T05:50:18.682374+00:00,left_shoulder_lift,2389,2406,17,37,4,80
31.347,2026-08-05T05:50:18.682374+00:00,left_elbow_flex,1629,1641,12,34,2,60
31.347,2026-08-05T05:50:18.682374+00:00,left_wrist_flex,2169,2173,4,34,0,28
31.347,2026-08-05T05:50:18.682374+00:00,left_wrist_roll,1989,1987,-2,34,0,1044
31.347,2026-08-05T05:50:18.682374+00:00,left_gripper,2014,2014,0,36,0,0
31.347,2026-08-05T05:50:18.682374+00:00,right_shoulder_pan,1876,1846,-30,37,1,1084
31.347,2026-08-05T05:50:18.682374+00:00,right_shoulder_lift,2101,2156,55,38,6,126
31.347,2026-08-05T05:50:18.682374+00:00,right_elbow_flex,2097,2137,40,37,5,94
31.347,2026-08-05T05:50:18.682374+00:00,right_wrist_flex,1976,1990,14,35,1,42
31.347,2026-08-05T05:50:18.682374+00:00,right_wrist_roll,2114,2111,-3,34,0,1044
31.347,2026-08-05T05:50:18.682374+00:00,right_gripper,2428,2442,14,38,2,42
31.397,2026-08-05T05:50:18.734052+00:00,left_shoulder_pan,1857,1851,-6,37,1,1060
31.397,2026-08-05T05:50:18.734052+00:00,left_shoulder_lift,2389,2406,17,37,4,80
31.397,2026-08-05T05:50:18.734052+00:00,left_elbow_flex,1629,1641,12,34,2,60
31.397,2026-08-05T05:50:18.734052+00:00,left_wrist_flex,2169,2173,4,34,0,28
31.397,2026-08-05T05:50:18.734052+00:00,left_wrist_roll,1989,1987,-2,34,1,1044
31.397,2026-08-05T05:50:18.734052+00:00,left_gripper,2014,2014,0,36,0,0
31.397,2026-08-05T05:50:18.734052+00:00,right_shoulder_pan,1883,1852,-31,37,1,1078
31.397,2026-08-05T05:50:18.734052+00:00,right_shoulder_lift,2102,2156,54,38,6,124
31.397,2026-08-05T05:50:18.734052+00:00,right_elbow_flex,2097,2137,40,38,4,94
31.397,2026-08-05T05:50:18.734052+00:00,right_wrist_flex,1976,1990,14,35,1,42
31.397,2026-08-05T05:50:18.734052+00:00,right_wrist_roll,2114,2111,-3,34,0,1044
31.397,2026-08-05T05:50:18.734052+00:00,right_gripper,2428,2442,14,38,1,42
31.447,2026-08-05T05:50:18.782622+00:00,left_shoulder_pan,1857,1851,-6,37,1,1060
31.447,2026-08-05T05:50:18.782622+00:00,left_shoulder_lift,2389,2406,17,37,5,80
31.447,2026-08-05T05:50:18.782622+00:00,left_elbow_flex,1629,1641,12,34,2,60
31.447,2026-08-05T05:50:18.782622+00:00,left_wrist_flex,2169,2173,4,34,0,28
31.447,2026-08-05T05:50:18.782622+00:00,left_wrist_roll,1989,1987,-2,34,1,1044
31.447,2026-08-05T05:50:18.782622+00:00,left_gripper,2014,2014,0,36,0,0
31.447,2026-08-05T05:50:18.782622+00:00,right_shoulder_pan,1890,1859,-31,37,2,1088
31.447,2026-08-05T05:50:18.782622+00:00,right_shoulder_lift,2103,2156,53,38,7,122
31.447,2026-08-05T05:50:18.782622+00:00,right_elbow_flex,2097,2137,40,38,5,94
31.447,2026-08-05T05:50:18.782622+00:00,right_wrist_flex,1976,1990,14,35,1,42
31.447,2026-08-05T05:50:18.782622+00:00,right_wrist_roll,2114,2111,-3,34,0,1044
31.447,2026-08-05T05:50:18.782622+00:00,right_gripper,2428,2442,14,38,2,42
31.497,2026-08-05T05:50:18.832870+00:00,left_shoulder_pan,1857,1851,-6,37,1,1060
31.497,2026-08-05T05:50:18.832870+00:00,left_shoulder_lift,2389,2406,17,37,5,80
31.497,2026-08-05T05:50:18.832870+00:00,left_elbow_flex,1629,1641,12,34,2,60
31.497,2026-08-05T05:50:18.832870+00:00,left_wrist_flex,2169,2173,4,34,1,28
31.497,2026-08-05T05:50:18.832870+00:00,left_wrist_roll,1989,1987,-2,34,1,1044
31.497,2026-08-05T05:50:18.832870+00:00,left_gripper,2014,2014,0,37,0,0
31.497,2026-08-05T05:50:18.832870+00:00,right_shoulder_pan,1897,1865,-32,37,1,1080
31.497,2026-08-05T05:50:18.832870+00:00,right_shoulder_lift,2104,2156,52,38,6,120
31.497,2026-08-05T05:50:18.832870+00:00,right_elbow_flex,2097,2137,40,38,4,94
31.497,2026-08-05T05:50:18.832870+00:00,right_wrist_flex,1976,1990,14,35,1,42
31.497,2026-08-05T05:50:18.832870+00:00,right_wrist_roll,2114,2111,-3,34,0,1044
31.497,2026-08-05T05:50:18.832870+00:00,right_gripper,2428,2442,14,38,2,42
31.547,2026-08-05T05:50:18.882738+00:00,left_shoulder_pan,1857,1851,-6,37,1,1060
31.547,2026-08-05T05:50:18.882738+00:00,left_shoulder_lift,2389,2406,17,37,4,80
31.547,2026-08-05T05:50:18.882738+00:00,left_elbow_flex,1629,1641,12,34,2,60
31.547,2026-08-05T05:50:18.882738+00:00,left_wrist_flex,2169,2173,4,34,0,28
31.547,2026-08-05T05:50:18.882738+00:00,left_wrist_roll,1989,1987,-2,34,0,1044
31.547,2026-08-05T05:50:18.882738+00:00,left_gripper,2014,2014,0,36,0,0
31.547,2026-08-05T05:50:18.882738+00:00,right_shoulder_pan,1904,1872,-32,37,1,1088
31.547,2026-08-05T05:50:18.882738+00:00,right_shoulder_lift,2105,2156,51,39,7,118
31.547,2026-08-05T05:50:18.882738+00:00,right_elbow_flex,2097,2137,40,38,4,94
31.547,2026-08-05T05:50:18.882738+00:00,right_wrist_flex,1976,1990,14,35,1,42
31.547,2026-08-05T05:50:18.882738+00:00,right_wrist_roll,2114,2111,-3,34,0,1044
31.547,2026-08-05T05:50:18.882738+00:00,right_gripper,2428,2442,14,38,2,42
31.598,2026-08-05T05:50:18.933198+00:00,left_shoulder_pan,1857,1851,-6,37,1,1060
31.598,2026-08-05T05:50:18.933198+00:00,left_shoulder_lift,2389,2406,17,37,4,80
31.598,2026-08-05T05:50:18.933198+00:00,left_elbow_flex,1629,1641,12,34,2,60
31.598,2026-08-05T05:50:18.933198+00:00,left_wrist_flex,2169,2173,4,34,1,28
31.598,2026-08-05T05:50:18.933198+00:00,left_wrist_roll,1989,1987,-2,34,1,1044
31.598,2026-08-05T05:50:18.933198+00:00,left_gripper,2014,2014,0,37,0,0
31.598,2026-08-05T05:50:18.933198+00:00,right_shoulder_pan,1912,1879,-33,50,1,1084
31.598,2026-08-05T05:50:18.933198+00:00,right_shoulder_lift,2106,2156,50,38,6,116
31.598,2026-08-05T05:50:18.933198+00:00,right_elbow_flex,2097,2137,40,38,4,94
31.598,2026-08-05T05:50:18.933198+00:00,right_wrist_flex,1976,1990,14,35,1,42
31.598,2026-08-05T05:50:18.933198+00:00,right_wrist_roll,2114,2111,-3,34,0,1044
31.598,2026-08-05T05:50:18.933198+00:00,right_gripper,2428,2442,14,38,1,42
31.648,2026-08-05T05:50:18.982843+00:00,left_shoulder_pan,1857,1851,-6,37,1,1060
31.648,2026-08-05T05:50:18.982843+00:00,left_shoulder_lift,2389,2406,17,37,4,80
31.648,2026-08-05T05:50:18.982843+00:00,left_elbow_flex,1629,1641,12,34,3,60
31.648,2026-08-05T05:50:18.982843+00:00,left_wrist_flex,2169,2173,4,34,1,28
31.648,2026-08-05T05:50:18.982843+00:00,left_wrist_roll,1989,1987,-2,34,0,1044
31.648,2026-08-05T05:50:18.982843+00:00,left_gripper,2014,2014,0,36,0,0
31.648,2026-08-05T05:50:18.982843+00:00,right_shoulder_pan,1919,1886,-33,37,2,1088
31.648,2026-08-05T05:50:18.982843+00:00,right_shoulder_lift,2107,2156,49,38,6,114
31.648,2026-08-05T05:50:18.982843+00:00,right_elbow_flex,2097,2137,40,38,5,94
31.648,2026-08-05T05:50:18.982843+00:00,right_wrist_flex,1976,1990,14,35,1,42
31.648,2026-08-05T05:50:18.982843+00:00,right_wrist_roll,2114,2111,-3,34,1,1044
31.648,2026-08-05T05:50:18.982843+00:00,right_gripper,2428,2442,14,38,2,42
31.698,2026-08-05T05:50:19.032902+00:00,left_shoulder_pan,1857,1851,-6,37,1,1060
31.698,2026-08-05T05:50:19.032902+00:00,left_shoulder_lift,2389,2406,17,37,5,80
31.698,2026-08-05T05:50:19.032902+00:00,left_elbow_flex,1629,1641,12,34,2,60
31.698,2026-08-05T05:50:19.032902+00:00,left_wrist_flex,2169,2173,4,34,0,28
31.698,2026-08-05T05:50:19.032902+00:00,left_wrist_roll,1989,1987,-2,34,0,1044
31.698,2026-08-05T05:50:19.032902+00:00,left_gripper,2014,2014,0,36,0,0
31.698,2026-08-05T05:50:19.032902+00:00,right_shoulder_pan,1927,1893,-34,37,1,1084
31.698,2026-08-05T05:50:19.032902+00:00,right_shoulder_lift,2107,2156,49,38,6,112
31.698,2026-08-05T05:50:19.032902+00:00,right_elbow_flex,2097,2137,40,38,4,94
31.698,2026-08-05T05:50:19.032902+00:00,right_wrist_flex,1976,1990,14,35,1,42
31.698,2026-08-05T05:50:19.032902+00:00,right_wrist_roll,2114,2111,-3,34,0,1044
31.698,2026-08-05T05:50:19.032902+00:00,right_gripper,2428,2442,14,38,2,42
31.748,2026-08-05T05:50:19.084815+00:00,left_shoulder_pan,1857,1851,-6,37,1,1060
31.748,2026-08-05T05:50:19.084815+00:00,left_shoulder_lift,2389,2406,17,37,4,80
31.748,2026-08-05T05:50:19.084815+00:00,left_elbow_flex,1629,1641,12,35,2,60
31.748,2026-08-05T05:50:19.084815+00:00,left_wrist_flex,2169,2173,4,34,0,28
31.748,2026-08-05T05:50:19.084815+00:00,left_wrist_roll,1989,1987,-2,34,1,1044
31.748,2026-08-05T05:50:19.084815+00:00,left_gripper,2014,2014,0,36,0,0
31.748,2026-08-05T05:50:19.084815+00:00,right_shoulder_pan,1935,1899,-36,37,1,1090
31.748,2026-08-05T05:50:19.084815+00:00,right_shoulder_lift,2108,2156,48,38,6,112
31.748,2026-08-05T05:50:19.084815+00:00,right_elbow_flex,2097,2137,40,38,5,94
31.748,2026-08-05T05:50:19.084815+00:00,right_wrist_flex,1976,1990,14,35,1,42
31.748,2026-08-05T05:50:19.084815+00:00,right_wrist_roll,2114,2111,-3,34,1,1044
31.748,2026-08-05T05:50:19.084815+00:00,right_gripper,2428,2442,14,38,2,42
31.798,2026-08-05T05:50:19.133304+00:00,left_shoulder_pan,1857,1851,-6,37,1,1060
31.798,2026-08-05T05:50:19.133304+00:00,left_shoulder_lift,2389,2406,17,37,5,80
31.798,2026-08-05T05:50:19.133304+00:00,left_elbow_flex,1629,1641,12,34,2,60
31.798,2026-08-05T05:50:19.133304+00:00,left_wrist_flex,2169,2173,4,34,0,28
31.798,2026-08-05T05:50:19.133304+00:00,left_wrist_roll,1989,1987,-2,34,0,1044
31.798,2026-08-05T05:50:19.133304+00:00,left_gripper,2014,2014,0,36,0,0
31.798,2026-08-05T05:50:19.133304+00:00,right_shoulder_pan,1942,1906,-36,37,2,1088
31.798,2026-08-05T05:50:19.133304+00:00,right_shoulder_lift,2108,2156,48,38,6,110
31.798,2026-08-05T05:50:19.133304+00:00,right_elbow_flex,2097,2137,40,38,4,94
31.798,2026-08-05T05:50:19.133304+00:00,right_wrist_flex,1976,1990,14,35,1,42
31.798,2026-08-05T05:50:19.133304+00:00,right_wrist_roll,2114,2111,-3,34,0,1044
31.798,2026-08-05T05:50:19.133304+00:00,right_gripper,2428,2442,14,38,1,42
31.848,2026-08-05T05:50:19.183338+00:00,left_shoulder_pan,1857,1851,-6,37,1,1060
31.848,2026-08-05T05:50:19.183338+00:00,left_shoulder_lift,2389,2406,17,37,4,80
31.848,2026-08-05T05:50:19.183338+00:00,left_elbow_flex,1629,1641,12,34,2,60
31.848,2026-08-05T05:50:19.183338+00:00,left_wrist_flex,2169,2173,4,34,0,28
31.848,2026-08-05T05:50:19.183338+00:00,left_wrist_roll,1989,1987,-2,34,1,1044
31.848,2026-08-05T05:50:19.183338+00:00,left_gripper,2014,2014,0,36,0,0
31.848,2026-08-05T05:50:19.183338+00:00,right_shoulder_pan,1950,1914,-36,46,2,1090
31.848,2026-08-05T05:50:19.183338+00:00,right_shoulder_lift,2109,2156,47,38,5,110
31.848,2026-08-05T05:50:19.183338+00:00,right_elbow_flex,2097,2137,40,38,4,94
31.848,2026-08-05T05:50:19.183338+00:00,right_wrist_flex,1976,1990,14,35,0,42
31.848,2026-08-05T05:50:19.183338+00:00,right_wrist_roll,2114,2111,-3,34,0,1044
31.848,2026-08-05T05:50:19.183338+00:00,right_gripper,2428,2442,14,38,1,42
31.898,2026-08-05T05:50:19.233387+00:00,left_shoulder_pan,1857,1851,-6,37,1,1060
31.898,2026-08-05T05:50:19.233387+00:00,left_shoulder_lift,2389,2406,17,37,4,80
31.898,2026-08-05T05:50:19.233387+00:00,left_elbow_flex,1629,1641,12,34,2,60
31.898,2026-08-05T05:50:19.233387+00:00,left_wrist_flex,2169,2173,4,34,0,28
31.898,2026-08-05T05:50:19.233387+00:00,left_wrist_roll,1989,1987,-2,34,0,1044
31.898,2026-08-05T05:50:19.233387+00:00,left_gripper,2014,2014,0,37,0,0
31.898,2026-08-05T05:50:19.233387+00:00,right_shoulder_pan,1958,1922,-36,37,1,1092
31.898,2026-08-05T05:50:19.233387+00:00,right_shoulder_lift,2109,2156,47,38,6,108
31.898,2026-08-05T05:50:19.233387+00:00,right_elbow_flex,2097,2137,40,38,4,94
31.898,2026-08-05T05:50:19.233387+00:00,right_wrist_flex,1976,1990,14,35,1,42
31.898,2026-08-05T05:50:19.233387+00:00,right_wrist_roll,2114,2111,-3,34,0,1044
31.898,2026-08-05T05:50:19.233387+00:00,right_gripper,2428,2442,14,38,1,42
31.948,2026-08-05T05:50:19.283561+00:00,left_shoulder_pan,1857,1851,-6,37,1,1060
31.948,2026-08-05T05:50:19.283561+00:00,left_shoulder_lift,2389,2406,17,37,4,80
31.948,2026-08-05T05:50:19.283561+00:00,left_elbow_flex,1629,1641,12,34,2,60
31.948,2026-08-05T05:50:19.283561+00:00,left_wrist_flex,2169,2173,4,34,0,28
31.948,2026-08-05T05:50:19.283561+00:00,left_wrist_roll,1989,1987,-2,34,0,1044
31.948,2026-08-05T05:50:19.283561+00:00,left_gripper,2014,2014,0,37,0,0
31.948,2026-08-05T05:50:19.283561+00:00,right_shoulder_pan,1966,1930,-36,37,2,1094
31.948,2026-08-05T05:50:19.283561+00:00,right_shoulder_lift,2109,2156,47,38,6,108
31.948,2026-08-05T05:50:19.283561+00:00,right_elbow_flex,2097,2137,40,38,4,94
31.948,2026-08-05T05:50:19.283561+00:00,right_wrist_flex,1976,1990,14,35,1,42
31.948,2026-08-05T05:50:19.283561+00:00,right_wrist_roll,2114,2111,-3,34,0,1044
31.948,2026-08-05T05:50:19.283561+00:00,right_gripper,2428,2442,14,38,2,42
31.998,2026-08-05T05:50:19.333572+00:00,left_shoulder_pan,1857,1851,-6,37,1,1060
31.998,2026-08-05T05:50:19.333572+00:00,left_shoulder_lift,2389,2406,17,37,4,80
31.998,2026-08-05T05:50:19.333572+00:00,left_elbow_flex,1629,1641,12,34,3,60
31.998,2026-08-05T05:50:19.333572+00:00,left_wrist_flex,2169,2173,4,34,1,28
31.998,2026-08-05T05:50:19.333572+00:00,left_wrist_roll,1989,1987,-2,34,1,1044
31.998,2026-08-05T05:50:19.333572+00:00,left_gripper,2014,2014,0,36,0,0
31.998,2026-08-05T05:50:19.333572+00:00,right_shoulder_pan,1974,1938,-36,37,1,1092
31.998,2026-08-05T05:50:19.333572+00:00,right_shoulder_lift,2109,2156,47,38,5,108
31.998,2026-08-05T05:50:19.333572+00:00,right_elbow_flex,2097,2137,40,38,4,94
31.998,2026-08-05T05:50:19.333572+00:00,right_wrist_flex,1976,1990,14,35,1,42
31.998,2026-08-05T05:50:19.333572+00:00,right_wrist_roll,2114,2111,-3,34,0,1044
31.998,2026-08-05T05:50:19.333572+00:00,right_gripper,2428,2442,14,38,2,42
32.048,2026-08-05T05:50:19.383612+00:00,left_shoulder_pan,1857,1851,-6,37,1,1060
32.048,2026-08-05T05:50:19.383612+00:00,left_shoulder_lift,2389,2406,17,37,4,80
32.048,2026-08-05T05:50:19.383612+00:00,left_elbow_flex,1629,1641,12,34,2,60
32.048,2026-08-05T05:50:19.383612+00:00,left_wrist_flex,2169,2173,4,34,0,28
32.048,2026-08-05T05:50:19.383612+00:00,left_wrist_roll,1989,1987,-2,34,0,1044
32.048,2026-08-05T05:50:19.383612+00:00,left_gripper,2014,2014,0,36,0,0
32.048,2026-08-05T05:50:19.383612+00:00,right_shoulder_pan,1982,1946,-36,37,2,1094
32.048,2026-08-05T05:50:19.383612+00:00,right_shoulder_lift,2109,2156,47,38,5,108
32.048,2026-08-05T05:50:19.383612+00:00,right_elbow_flex,2097,2137,40,38,5,94
32.048,2026-08-05T05:50:19.383612+00:00,right_wrist_flex,1976,1990,14,35,1,42
32.048,2026-08-05T05:50:19.383612+00:00,right_wrist_roll,2114,2111,-3,34,0,1044
32.048,2026-08-05T05:50:19.383612+00:00,right_gripper,2428,2442,14,38,2,42
32.098,2026-08-05T05:50:19.433817+00:00,left_shoulder_pan,1857,1851,-6,37,1,1060
32.098,2026-08-05T05:50:19.433817+00:00,left_shoulder_lift,2389,2406,17,37,4,80
32.098,2026-08-05T05:50:19.433817+00:00,left_elbow_flex,1629,1641,12,34,2,60
32.098,2026-08-05T05:50:19.433817+00:00,left_wrist_flex,2169,2173,4,34,1,28
32.098,2026-08-05T05:50:19.433817+00:00,left_wrist_roll,1989,1987,-2,34,0,1044
32.098,2026-08-05T05:50:19.433817+00:00,left_gripper,2014,2014,0,37,0,0
32.098,2026-08-05T05:50:19.433817+00:00,right_shoulder_pan,1989,1954,-35,37,2,1092
32.098,2026-08-05T05:50:19.433817+00:00,right_shoulder_lift,2109,2156,47,38,5,108
32.098,2026-08-05T05:50:19.433817+00:00,right_elbow_flex,2097,2137,40,38,5,94
32.098,2026-08-05T05:50:19.433817+00:00,right_wrist_flex,1976,1990,14,35,1,42
32.098,2026-08-05T05:50:19.433817+00:00,right_wrist_roll,2114,2111,-3,34,0,1044
32.098,2026-08-05T05:50:19.433817+00:00,right_gripper,2428,2442,14,38,1,42
32.148,2026-08-05T05:50:19.484482+00:00,left_shoulder_pan,1857,1851,-6,37,1,1060
32.148,2026-08-05T05:50:19.484482+00:00,left_shoulder_lift,2389,2406,17,37,4,80
32.148,2026-08-05T05:50:19.484482+00:00,left_elbow_flex,1629,1641,12,34,2,60
32.148,2026-08-05T05:50:19.484482+00:00,left_wrist_flex,2169,2173,4,34,1,28
32.148,2026-08-05T05:50:19.484482+00:00,left_wrist_roll,1989,1987,-2,34,0,1044
32.148,2026-08-05T05:50:19.484482+00:00,left_gripper,2014,2014,0,37,0,0
32.148,2026-08-05T05:50:19.484482+00:00,right_shoulder_pan,1997,1962,-35,37,1,1092
32.148,2026-08-05T05:50:19.484482+00:00,right_shoulder_lift,2109,2156,47,38,5,108
32.148,2026-08-05T05:50:19.484482+00:00,right_elbow_flex,2097,2137,40,38,4,94
32.148,2026-08-05T05:50:19.484482+00:00,right_wrist_flex,1976,1990,14,35,1,42
32.148,2026-08-05T05:50:19.484482+00:00,right_wrist_roll,2114,2111,-3,34,1,1044
32.148,2026-08-05T05:50:19.484482+00:00,right_gripper,2428,2442,14,38,2,42
32.198,2026-08-05T05:50:19.533593+00:00,left_shoulder_pan,1857,1851,-6,37,1,1060
32.198,2026-08-05T05:50:19.533593+00:00,left_shoulder_lift,2389,2406,17,37,4,80
32.198,2026-08-05T05:50:19.533593+00:00,left_elbow_flex,1629,1641,12,34,2,60
32.198,2026-08-05T05:50:19.533593+00:00,left_wrist_flex,2169,2173,4,34,0,28
32.198,2026-08-05T05:50:19.533593+00:00,left_wrist_roll,1989,1987,-2,34,1,1044
32.198,2026-08-05T05:50:19.533593+00:00,left_gripper,2014,2014,0,36,0,0
32.198,2026-08-05T05:50:19.533593+00:00,right_shoulder_pan,2005,1969,-36,37,2,1090
32.198,2026-08-05T05:50:19.533593+00:00,right_shoulder_lift,2108,2156,48,38,6,110
32.198,2026-08-05T05:50:19.533593+00:00,right_elbow_flex,2097,2137,40,38,4,94
32.198,2026-08-05T05:50:19.533593+00:00,right_wrist_flex,1976,1990,14,35,2,42
32.198,2026-08-05T05:50:19.533593+00:00,right_wrist_roll,2114,2111,-3,34,0,1044
32.198,2026-08-05T05:50:19.533593+00:00,right_gripper,2428,2442,14,38,2,42
32.248,2026-08-05T05:50:19.584026+00:00,left_shoulder_pan,1857,1851,-6,37,1,1060
32.248,2026-08-05T05:50:19.584026+00:00,left_shoulder_lift,2389,2406,17,37,4,80
32.248,2026-08-05T05:50:19.584026+00:00,left_elbow_flex,1629,1641,12,34,2,60
32.248,2026-08-05T05:50:19.584026+00:00,left_wrist_flex,2169,2173,4,34,0,28
32.248,2026-08-05T05:50:19.584026+00:00,left_wrist_roll,1989,1987,-2,34,0,1044
32.248,2026-08-05T05:50:19.584026+00:00,left_gripper,2014,2014,0,37,0,0
32.248,2026-08-05T05:50:19.584026+00:00,right_shoulder_pan,2013,1977,-36,37,1,1094
32.248,2026-08-05T05:50:19.584026+00:00,right_shoulder_lift,2108,2156,48,38,5,110
32.248,2026-08-05T05:50:19.584026+00:00,right_elbow_flex,2097,2137,40,37,4,94
32.248,2026-08-05T05:50:19.584026+00:00,right_wrist_flex,1976,1990,14,35,1,42
32.248,2026-08-05T05:50:19.584026+00:00,right_wrist_roll,2114,2111,-3,34,0,1044
32.248,2026-08-05T05:50:19.584026+00:00,right_gripper,2428,2442,14,38,2,42
32.299,2026-08-05T05:50:19.634025+00:00,left_shoulder_pan,1857,1851,-6,37,1,1060
32.299,2026-08-05T05:50:19.634025+00:00,left_shoulder_lift,2389,2406,17,37,4,80
32.299,2026-08-05T05:50:19.634025+00:00,left_elbow_flex,1629,1641,12,34,2,60
32.299,2026-08-05T05:50:19.634025+00:00,left_wrist_flex,2169,2173,4,34,0,28
32.299,2026-08-05T05:50:19.634025+00:00,left_wrist_roll,1989,1987,-2,34,0,1044
32.299,2026-08-05T05:50:19.634025+00:00,left_gripper,2014,2014,0,36,0,0
32.299,2026-08-05T05:50:19.634025+00:00,right_shoulder_pan,2020,1984,-36,37,1,1092
32.299,2026-08-05T05:50:19.634025+00:00,right_shoulder_lift,2107,2156,49,38,6,112
32.299,2026-08-05T05:50:19.634025+00:00,right_elbow_flex,2097,2137,40,38,4,94
32.299,2026-08-05T05:50:19.634025+00:00,right_wrist_flex,1976,1990,14,35,1,42
32.299,2026-08-05T05:50:19.634025+00:00,right_wrist_roll,2114,2111,-3,34,0,1044
32.299,2026-08-05T05:50:19.634025+00:00,right_gripper,2428,2442,14,38,2,42
32.349,2026-08-05T05:50:19.683886+00:00,left_shoulder_pan,1857,1851,-6,37,1,1060
32.349,2026-08-05T05:50:19.683886+00:00,left_shoulder_lift,2389,2406,17,37,4,80
32.349,2026-08-05T05:50:19.683886+00:00,left_elbow_flex,1629,1641,12,34,2,60
32.349,2026-08-05T05:50:19.683886+00:00,left_wrist_flex,2169,2173,4,34,1,28
32.349,2026-08-05T05:50:19.683886+00:00,left_wrist_roll,1989,1987,-2,34,0,1044
32.349,2026-08-05T05:50:19.683886+00:00,left_gripper,2014,2014,0,36,0,0
32.349,2026-08-05T05:50:19.683886+00:00,right_shoulder_pan,2028,1992,-36,37,2,1090
32.349,2026-08-05T05:50:19.683886+00:00,right_shoulder_lift,2107,2156,49,38,6,112
32.349,2026-08-05T05:50:19.683886+00:00,right_elbow_flex,2097,2137,40,38,5,94
32.349,2026-08-05T05:50:19.683886+00:00,right_wrist_flex,1976,1990,14,35,1,42
32.349,2026-08-05T05:50:19.683886+00:00,right_wrist_roll,2114,2111,-3,34,1,1044
32.349,2026-08-05T05:50:19.683886+00:00,right_gripper,2428,2442,14,38,1,42
32.399,2026-08-05T05:50:19.735094+00:00,left_shoulder_pan,1857,1851,-6,37,1,1060
32.399,2026-08-05T05:50:19.735094+00:00,left_shoulder_lift,2389,2406,17,37,4,80
32.399,2026-08-05T05:50:19.735094+00:00,left_elbow_flex,1629,1641,12,34,2,60
32.399,2026-08-05T05:50:19.735094+00:00,left_wrist_flex,2169,2173,4,34,1,28
32.399,2026-08-05T05:50:19.735094+00:00,left_wrist_roll,1989,1987,-2,34,0,1044
32.399,2026-08-05T05:50:19.735094+00:00,left_gripper,2014,2014,0,37,0,0
32.399,2026-08-05T05:50:19.735094+00:00,right_shoulder_pan,2036,1999,-37,37,1,1092
32.399,2026-08-05T05:50:19.735094+00:00,right_shoulder_lift,2106,2156,50,38,6,114
32.399,2026-08-05T05:50:19.735094+00:00,right_elbow_flex,2097,2137,40,38,4,94
32.399,2026-08-05T05:50:19.735094+00:00,right_wrist_flex,1976,1990,14,35,1,42
32.399,2026-08-05T05:50:19.735094+00:00,right_wrist_roll,2114,2111,-3,34,0,1044
32.399,2026-08-05T05:50:19.735094+00:00,right_gripper,2428,2442,14,38,2,42
32.449,2026-08-05T05:50:19.784376+00:00,left_shoulder_pan,1857,1851,-6,37,1,1060
32.449,2026-08-05T05:50:19.784376+00:00,left_shoulder_lift,2389,2406,17,37,5,80
32.449,2026-08-05T05:50:19.784376+00:00,left_elbow_flex,1629,1641,12,34,2,60
32.449,2026-08-05T05:50:19.784376+00:00,left_wrist_flex,2169,2173,4,34,0,28
32.449,2026-08-05T05:50:19.784376+00:00,left_wrist_roll,1989,1987,-2,34,0,1044
32.449,2026-08-05T05:50:19.784376+00:00,left_gripper,2014,2014,0,36,0,0
32.449,2026-08-05T05:50:19.784376+00:00,right_shoulder_pan,2043,2007,-36,37,1,1092
32.449,2026-08-05T05:50:19.784376+00:00,right_shoulder_lift,2105,2156,51,38,5,116
32.449,2026-08-05T05:50:19.784376+00:00,right_elbow_flex,2097,2137,40,38,5,94
32.449,2026-08-05T05:50:19.784376+00:00,right_wrist_flex,1976,1990,14,35,1,42
32.449,2026-08-05T05:50:19.784376+00:00,right_wrist_roll,2114,2111,-3,34,1,1044
32.449,2026-08-05T05:50:19.784376+00:00,right_gripper,2428,2442,14,38,1,42
32.499,2026-08-05T05:50:19.834311+00:00,left_shoulder_pan,1857,1851,-6,37,1,1060
32.499,2026-08-05T05:50:19.834311+00:00,left_shoulder_lift,2389,2406,17,37,4,80
32.499,2026-08-05T05:50:19.834311+00:00,left_elbow_flex,1629,1641,12,34,2,60
32.499,2026-08-05T05:50:19.834311+00:00,left_wrist_flex,2169,2173,4,34,1,28
32.499,2026-08-05T05:50:19.834311+00:00,left_wrist_roll,1989,1987,-2,34,0,1044
32.499,2026-08-05T05:50:19.834311+00:00,left_gripper,2014,2014,0,37,0,0
32.499,2026-08-05T05:50:19.834311+00:00,right_shoulder_pan,2050,2015,-35,37,1,1092
32.499,2026-08-05T05:50:19.834311+00:00,right_shoulder_lift,2104,2156,52,39,6,118
32.499,2026-08-05T05:50:19.834311+00:00,right_elbow_flex,2097,2137,40,38,5,94
32.499,2026-08-05T05:50:19.834311+00:00,right_wrist_flex,1976,1990,14,35,1,42
32.499,2026-08-05T05:50:19.834311+00:00,right_wrist_roll,2114,2111,-3,34,0,1044
32.499,2026-08-05T05:50:19.834311+00:00,right_gripper,2428,2442,14,38,2,42
32.549,2026-08-05T05:50:19.884420+00:00,left_shoulder_pan,1857,1851,-6,37,1,1060
32.549,2026-08-05T05:50:19.884420+00:00,left_shoulder_lift,2389,2406,17,37,4,80
32.549,2026-08-05T05:50:19.884420+00:00,left_elbow_flex,1629,1641,12,34,2,60
32.549,2026-08-05T05:50:19.884420+00:00,left_wrist_flex,2169,2173,4,34,1,28
32.549,2026-08-05T05:50:19.884420+00:00,left_wrist_roll,1989,1987,-2,34,1,1044
32.549,2026-08-05T05:50:19.884420+00:00,left_gripper,2014,2014,0,37,0,0
32.549,2026-08-05T05:50:19.884420+00:00,right_shoulder_pan,2058,2022,-36,37,1,1086
32.549,2026-08-05T05:50:19.884420+00:00,right_shoulder_lift,2104,2156,52,38,7,118
32.549,2026-08-05T05:50:19.884420+00:00,right_elbow_flex,2097,2137,40,38,5,94
32.549,2026-08-05T05:50:19.884420+00:00,right_wrist_flex,1976,1990,14,35,1,42
32.549,2026-08-05T05:50:19.884420+00:00,right_wrist_roll,2114,2111,-3,34,0,1044
32.549,2026-08-05T05:50:19.884420+00:00,right_gripper,2428,2442,14,38,2,42
32.599,2026-08-05T05:50:19.934280+00:00,left_shoulder_pan,1857,1851,-6,37,1,1060
32.599,2026-08-05T05:50:19.934280+00:00,left_shoulder_lift,2389,2406,17,37,4,80
32.599,2026-08-05T05:50:19.934280+00:00,left_elbow_flex,1629,1641,12,34,2,60
32.599,2026-08-05T05:50:19.934280+00:00,left_wrist_flex,2169,2173,4,34,1,28
32.599,2026-08-05T05:50:19.934280+00:00,left_wrist_roll,1989,1987,-2,34,1,1044
32.599,2026-08-05T05:50:19.934280+00:00,left_gripper,2014,2014,0,36,0,0
32.599,2026-08-05T05:50:19.934280+00:00,right_shoulder_pan,2065,2030,-35,37,1,1094
32.599,2026-08-05T05:50:19.934280+00:00,right_shoulder_lift,2102,2156,54,38,6,124
32.599,2026-08-05T05:50:19.934280+00:00,right_elbow_flex,2097,2137,40,38,5,94
32.599,2026-08-05T05:50:19.934280+00:00,right_wrist_flex,1976,1990,14,35,0,42
32.599,2026-08-05T05:50:19.934280+00:00,right_wrist_roll,2114,2111,-3,34,0,1044
32.599,2026-08-05T05:50:19.934280+00:00,right_gripper,2428,2442,14,38,1,42
32.649,2026-08-05T05:50:19.984624+00:00,left_shoulder_pan,1857,1851,-6,37,1,1060
32.649,2026-08-05T05:50:19.984624+00:00,left_shoulder_lift,2389,2406,17,37,4,80
32.649,2026-08-05T05:50:19.984624+00:00,left_elbow_flex,1629,1641,12,34,2,60
32.649,2026-08-05T05:50:19.984624+00:00,left_wrist_flex,2169,2173,4,34,0,28
32.649,2026-08-05T05:50:19.984624+00:00,left_wrist_roll,1989,1987,-2,34,1,1044
32.649,2026-08-05T05:50:19.984624+00:00,left_gripper,2014,2014,0,36,0,0
32.649,2026-08-05T05:50:19.984624+00:00,right_shoulder_pan,2072,2038,-34,37,2,1090
32.649,2026-08-05T05:50:19.984624+00:00,right_shoulder_lift,2101,2156,55,38,6,124
32.649,2026-08-05T05:50:19.984624+00:00,right_elbow_flex,2097,2137,40,38,5,94
32.649,2026-08-05T05:50:19.984624+00:00,right_wrist_flex,1976,1990,14,35,1,42
32.649,2026-08-05T05:50:19.984624+00:00,right_wrist_roll,2114,2111,-3,34,0,1044
32.649,2026-08-05T05:50:19.984624+00:00,right_gripper,2428,2442,14,38,1,42
32.699,2026-08-05T05:50:20.034379+00:00,left_shoulder_pan,1857,1851,-6,37,1,1060
32.699,2026-08-05T05:50:20.034379+00:00,left_shoulder_lift,2389,2406,17,37,5,80
32.699,2026-08-05T05:50:20.034379+00:00,left_elbow_flex,1629,1641,12,34,2,60
32.699,2026-08-05T05:50:20.034379+00:00,left_wrist_flex,2169,2173,4,34,0,28
32.699,2026-08-05T05:50:20.034379+00:00,left_wrist_roll,1989,1987,-2,34,1,1044
32.699,2026-08-05T05:50:20.034379+00:00,left_gripper,2014,2014,0,36,0,0
32.699,2026-08-05T05:50:20.034379+00:00,right_shoulder_pan,2078,2045,-33,37,1,1084
32.699,2026-08-05T05:50:20.034379+00:00,right_shoulder_lift,2100,2156,56,38,6,130
32.699,2026-08-05T05:50:20.034379+00:00,right_elbow_flex,2097,2137,40,38,4,94
32.699,2026-08-05T05:50:20.034379+00:00,right_wrist_flex,1976,1990,14,35,2,42
32.699,2026-08-05T05:50:20.034379+00:00,right_wrist_roll,2114,2111,-3,34,0,1044
32.699,2026-08-05T05:50:20.034379+00:00,right_gripper,2428,2442,14,38,2,42
32.749,2026-08-05T05:50:20.084455+00:00,left_shoulder_pan,1857,1851,-6,37,1,1060
32.749,2026-08-05T05:50:20.084455+00:00,left_shoulder_lift,2389,2406,17,37,4,80
32.749,2026-08-05T05:50:20.084455+00:00,left_elbow_flex,1629,1641,12,34,2,60
32.749,2026-08-05T05:50:20.084455+00:00,left_wrist_flex,2169,2173,4,34,0,28
32.749,2026-08-05T05:50:20.084455+00:00,left_wrist_roll,1989,1987,-2,34,0,1044
32.749,2026-08-05T05:50:20.084455+00:00,left_gripper,2014,2014,0,36,0,0
32.749,2026-08-05T05:50:20.084455+00:00,right_shoulder_pan,2085,2052,-33,37,2,1078
32.749,2026-08-05T05:50:20.084455+00:00,right_shoulder_lift,2099,2156,57,38,7,128
32.749,2026-08-05T05:50:20.084455+00:00,right_elbow_flex,2097,2137,40,38,5,94
32.749,2026-08-05T05:50:20.084455+00:00,right_wrist_flex,1976,1990,14,35,1,42
32.749,2026-08-05T05:50:20.084455+00:00,right_wrist_roll,2114,2111,-3,34,0,1044
32.749,2026-08-05T05:50:20.084455+00:00,right_gripper,2428,2442,14,38,1,42
32.799,2026-08-05T05:50:20.135527+00:00,left_shoulder_pan,1857,1851,-6,37,1,1060
32.799,2026-08-05T05:50:20.135527+00:00,left_shoulder_lift,2389,2406,17,37,4,80
32.799,2026-08-05T05:50:20.135527+00:00,left_elbow_flex,1629,1641,12,34,2,60
32.799,2026-08-05T05:50:20.135527+00:00,left_wrist_flex,2169,2173,4,34,0,28
32.799,2026-08-05T05:50:20.135527+00:00,left_wrist_roll,1989,1987,-2,34,0,1044
32.799,2026-08-05T05:50:20.135527+00:00,left_gripper,2014,2014,0,37,0,0
32.799,2026-08-05T05:50:20.135527+00:00,right_shoulder_pan,2091,2059,-32,37,0,1086
32.799,2026-08-05T05:50:20.135527+00:00,right_shoulder_lift,2098,2156,58,38,7,134
32.799,2026-08-05T05:50:20.135527+00:00,right_elbow_flex,2097,2137,40,38,4,94
32.799,2026-08-05T05:50:20.135527+00:00,right_wrist_flex,1976,1990,14,35,1,42
32.799,2026-08-05T05:50:20.135527+00:00,right_wrist_roll,2114,2111,-3,34,0,1044
32.799,2026-08-05T05:50:20.135527+00:00,right_gripper,2428,2442,14,38,1,42
32.849,2026-08-05T05:50:20.185401+00:00,left_shoulder_pan,1857,1851,-6,37,1,1060
32.849,2026-08-05T05:50:20.185401+00:00,left_shoulder_lift,2389,2406,17,37,4,80
32.849,2026-08-05T05:50:20.185401+00:00,left_elbow_flex,1629,1641,12,34,2,60
32.849,2026-08-05T05:50:20.185401+00:00,left_wrist_flex,2169,2173,4,34,0,28
32.849,2026-08-05T05:50:20.185401+00:00,left_wrist_roll,1989,1987,-2,34,1,1044
32.849,2026-08-05T05:50:20.185401+00:00,left_gripper,2014,2014,0,37,0,0
32.849,2026-08-05T05:50:20.185401+00:00,right_shoulder_pan,2098,2067,-31,37,1,1082
32.849,2026-08-05T05:50:20.185401+00:00,right_shoulder_lift,2096,2156,60,38,10,132
32.849,2026-08-05T05:50:20.185401+00:00,right_elbow_flex,2097,2137,40,38,5,94
32.849,2026-08-05T05:50:20.185401+00:00,right_wrist_flex,1976,1990,14,35,1,42
32.849,2026-08-05T05:50:20.185401+00:00,right_wrist_roll,2114,2111,-3,34,1,1044
32.849,2026-08-05T05:50:20.185401+00:00,right_gripper,2428,2442,14,38,2,42
32.899,2026-08-05T05:50:20.234925+00:00,left_shoulder_pan,1857,1851,-6,37,1,1060
32.899,2026-08-05T05:50:20.234925+00:00,left_shoulder_lift,2389,2406,17,37,5,80
32.899,2026-08-05T05:50:20.234925+00:00,left_elbow_flex,1629,1641,12,34,3,60
32.899,2026-08-05T05:50:20.234925+00:00,left_wrist_flex,2169,2173,4,34,0,28
32.899,2026-08-05T05:50:20.234925+00:00,left_wrist_roll,1989,1987,-2,34,0,1044
32.899,2026-08-05T05:50:20.234925+00:00,left_gripper,2014,2014,0,36,0,0
32.899,2026-08-05T05:50:20.234925+00:00,right_shoulder_pan,2104,2073,-31,37,2,1088
32.899,2026-08-05T05:50:20.234925+00:00,right_shoulder_lift,2095,2156,61,38,8,140
32.899,2026-08-05T05:50:20.234925+00:00,right_elbow_flex,2097,2137,40,38,4,94
32.899,2026-08-05T05:50:20.234925+00:00,right_wrist_flex,1976,1990,14,35,1,42
32.899,2026-08-05T05:50:20.234925+00:00,right_wrist_roll,2114,2111,-3,34,0,1044
32.899,2026-08-05T05:50:20.234925+00:00,right_gripper,2428,2442,14,38,2,42
32.949,2026-08-05T05:50:20.284751+00:00,left_shoulder_pan,1857,1851,-6,37,1,1060
32.949,2026-08-05T05:50:20.284751+00:00,left_shoulder_lift,2389,2406,17,37,4,80
32.949,2026-08-05T05:50:20.284751+00:00,left_elbow_flex,1629,1641,12,34,2,60
32.949,2026-08-05T05:50:20.284751+00:00,left_wrist_flex,2169,2173,4,34,0,28
32.949,2026-08-05T05:50:20.284751+00:00,left_wrist_roll,1989,1987,-2,34,0,1044
32.949,2026-08-05T05:50:20.284751+00:00,left_gripper,2014,2014,0,37,0,0
32.949,2026-08-05T05:50:20.284751+00:00,right_shoulder_pan,2110,2079,-31,37,1,1080
32.949,2026-08-05T05:50:20.284751+00:00,right_shoulder_lift,2093,2156,63,38,8,138
32.949,2026-08-05T05:50:20.284751+00:00,right_elbow_flex,2097,2137,40,38,5,94
32.949,2026-08-05T05:50:20.284751+00:00,right_wrist_flex,1976,1990,14,35,2,42
32.949,2026-08-05T05:50:20.284751+00:00,right_wrist_roll,2114,2111,-3,34,0,1044
32.949,2026-08-05T05:50:20.284751+00:00,right_gripper,2428,2442,14,38,2,42
33.000,2026-08-05T05:50:20.335039+00:00,left_shoulder_pan,1857,1851,-6,36,1,1060
33.000,2026-08-05T05:50:20.335039+00:00,left_shoulder_lift,2389,2406,17,37,5,80
33.000,2026-08-05T05:50:20.335039+00:00,left_elbow_flex,1629,1641,12,34,2,60
33.000,2026-08-05T05:50:20.335039+00:00,left_wrist_flex,2169,2173,4,34,0,28
33.000,2026-08-05T05:50:20.335039+00:00,left_wrist_roll,1989,1987,-2,34,0,1044
33.000,2026-08-05T05:50:20.335039+00:00,left_gripper,2014,2014,0,36,0,0
33.000,2026-08-05T05:50:20.335039+00:00,right_shoulder_pan,2115,2086,-29,52,0,1082
33.000,2026-08-05T05:50:20.335039+00:00,right_shoulder_lift,2091,2156,65,38,10,146
33.000,2026-08-05T05:50:20.335039+00:00,right_elbow_flex,2097,2137,40,38,4,94
33.000,2026-08-05T05:50:20.335039+00:00,right_wrist_flex,1976,1990,14,35,1,42
33.000,2026-08-05T05:50:20.335039+00:00,right_wrist_roll,2114,2111,-3,34,0,1044
33.000,2026-08-05T05:50:20.335039+00:00,right_gripper,2428,2442,14,38,2,42
33.050,2026-08-05T05:50:20.385216+00:00,left_shoulder_pan,1857,1851,-6,37,1,1060
33.050,2026-08-05T05:50:20.385216+00:00,left_shoulder_lift,2389,2406,17,37,4,80
33.050,2026-08-05T05:50:20.385216+00:00,left_elbow_flex,1629,1641,12,34,2,60
33.050,2026-08-05T05:50:20.385216+00:00,left_wrist_flex,2169,2173,4,34,0,28
33.050,2026-08-05T05:50:20.385216+00:00,left_wrist_roll,1989,1987,-2,34,0,1044
33.050,2026-08-05T05:50:20.385216+00:00,left_gripper,2014,2014,0,36,0,0
33.050,2026-08-05T05:50:20.385216+00:00,right_shoulder_pan,2121,2091,-30,37,1,1080
33.050,2026-08-05T05:50:20.385216+00:00,right_shoulder_lift,2090,2156,66,38,11,146
33.050,2026-08-05T05:50:20.385216+00:00,right_elbow_flex,2097,2137,40,38,4,94
33.050,2026-08-05T05:50:20.385216+00:00,right_wrist_flex,1976,1990,14,35,1,42
33.050,2026-08-05T05:50:20.385216+00:00,right_wrist_roll,2114,2111,-3,34,0,1044
33.050,2026-08-05T05:50:20.385216+00:00,right_gripper,2428,2442,14,38,2,42
33.100,2026-08-05T05:50:20.435020+00:00,left_shoulder_pan,1857,1851,-6,37,1,1060
33.100,2026-08-05T05:50:20.435020+00:00,left_shoulder_lift,2389,2406,17,37,4,80
33.100,2026-08-05T05:50:20.435020+00:00,left_elbow_flex,1629,1641,12,34,2,60
33.100,2026-08-05T05:50:20.435020+00:00,left_wrist_flex,2169,2173,4,34,1,28
33.100,2026-08-05T05:50:20.435020+00:00,left_wrist_roll,1989,1987,-2,34,0,1044
33.100,2026-08-05T05:50:20.435020+00:00,left_gripper,2014,2014,0,37,0,0
33.100,2026-08-05T05:50:20.435020+00:00,right_shoulder_pan,2126,2097,-29,37,1,1086
33.100,2026-08-05T05:50:20.435020+00:00,right_shoulder_lift,2088,2156,68,38,13,152
33.100,2026-08-05T05:50:20.435020+00:00,right_elbow_flex,2097,2137,40,38,5,94
33.100,2026-08-05T05:50:20.435020+00:00,right_wrist_flex,1976,1990,14,35,1,42
33.100,2026-08-05T05:50:20.435020+00:00,right_wrist_roll,2114,2111,-3,34,0,1044
33.100,2026-08-05T05:50:20.435020+00:00,right_gripper,2428,2442,14,38,2,42
33.150,2026-08-05T05:50:20.485043+00:00,left_shoulder_pan,1857,1851,-6,37,1,1060
33.150,2026-08-05T05:50:20.485043+00:00,left_shoulder_lift,2389,2406,17,37,5,80
33.150,2026-08-05T05:50:20.485043+00:00,left_elbow_flex,1629,1641,12,34,2,60
33.150,2026-08-05T05:50:20.485043+00:00,left_wrist_flex,2169,2173,4,34,0,28
33.150,2026-08-05T05:50:20.485043+00:00,left_wrist_roll,1989,1987,-2,34,0,1044
33.150,2026-08-05T05:50:20.485043+00:00,left_gripper,2014,2014,0,37,0,0
33.150,2026-08-05T05:50:20.485043+00:00,right_shoulder_pan,2131,2103,-28,37,1,1078
33.150,2026-08-05T05:50:20.485043+00:00,right_shoulder_lift,2086,2156,70,38,12,152
33.150,2026-08-05T05:50:20.485043+00:00,right_elbow_flex,2097,2137,40,38,4,94
33.150,2026-08-05T05:50:20.485043+00:00,right_wrist_flex,1976,1990,14,35,1,42
33.150,2026-08-05T05:50:20.485043+00:00,right_wrist_roll,2114,2111,-3,34,0,1044
33.150,2026-08-05T05:50:20.485043+00:00,right_gripper,2428,2442,14,38,1,42
33.200,2026-08-05T05:50:20.536036+00:00,left_shoulder_pan,1857,1851,-6,37,1,1060
33.200,2026-08-05T05:50:20.536036+00:00,left_shoulder_lift,2389,2406,17,37,4,80
33.200,2026-08-05T05:50:20.536036+00:00,left_elbow_flex,1629,1641,12,34,2,60
33.200,2026-08-05T05:50:20.536036+00:00,left_wrist_flex,2169,2173,4,34,0,28
33.200,2026-08-05T05:50:20.536036+00:00,left_wrist_roll,1989,1987,-2,34,0,1044
33.200,2026-08-05T05:50:20.536036+00:00,left_gripper,2014,2014,0,37,0,0
33.200,2026-08-05T05:50:20.536036+00:00,right_shoulder_pan,2136,2109,-27,37,1,1084
33.200,2026-08-05T05:50:20.536036+00:00,right_shoulder_lift,2084,2156,72,38,13,160
33.200,2026-08-05T05:50:20.536036+00:00,right_elbow_flex,2097,2137,40,38,4,94
33.200,2026-08-05T05:50:20.536036+00:00,right_wrist_flex,1976,1990,14,35,1,42
33.200,2026-08-05T05:50:20.536036+00:00,right_wrist_roll,2114,2111,-3,34,0,1044
33.200,2026-08-05T05:50:20.536036+00:00,right_gripper,2428,2442,14,38,2,42
33.250,2026-08-05T05:50:20.585220+00:00,left_shoulder_pan,1857,1851,-6,37,1,1060
33.250,2026-08-05T05:50:20.585220+00:00,left_shoulder_lift,2389,2406,17,37,5,80
33.250,2026-08-05T05:50:20.585220+00:00,left_elbow_flex,1629,1641,12,34,2,60
33.250,2026-08-05T05:50:20.585220+00:00,left_wrist_flex,2169,2173,4,34,0,28
33.250,2026-08-05T05:50:20.585220+00:00,left_wrist_roll,1989,1987,-2,34,0,1044
33.250,2026-08-05T05:50:20.585220+00:00,left_gripper,2014,2014,0,36,0,0
33.250,2026-08-05T05:50:20.585220+00:00,right_shoulder_pan,2140,2115,-25,37,1,1072
33.250,2026-08-05T05:50:20.585220+00:00,right_shoulder_lift,2082,2156,74,39,10,160
33.250,2026-08-05T05:50:20.585220+00:00,right_elbow_flex,2097,2137,40,38,4,94
33.250,2026-08-05T05:50:20.585220+00:00,right_wrist_flex,1976,1990,14,35,1,42
33.250,2026-08-05T05:50:20.585220+00:00,right_wrist_roll,2114,2111,-3,34,0,1044
33.250,2026-08-05T05:50:20.585220+00:00,right_gripper,2428,2442,14,38,2,42
33.300,2026-08-05T05:50:20.635286+00:00,left_shoulder_pan,1857,1851,-6,37,1,1060
33.300,2026-08-05T05:50:20.635286+00:00,left_shoulder_lift,2389,2406,17,37,4,80
33.300,2026-08-05T05:50:20.635286+00:00,left_elbow_flex,1629,1641,12,34,2,60
33.300,2026-08-05T05:50:20.635286+00:00,left_wrist_flex,2169,2173,4,34,0,28
33.300,2026-08-05T05:50:20.635286+00:00,left_wrist_roll,1989,1987,-2,34,0,1044
33.300,2026-08-05T05:50:20.635286+00:00,left_gripper,2014,2014,0,36,0,0
33.300,2026-08-05T05:50:20.635286+00:00,right_shoulder_pan,2145,2120,-25,37,1,1082
33.300,2026-08-05T05:50:20.635286+00:00,right_shoulder_lift,2080,2156,76,38,11,168
33.300,2026-08-05T05:50:20.635286+00:00,right_elbow_flex,2097,2137,40,38,4,94
33.300,2026-08-05T05:50:20.635286+00:00,right_wrist_flex,1976,1990,14,35,1,42
33.300,2026-08-05T05:50:20.635286+00:00,right_wrist_roll,2114,2111,-3,34,0,1044
33.300,2026-08-05T05:50:20.635286+00:00,right_gripper,2428,2442,14,38,2,42
33.350,2026-08-05T05:50:20.686201+00:00,left_shoulder_pan,1857,1851,-6,37,1,1060
33.350,2026-08-05T05:50:20.686201+00:00,left_shoulder_lift,2389,2406,17,37,4,80
33.350,2026-08-05T05:50:20.686201+00:00,left_elbow_flex,1629,1641,12,34,2,60
33.350,2026-08-05T05:50:20.686201+00:00,left_wrist_flex,2169,2173,4,34,0,28
33.350,2026-08-05T05:50:20.686201+00:00,left_wrist_roll,1989,1987,-2,34,0,1044
33.350,2026-08-05T05:50:20.686201+00:00,left_gripper,2014,2014,0,37,0,0
33.350,2026-08-05T05:50:20.686201+00:00,right_shoulder_pan,2149,2124,-25,37,1,1082
33.350,2026-08-05T05:50:20.686201+00:00,right_shoulder_lift,2078,2156,78,38,13,168
33.350,2026-08-05T05:50:20.686201+00:00,right_elbow_flex,2097,2137,40,37,5,94
33.350,2026-08-05T05:50:20.686201+00:00,right_wrist_flex,1976,1990,14,35,1,42
33.350,2026-08-05T05:50:20.686201+00:00,right_wrist_roll,2114,2111,-3,34,1,1044
33.350,2026-08-05T05:50:20.686201+00:00,right_gripper,2428,2442,14,38,1,42
33.400,2026-08-05T05:50:20.736658+00:00,left_shoulder_pan,1857,1851,-6,37,1,1060
33.400,2026-08-05T05:50:20.736658+00:00,left_shoulder_lift,2389,2406,17,37,4,80
33.400,2026-08-05T05:50:20.736658+00:00,left_elbow_flex,1629,1641,12,34,2,60
33.400,2026-08-05T05:50:20.736658+00:00,left_wrist_flex,2169,2173,4,34,0,28
33.400,2026-08-05T05:50:20.736658+00:00,left_wrist_roll,1989,1987,-2,34,1,1044
33.400,2026-08-05T05:50:20.736658+00:00,left_gripper,2014,2014,0,37,0,0
33.400,2026-08-05T05:50:20.736658+00:00,right_shoulder_pan,2152,2130,-22,37,2,1076
33.400,2026-08-05T05:50:20.736658+00:00,right_shoulder_lift,2076,2156,80,38,12,172
33.400,2026-08-05T05:50:20.736658+00:00,right_elbow_flex,2097,2137,40,38,4,94
33.400,2026-08-05T05:50:20.736658+00:00,right_wrist_flex,1976,1990,14,35,1,42
33.400,2026-08-05T05:50:20.736658+00:00,right_wrist_roll,2114,2111,-3,34,0,1044
33.400,2026-08-05T05:50:20.736658+00:00,right_gripper,2428,2442,14,38,2,42
33.450,2026-08-05T05:50:20.785469+00:00,left_shoulder_pan,1857,1851,-6,37,1,1060
33.450,2026-08-05T05:50:20.785469+00:00,left_shoulder_lift,2389,2406,17,37,5,80
33.450,2026-08-05T05:50:20.785469+00:00,left_elbow_flex,1629,1641,12,34,2,60
33.450,2026-08-05T05:50:20.785469+00:00,left_wrist_flex,2169,2173,4,34,0,28
33.450,2026-08-05T05:50:20.785469+00:00,left_wrist_roll,1989,1987,-2,34,0,1044
33.450,2026-08-05T05:50:20.785469+00:00,left_gripper,2014,2014,0,36,0,0
33.450,2026-08-05T05:50:20.785469+00:00,right_shoulder_pan,2156,2134,-22,37,1,1070
33.450,2026-08-05T05:50:20.785469+00:00,right_shoulder_lift,2074,2156,82,38,17,176
33.450,2026-08-05T05:50:20.785469+00:00,right_elbow_flex,2097,2137,40,38,5,94
33.450,2026-08-05T05:50:20.785469+00:00,right_wrist_flex,1976,1990,14,35,1,42
33.450,2026-08-05T05:50:20.785469+00:00,right_wrist_roll,2114,2111,-3,34,1,1044
33.450,2026-08-05T05:50:20.785469+00:00,right_gripper,2428,2442,14,38,2,42
33.500,2026-08-05T05:50:20.835843+00:00,left_shoulder_pan,1857,1851,-6,37,1,1060
33.500,2026-08-05T05:50:20.835843+00:00,left_shoulder_lift,2389,2406,17,37,4,80
33.500,2026-08-05T05:50:20.835843+00:00,left_elbow_flex,1629,1641,12,34,2,60
33.500,2026-08-05T05:50:20.835843+00:00,left_wrist_flex,2169,2173,4,34,0,28
33.500,2026-08-05T05:50:20.835843+00:00,left_wrist_roll,1989,1987,-2,34,0,1044
33.500,2026-08-05T05:50:20.835843+00:00,left_gripper,2014,2014,0,36,0,0
33.500,2026-08-05T05:50:20.835843+00:00,right_shoulder_pan,2159,2137,-22,37,1,1078
33.500,2026-08-05T05:50:20.835843+00:00,right_shoulder_lift,2072,2156,84,39,13,180
33.500,2026-08-05T05:50:20.835843+00:00,right_elbow_flex,2097,2137,40,38,4,94
33.500,2026-08-05T05:50:20.835843+00:00,right_wrist_flex,1976,1990,14,35,0,42
33.500,2026-08-05T05:50:20.835843+00:00,right_wrist_roll,2114,2111,-3,34,1,1044
33.500,2026-08-05T05:50:20.835843+00:00,right_gripper,2428,2442,14,38,2,42
33.550,2026-08-05T05:50:20.885599+00:00,left_shoulder_pan,1857,1851,-6,37,1,1060
33.550,2026-08-05T05:50:20.885599+00:00,left_shoulder_lift,2389,2406,17,37,5,80
33.550,2026-08-05T05:50:20.885599+00:00,left_elbow_flex,1629,1641,12,34,2,60
33.550,2026-08-05T05:50:20.885599+00:00,left_wrist_flex,2169,2173,4,34,0,28
33.550,2026-08-05T05:50:20.885599+00:00,left_wrist_roll,1989,1987,-2,34,0,1044
33.550,2026-08-05T05:50:20.885599+00:00,left_gripper,2014,2014,0,36,0,0
33.550,2026-08-05T05:50:20.885599+00:00,right_shoulder_pan,2162,2142,-20,37,1,1068
33.550,2026-08-05T05:50:20.885599+00:00,right_shoulder_lift,2070,2156,86,38,13,184
33.550,2026-08-05T05:50:20.885599+00:00,right_elbow_flex,2097,2137,40,38,4,94
33.550,2026-08-05T05:50:20.885599+00:00,right_wrist_flex,1976,1990,14,35,0,42
33.550,2026-08-05T05:50:20.885599+00:00,right_wrist_roll,2114,2111,-3,34,0,1044
33.550,2026-08-05T05:50:20.885599+00:00,right_gripper,2428,2442,14,38,2,42
33.600,2026-08-05T05:50:20.935938+00:00,left_shoulder_pan,1857,1851,-6,37,1,1060
33.600,2026-08-05T05:50:20.935938+00:00,left_shoulder_lift,2389,2406,17,37,4,80
33.600,2026-08-05T05:50:20.935938+00:00,left_elbow_flex,1629,1641,12,34,2,60
33.600,2026-08-05T05:50:20.935938+00:00,left_wrist_flex,2169,2173,4,34,0,28
33.600,2026-08-05T05:50:20.935938+00:00,left_wrist_roll,1989,1987,-2,34,0,1044
33.600,2026-08-05T05:50:20.935938+00:00,left_gripper,2014,2014,0,36,0,0
33.600,2026-08-05T05:50:20.935938+00:00,right_shoulder_pan,2164,2145,-19,37,1,1074
33.600,2026-08-05T05:50:20.935938+00:00,right_shoulder_lift,2068,2156,88,38,20,188
33.600,2026-08-05T05:50:20.935938+00:00,right_elbow_flex,2097,2137,40,38,4,94
33.600,2026-08-05T05:50:20.935938+00:00,right_wrist_flex,1976,1990,14,35,1,42
33.600,2026-08-05T05:50:20.935938+00:00,right_wrist_roll,2114,2111,-3,34,0,1044
33.600,2026-08-05T05:50:20.935938+00:00,right_gripper,2428,2442,14,38,2,42
33.651,2026-08-05T05:50:20.985754+00:00,left_shoulder_pan,1857,1851,-6,37,1,1060
33.651,2026-08-05T05:50:20.985754+00:00,left_shoulder_lift,2389,2406,17,37,5,80
33.651,2026-08-05T05:50:20.985754+00:00,left_elbow_flex,1629,1641,12,34,2,60
33.651,2026-08-05T05:50:20.985754+00:00,left_wrist_flex,2169,2173,4,34,0,28
33.651,2026-08-05T05:50:20.985754+00:00,left_wrist_roll,1989,1987,-2,34,0,1044
33.651,2026-08-05T05:50:20.985754+00:00,left_gripper,2014,2014,0,36,0,0
33.651,2026-08-05T05:50:20.985754+00:00,right_shoulder_pan,2167,2148,-19,37,2,1070
33.651,2026-08-05T05:50:20.985754+00:00,right_shoulder_lift,2065,2156,91,38,18,192
33.651,2026-08-05T05:50:20.985754+00:00,right_elbow_flex,2097,2137,40,38,4,94
33.651,2026-08-05T05:50:20.985754+00:00,right_wrist_flex,1976,1990,14,35,1,42
33.651,2026-08-05T05:50:20.985754+00:00,right_wrist_roll,2114,2111,-3,34,0,1044
33.651,2026-08-05T05:50:20.985754+00:00,right_gripper,2428,2442,14,38,2,42
33.701,2026-08-05T05:50:21.036586+00:00,left_shoulder_pan,1857,1851,-6,37,1,1060
33.701,2026-08-05T05:50:21.036586+00:00,left_shoulder_lift,2389,2406,17,37,4,80
33.701,2026-08-05T05:50:21.036586+00:00,left_elbow_flex,1629,1641,12,34,2,60
33.701,2026-08-05T05:50:21.036586+00:00,left_wrist_flex,2169,2173,4,34,0,28
33.701,2026-08-05T05:50:21.036586+00:00,left_wrist_roll,1989,1987,-2,34,0,1044
33.701,2026-08-05T05:50:21.036586+00:00,left_gripper,2014,2014,0,37,0,0
33.701,2026-08-05T05:50:21.036586+00:00,right_shoulder_pan,2168,2151,-17,37,1,1066
33.701,2026-08-05T05:50:21.036586+00:00,right_shoulder_lift,2063,2156,93,38,16,198
33.701,2026-08-05T05:50:21.036586+00:00,right_elbow_flex,2097,2137,40,38,4,94
33.701,2026-08-05T05:50:21.036586+00:00,right_wrist_flex,1976,1990,14,35,1,42
33.701,2026-08-05T05:50:21.036586+00:00,right_wrist_roll,2114,2111,-3,34,0,1044
33.701,2026-08-05T05:50:21.036586+00:00,right_gripper,2428,2442,14,38,2,42
33.751,2026-08-05T05:50:21.086203+00:00,left_shoulder_pan,1857,1851,-6,37,1,1060
33.751,2026-08-05T05:50:21.086203+00:00,left_shoulder_lift,2389,2406,17,37,4,80
33.751,2026-08-05T05:50:21.086203+00:00,left_elbow_flex,1629,1641,12,34,2,60
33.751,2026-08-05T05:50:21.086203+00:00,left_wrist_flex,2169,2173,4,34,0,28
33.751,2026-08-05T05:50:21.086203+00:00,left_wrist_roll,1989,1987,-2,34,0,1044
33.751,2026-08-05T05:50:21.086203+00:00,left_gripper,2014,2014,0,36,0,0
33.751,2026-08-05T05:50:21.086203+00:00,right_shoulder_pan,2170,2153,-17,37,1,1064
33.751,2026-08-05T05:50:21.086203+00:00,right_shoulder_lift,2061,2156,95,39,18,202
33.751,2026-08-05T05:50:21.086203+00:00,right_elbow_flex,2097,2137,40,38,4,94
33.751,2026-08-05T05:50:21.086203+00:00,right_wrist_flex,1976,1990,14,35,1,42
33.751,2026-08-05T05:50:21.086203+00:00,right_wrist_roll,2114,2111,-3,34,0,1044
33.751,2026-08-05T05:50:21.086203+00:00,right_gripper,2428,2442,14,38,1,42
33.801,2026-08-05T05:50:21.136390+00:00,left_shoulder_pan,1857,1851,-6,37,0,1060
33.801,2026-08-05T05:50:21.136390+00:00,left_shoulder_lift,2389,2406,17,37,4,80
33.801,2026-08-05T05:50:21.136390+00:00,left_elbow_flex,1629,1641,12,34,2,60
33.801,2026-08-05T05:50:21.136390+00:00,left_wrist_flex,2169,2173,4,34,0,28
33.801,2026-08-05T05:50:21.136390+00:00,left_wrist_roll,1989,1987,-2,34,1,1044
33.801,2026-08-05T05:50:21.136390+00:00,left_gripper,2014,2014,0,36,0,0
33.801,2026-08-05T05:50:21.136390+00:00,right_shoulder_pan,2172,2154,-18,37,1,1064
33.801,2026-08-05T05:50:21.136390+00:00,right_shoulder_lift,2058,2156,98,39,20,206
33.801,2026-08-05T05:50:21.136390+00:00,right_elbow_flex,2097,2137,40,38,4,94
33.801,2026-08-05T05:50:21.136390+00:00,right_wrist_flex,1976,1990,14,35,1,42
33.801,2026-08-05T05:50:21.136390+00:00,right_wrist_roll,2114,2111,-3,34,0,1044
33.801,2026-08-05T05:50:21.136390+00:00,right_gripper,2428,2442,14,38,2,42
33.851,2026-08-05T05:50:21.186266+00:00,left_shoulder_pan,1857,1851,-6,37,1,1060
33.851,2026-08-05T05:50:21.186266+00:00,left_shoulder_lift,2389,2406,17,37,4,80
33.851,2026-08-05T05:50:21.186266+00:00,left_elbow_flex,1629,1641,12,34,2,60
33.851,2026-08-05T05:50:21.186266+00:00,left_wrist_flex,2169,2173,4,34,0,28
33.851,2026-08-05T05:50:21.186266+00:00,left_wrist_roll,1989,1987,-2,34,1,1044
33.851,2026-08-05T05:50:21.186266+00:00,left_gripper,2014,2014,0,36,0,0
33.851,2026-08-05T05:50:21.186266+00:00,right_shoulder_pan,2173,2156,-17,37,2,1074
33.851,2026-08-05T05:50:21.186266+00:00,right_shoulder_lift,2056,2156,100,39,25,216
33.851,2026-08-05T05:50:21.186266+00:00,right_elbow_flex,2097,2137,40,38,4,94
33.851,2026-08-05T05:50:21.186266+00:00,right_wrist_flex,1976,1990,14,35,1,42
33.851,2026-08-05T05:50:21.186266+00:00,right_wrist_roll,2114,2111,-3,34,0,1044
33.851,2026-08-05T05:50:21.186266+00:00,right_gripper,2428,2442,14,38,1,42
33.901,2026-08-05T05:50:21.236111+00:00,left_shoulder_pan,1857,1851,-6,37,1,1060
33.901,2026-08-05T05:50:21.236111+00:00,left_shoulder_lift,2389,2406,17,37,4,80
33.901,2026-08-05T05:50:21.236111+00:00,left_elbow_flex,1629,1641,12,34,2,60
33.901,2026-08-05T05:50:21.236111+00:00,left_wrist_flex,2169,2173,4,34,0,28
33.901,2026-08-05T05:50:21.236111+00:00,left_wrist_roll,1989,1987,-2,34,0,1044
33.901,2026-08-05T05:50:21.236111+00:00,left_gripper,2014,2014,0,37,0,0
33.901,2026-08-05T05:50:21.236111+00:00,right_shoulder_pan,2173,2158,-15,37,1,1068
33.901,2026-08-05T05:50:21.236111+00:00,right_shoulder_lift,2054,2156,102,38,23,216
33.901,2026-08-05T05:50:21.236111+00:00,right_elbow_flex,2097,2137,40,38,4,94
33.901,2026-08-05T05:50:21.236111+00:00,right_wrist_flex,1976,1990,14,35,1,42
33.901,2026-08-05T05:50:21.236111+00:00,right_wrist_roll,2114,2111,-3,34,0,1044
33.901,2026-08-05T05:50:21.236111+00:00,right_gripper,2428,2442,14,38,1,42
33.951,2026-08-05T05:50:21.286445+00:00,left_shoulder_pan,1857,1851,-6,37,1,1060
33.951,2026-08-05T05:50:21.286445+00:00,left_shoulder_lift,2389,2406,17,37,4,80
33.951,2026-08-05T05:50:21.286445+00:00,left_elbow_flex,1629,1641,12,34,2,60
33.951,2026-08-05T05:50:21.286445+00:00,left_wrist_flex,2169,2173,4,34,0,28
33.951,2026-08-05T05:50:21.286445+00:00,left_wrist_roll,1989,1987,-2,34,0,1044
33.951,2026-08-05T05:50:21.286445+00:00,left_gripper,2014,2014,0,36,0,0
33.951,2026-08-05T05:50:21.286445+00:00,right_shoulder_pan,2174,2159,-15,37,1,1062
33.951,2026-08-05T05:50:21.286445+00:00,right_shoulder_lift,2051,2156,105,38,20,220
33.951,2026-08-05T05:50:21.286445+00:00,right_elbow_flex,2097,2137,40,38,4,94
33.951,2026-08-05T05:50:21.286445+00:00,right_wrist_flex,1976,1990,14,35,1,42
33.951,2026-08-05T05:50:21.286445+00:00,right_wrist_roll,2114,2111,-3,34,0,1044
33.951,2026-08-05T05:50:21.286445+00:00,right_gripper,2428,2442,14,38,1,42
34.001,2026-08-05T05:50:21.336330+00:00,left_shoulder_pan,1857,1851,-6,37,1,1060
34.001,2026-08-05T05:50:21.336330+00:00,left_shoulder_lift,2389,2406,17,37,5,80
34.001,2026-08-05T05:50:21.336330+00:00,left_elbow_flex,1629,1641,12,34,2,60
34.001,2026-08-05T05:50:21.336330+00:00,left_wrist_flex,2169,2173,4,34,0,28
34.001,2026-08-05T05:50:21.336330+00:00,left_wrist_roll,1989,1987,-2,33,1,1044
34.001,2026-08-05T05:50:21.336330+00:00,left_gripper,2014,2014,0,36,0,0
34.001,2026-08-05T05:50:21.336330+00:00,right_shoulder_pan,2174,2159,-15,37,1,1062
34.001,2026-08-05T05:50:21.336330+00:00,right_shoulder_lift,2049,2156,107,38,21,226
34.001,2026-08-05T05:50:21.336330+00:00,right_elbow_flex,2097,2137,40,38,4,94
34.001,2026-08-05T05:50:21.336330+00:00,right_wrist_flex,1976,1990,14,35,1,42
34.001,2026-08-05T05:50:21.336330+00:00,right_wrist_roll,2114,2111,-3,35,0,1044
34.001,2026-08-05T05:50:21.336330+00:00,right_gripper,2428,2442,14,38,2,42
34.051,2026-08-05T05:50:21.386633+00:00,left_shoulder_pan,1857,1851,-6,37,1,1060
34.051,2026-08-05T05:50:21.386633+00:00,left_shoulder_lift,2389,2406,17,37,4,80
34.051,2026-08-05T05:50:21.386633+00:00,left_elbow_flex,1629,1641,12,34,2,60
34.051,2026-08-05T05:50:21.386633+00:00,left_wrist_flex,2169,2173,4,34,0,28
34.051,2026-08-05T05:50:21.386633+00:00,left_wrist_roll,1989,1987,-2,34,0,1044
34.051,2026-08-05T05:50:21.386633+00:00,left_gripper,2014,2014,0,36,0,0
34.051,2026-08-05T05:50:21.386633+00:00,right_shoulder_pan,2174,2160,-14,37,1,1066
34.051,2026-08-05T05:50:21.386633+00:00,right_shoulder_lift,2047,2156,109,38,29,230
34.051,2026-08-05T05:50:21.386633+00:00,right_elbow_flex,2097,2137,40,38,5,94
34.051,2026-08-05T05:50:21.386633+00:00,right_wrist_flex,1976,1990,14,35,1,42
34.051,2026-08-05T05:50:21.386633+00:00,right_wrist_roll,2114,2111,-3,34,1,1044
34.051,2026-08-05T05:50:21.386633+00:00,right_gripper,2428,2442,14,38,1,42
34.101,2026-08-05T05:50:21.436389+00:00,left_shoulder_pan,1857,1851,-6,37,1,1060
34.101,2026-08-05T05:50:21.436389+00:00,left_shoulder_lift,2389,2406,17,37,4,80
34.101,2026-08-05T05:50:21.436389+00:00,left_elbow_flex,1629,1641,12,34,2,60
34.101,2026-08-05T05:50:21.436389+00:00,left_wrist_flex,2169,2173,4,34,0,28
34.101,2026-08-05T05:50:21.436389+00:00,left_wrist_roll,1989,1987,-2,34,0,1044
34.101,2026-08-05T05:50:21.436389+00:00,left_gripper,2014,2014,0,36,0,0
34.101,2026-08-05T05:50:21.436389+00:00,right_shoulder_pan,2173,2160,-13,37,1,1060
34.101,2026-08-05T05:50:21.436389+00:00,right_shoulder_lift,2044,2156,112,38,29,234
34.101,2026-08-05T05:50:21.436389+00:00,right_elbow_flex,2097,2137,40,38,4,94
34.101,2026-08-05T05:50:21.436389+00:00,right_wrist_flex,1976,1990,14,35,1,42
34.101,2026-08-05T05:50:21.436389+00:00,right_wrist_roll,2114,2111,-3,34,0,1044
34.101,2026-08-05T05:50:21.436389+00:00,right_gripper,2428,2442,14,38,2,42
34.151,2026-08-05T05:50:21.487474+00:00,left_shoulder_pan,1857,1851,-6,37,1,1060
34.151,2026-08-05T05:50:21.487474+00:00,left_shoulder_lift,2389,2406,17,37,5,80
34.151,2026-08-05T05:50:21.487474+00:00,left_elbow_flex,1629,1641,12,34,2,60
34.151,2026-08-05T05:50:21.487474+00:00,left_wrist_flex,2169,2173,4,34,0,28
34.151,2026-08-05T05:50:21.487474+00:00,left_wrist_roll,1989,1987,-2,34,0,1044
34.151,2026-08-05T05:50:21.487474+00:00,left_gripper,2014,2014,0,36,0,0
34.151,2026-08-05T05:50:21.487474+00:00,right_shoulder_pan,2173,2160,-13,37,1,1064
34.151,2026-08-05T05:50:21.487474+00:00,right_shoulder_lift,2042,2156,114,38,30,244
34.151,2026-08-05T05:50:21.487474+00:00,right_elbow_flex,2097,2137,40,38,4,94
34.151,2026-08-05T05:50:21.487474+00:00,right_wrist_flex,1976,1990,14,35,1,42
34.151,2026-08-05T05:50:21.487474+00:00,right_wrist_roll,2114,2111,-3,34,1,1044
34.151,2026-08-05T05:50:21.487474+00:00,right_gripper,2428,2442,14,38,1,42
34.201,2026-08-05T05:50:21.536492+00:00,left_shoulder_pan,1857,1851,-6,37,1,1060
34.201,2026-08-05T05:50:21.536492+00:00,left_shoulder_lift,2389,2406,17,37,4,80
34.201,2026-08-05T05:50:21.536492+00:00,left_elbow_flex,1629,1641,12,34,2,60
34.201,2026-08-05T05:50:21.536492+00:00,left_wrist_flex,2169,2173,4,34,0,28
34.201,2026-08-05T05:50:21.536492+00:00,left_wrist_roll,1989,1987,-2,34,0,1044
34.201,2026-08-05T05:50:21.536492+00:00,left_gripper,2014,2014,0,36,0,0
34.201,2026-08-05T05:50:21.536492+00:00,right_shoulder_pan,2172,2160,-12,37,0,1058
34.201,2026-08-05T05:50:21.536492+00:00,right_shoulder_lift,2040,2156,116,38,24,244
34.201,2026-08-05T05:50:21.536492+00:00,right_elbow_flex,2097,2137,40,38,5,94
34.201,2026-08-05T05:50:21.536492+00:00,right_wrist_flex,1976,1990,14,35,1,42
34.201,2026-08-05T05:50:21.536492+00:00,right_wrist_roll,2114,2111,-3,34,0,1044
34.201,2026-08-05T05:50:21.536492+00:00,right_gripper,2428,2442,14,38,1,42
34.251,2026-08-05T05:50:21.586631+00:00,left_shoulder_pan,1857,1851,-6,37,2,1060
34.251,2026-08-05T05:50:21.586631+00:00,left_shoulder_lift,2389,2406,17,37,5,80
34.251,2026-08-05T05:50:21.586631+00:00,left_elbow_flex,1629,1641,12,34,2,60
34.251,2026-08-05T05:50:21.586631+00:00,left_wrist_flex,2169,2173,4,34,0,28
34.251,2026-08-05T05:50:21.586631+00:00,left_wrist_roll,1989,1987,-2,34,0,1044
34.251,2026-08-05T05:50:21.586631+00:00,left_gripper,2014,2014,0,37,0,0
34.251,2026-08-05T05:50:21.586631+00:00,right_shoulder_pan,2170,2160,-10,37,1,1060
34.251,2026-08-05T05:50:21.586631+00:00,right_shoulder_lift,2037,2156,119,38,27,252
34.251,2026-08-05T05:50:21.586631+00:00,right_elbow_flex,2097,2137,40,38,4,94
34.251,2026-08-05T05:50:21.586631+00:00,right_wrist_flex,1976,1990,14,35,1,42
34.251,2026-08-05T05:50:21.586631+00:00,right_wrist_roll,2114,2111,-3,34,0,1044
34.251,2026-08-05T05:50:21.586631+00:00,right_gripper,2428,2442,14,38,2,42
34.301,2026-08-05T05:50:21.637068+00:00,left_shoulder_pan,1857,1851,-6,37,1,1060
34.301,2026-08-05T05:50:21.637068+00:00,left_shoulder_lift,2389,2406,17,37,4,80
34.301,2026-08-05T05:50:21.637068+00:00,left_elbow_flex,1629,1641,12,34,2,60
34.301,2026-08-05T05:50:21.637068+00:00,left_wrist_flex,2169,2173,4,34,0,28
34.301,2026-08-05T05:50:21.637068+00:00,left_wrist_roll,1989,1987,-2,34,0,1044
34.301,2026-08-05T05:50:21.637068+00:00,left_gripper,2014,2014,0,37,0,0
34.301,2026-08-05T05:50:21.637068+00:00,right_shoulder_pan,2168,2160,-8,37,1,1052
34.301,2026-08-05T05:50:21.637068+00:00,right_shoulder_lift,2035,2156,121,38,27,254
34.301,2026-08-05T05:50:21.637068+00:00,right_elbow_flex,2097,2137,40,38,4,94
34.301,2026-08-05T05:50:21.637068+00:00,right_wrist_flex,1976,1990,14,35,0,42
34.301,2026-08-05T05:50:21.637068+00:00,right_wrist_roll,2114,2111,-3,34,0,1044
34.301,2026-08-05T05:50:21.637068+00:00,right_gripper,2428,2442,14,38,1,42
34.352,2026-08-05T05:50:21.686789+00:00,left_shoulder_pan,1857,1851,-6,37,1,1060
34.352,2026-08-05T05:50:21.686789+00:00,left_shoulder_lift,2389,2406,17,37,4,80
34.352,2026-08-05T05:50:21.686789+00:00,left_elbow_flex,1629,1641,12,34,2,60
34.352,2026-08-05T05:50:21.686789+00:00,left_wrist_flex,2169,2173,4,34,0,28
34.352,2026-08-05T05:50:21.686789+00:00,left_wrist_roll,1989,1987,-2,34,1,1044
34.352,2026-08-05T05:50:21.686789+00:00,left_gripper,2014,2014,0,36,0,0
34.352,2026-08-05T05:50:21.686789+00:00,right_shoulder_pan,2166,2160,-6,37,1,1052
34.352,2026-08-05T05:50:21.686789+00:00,right_shoulder_lift,2033,2156,123,38,27,262
34.352,2026-08-05T05:50:21.686789+00:00,right_elbow_flex,2097,2137,40,38,4,94
34.352,2026-08-05T05:50:21.686789+00:00,right_wrist_flex,1976,1990,14,35,1,42
34.352,2026-08-05T05:50:21.686789+00:00,right_wrist_roll,2114,2111,-3,34,0,1044
34.352,2026-08-05T05:50:21.686789+00:00,right_gripper,2428,2442,14,38,2,42
34.402,2026-08-05T05:50:21.737872+00:00,left_shoulder_pan,1857,1851,-6,37,1,1060
34.402,2026-08-05T05:50:21.737872+00:00,left_shoulder_lift,2389,2406,17,37,5,80
34.402,2026-08-05T05:50:21.737872+00:00,left_elbow_flex,1629,1641,12,34,2,60
34.402,2026-08-05T05:50:21.737872+00:00,left_wrist_flex,2169,2173,4,34,0,28
34.402,2026-08-05T05:50:21.737872+00:00,left_wrist_roll,1989,1987,-2,34,0,1044
34.402,2026-08-05T05:50:21.737872+00:00,left_gripper,2014,2014,0,36,0,0
34.402,2026-08-05T05:50:21.737872+00:00,right_shoulder_pan,2164,2160,-4,37,1,1044
34.402,2026-08-05T05:50:21.737872+00:00,right_shoulder_lift,2030,2156,126,39,29,262
34.402,2026-08-05T05:50:21.737872+00:00,right_elbow_flex,2097,2137,40,38,4,94
34.402,2026-08-05T05:50:21.737872+00:00,right_wrist_flex,1976,1990,14,35,1,42
34.402,2026-08-05T05:50:21.737872+00:00,right_wrist_roll,2114,2111,-3,34,1,1044
34.402,2026-08-05T05:50:21.737872+00:00,right_gripper,2428,2442,14,38,1,42
34.452,2026-08-05T05:50:21.787134+00:00,left_shoulder_pan,1857,1851,-6,37,1,1060
34.452,2026-08-05T05:50:21.787134+00:00,left_shoulder_lift,2389,2406,17,37,5,80
34.452,2026-08-05T05:50:21.787134+00:00,left_elbow_flex,1629,1641,12,34,2,60
34.452,2026-08-05T05:50:21.787134+00:00,left_wrist_flex,2169,2173,4,34,1,28
34.452,2026-08-05T05:50:21.787134+00:00,left_wrist_roll,1989,1987,-2,34,1,1044
34.452,2026-08-05T05:50:21.787134+00:00,left_gripper,2014,2014,0,36,0,0
34.452,2026-08-05T05:50:21.787134+00:00,right_shoulder_pan,2162,2160,-2,37,0,1044
34.452,2026-08-05T05:50:21.787134+00:00,right_shoulder_lift,2028,2156,128,38,35,272
34.452,2026-08-05T05:50:21.787134+00:00,right_elbow_flex,2097,2137,40,38,4,94
34.452,2026-08-05T05:50:21.787134+00:00,right_wrist_flex,1976,1990,14,35,0,42
34.452,2026-08-05T05:50:21.787134+00:00,right_wrist_roll,2114,2111,-3,34,1,1044
34.452,2026-08-05T05:50:21.787134+00:00,right_gripper,2428,2442,14,38,2,42
34.502,2026-08-05T05:50:21.837061+00:00,left_shoulder_pan,1857,1851,-6,37,1,1060
34.502,2026-08-05T05:50:21.837061+00:00,left_shoulder_lift,2389,2406,17,37,5,80
34.502,2026-08-05T05:50:21.837061+00:00,left_elbow_flex,1629,1641,12,34,2,60
34.502,2026-08-05T05:50:21.837061+00:00,left_wrist_flex,2169,2173,4,34,0,28
34.502,2026-08-05T05:50:21.837061+00:00,left_wrist_roll,1989,1987,-2,34,0,1044
34.502,2026-08-05T05:50:21.837061+00:00,left_gripper,2014,2014,0,36,0,0
34.502,2026-08-05T05:50:21.837061+00:00,right_shoulder_pan,2159,2160,1,37,1,0
34.502,2026-08-05T05:50:21.837061+00:00,right_shoulder_lift,2026,2156,130,38,31,272
34.502,2026-08-05T05:50:21.837061+00:00,right_elbow_flex,2097,2137,40,38,4,94
34.502,2026-08-05T05:50:21.837061+00:00,right_wrist_flex,1976,1990,14,35,1,42
34.502,2026-08-05T05:50:21.837061+00:00,right_wrist_roll,2114,2111,-3,34,1,1044
34.502,2026-08-05T05:50:21.837061+00:00,right_gripper,2428,2442,14,38,1,42
34.552,2026-08-05T05:50:21.887072+00:00,left_shoulder_pan,1857,1851,-6,37,1,1060
34.552,2026-08-05T05:50:21.887072+00:00,left_shoulder_lift,2389,2406,17,37,4,80
34.552,2026-08-05T05:50:21.887072+00:00,left_elbow_flex,1629,1641,12,34,2,60
34.552,2026-08-05T05:50:21.887072+00:00,left_wrist_flex,2169,2173,4,34,1,28
34.552,2026-08-05T05:50:21.887072+00:00,left_wrist_roll,1989,1987,-2,34,0,1044
34.552,2026-08-05T05:50:21.887072+00:00,left_gripper,2014,2014,0,37,0,0
34.552,2026-08-05T05:50:21.887072+00:00,right_shoulder_pan,2156,2160,4,37,0,18
34.552,2026-08-05T05:50:21.887072+00:00,right_shoulder_lift,2024,2156,132,38,41,280
34.552,2026-08-05T05:50:21.887072+00:00,right_elbow_flex,2097,2137,40,38,4,94
34.552,2026-08-05T05:50:21.887072+00:00,right_wrist_flex,1976,1990,14,35,1,42
34.552,2026-08-05T05:50:21.887072+00:00,right_wrist_roll,2114,2111,-3,34,1,1044
34.552,2026-08-05T05:50:21.887072+00:00,right_gripper,2428,2442,14,38,2,42
34.602,2026-08-05T05:50:21.937107+00:00,left_shoulder_pan,1857,1851,-6,37,1,1060
34.602,2026-08-05T05:50:21.937107+00:00,left_shoulder_lift,2389,2406,17,37,4,80
34.602,2026-08-05T05:50:21.937107+00:00,left_elbow_flex,1629,1641,12,34,2,60
34.602,2026-08-05T05:50:21.937107+00:00,left_wrist_flex,2169,2173,4,34,0,28
34.602,2026-08-05T05:50:21.937107+00:00,left_wrist_roll,1989,1987,-2,34,0,1044
34.602,2026-08-05T05:50:21.937107+00:00,left_gripper,2014,2014,0,37,0,0
34.602,2026-08-05T05:50:21.937107+00:00,right_shoulder_pan,2152,2159,7,37,0,22
34.602,2026-08-05T05:50:21.937107+00:00,right_shoulder_lift,2022,2156,134,38,40,280
34.602,2026-08-05T05:50:21.937107+00:00,right_elbow_flex,2097,2137,40,38,5,94
34.602,2026-08-05T05:50:21.937107+00:00,right_wrist_flex,1976,1990,14,35,1,42
34.602,2026-08-05T05:50:21.937107+00:00,right_wrist_roll,2114,2111,-3,34,0,1044
34.602,2026-08-05T05:50:21.937107+00:00,right_gripper,2428,2442,14,38,2,42
34.652,2026-08-05T05:50:21.987241+00:00,left_shoulder_pan,1857,1851,-6,37,1,1060
34.652,2026-08-05T05:50:21.987241+00:00,left_shoulder_lift,2389,2406,17,37,4,80
34.652,2026-08-05T05:50:21.987241+00:00,left_elbow_flex,1629,1641,12,34,2,60
34.652,2026-08-05T05:50:21.987241+00:00,left_wrist_flex,2169,2173,4,34,1,28
34.652,2026-08-05T05:50:21.987241+00:00,left_wrist_roll,1989,1987,-2,34,0,1044
34.652,2026-08-05T05:50:21.987241+00:00,left_gripper,2014,2014,0,37,0,0
34.652,2026-08-05T05:50:21.987241+00:00,right_shoulder_pan,2148,2159,11,37,1,38
34.652,2026-08-05T05:50:21.987241+00:00,right_shoulder_lift,2020,2156,136,39,39,288
34.652,2026-08-05T05:50:21.987241+00:00,right_elbow_flex,2097,2137,40,38,4,94
34.652,2026-08-05T05:50:21.987241+00:00,right_wrist_flex,1976,1990,14,35,1,42
34.652,2026-08-05T05:50:21.987241+00:00,right_wrist_roll,2114,2111,-3,34,0,1044
34.652,2026-08-05T05:50:21.987241+00:00,right_gripper,2428,2442,14,38,2,42
34.702,2026-08-05T05:50:22.037338+00:00,left_shoulder_pan,1857,1851,-6,37,1,1060
34.702,2026-08-05T05:50:22.037338+00:00,left_shoulder_lift,2389,2406,17,36,4,80
34.702,2026-08-05T05:50:22.037338+00:00,left_elbow_flex,1629,1641,12,34,2,60
34.702,2026-08-05T05:50:22.037338+00:00,left_wrist_flex,2169,2173,4,34,0,28
34.702,2026-08-05T05:50:22.037338+00:00,left_wrist_roll,1989,1987,-2,34,1,1044
34.702,2026-08-05T05:50:22.037338+00:00,left_gripper,2014,2014,0,36,0,0
34.702,2026-08-05T05:50:22.037338+00:00,right_shoulder_pan,2144,2159,15,37,1,42
34.702,2026-08-05T05:50:22.037338+00:00,right_shoulder_lift,2018,2156,138,38,35,288
34.702,2026-08-05T05:50:22.037338+00:00,right_elbow_flex,2097,2137,40,38,5,94
34.702,2026-08-05T05:50:22.037338+00:00,right_wrist_flex,1976,1990,14,35,1,42
34.702,2026-08-05T05:50:22.037338+00:00,right_wrist_roll,2114,2111,-3,34,0,1044
34.702,2026-08-05T05:50:22.037338+00:00,right_gripper,2428,2442,14,38,2,42
34.752,2026-08-05T05:50:22.087604+00:00,left_shoulder_pan,1857,1851,-6,37,1,1060
34.752,2026-08-05T05:50:22.087604+00:00,left_shoulder_lift,2389,2406,17,37,4,80
34.752,2026-08-05T05:50:22.087604+00:00,left_elbow_flex,1629,1641,12,35,2,60
34.752,2026-08-05T05:50:22.087604+00:00,left_wrist_flex,2169,2173,4,34,0,28
34.752,2026-08-05T05:50:22.087604+00:00,left_wrist_roll,1989,1987,-2,34,1,1044
34.752,2026-08-05T05:50:22.087604+00:00,left_gripper,2014,2014,0,36,0,0
34.752,2026-08-05T05:50:22.087604+00:00,right_shoulder_pan,2140,2158,18,37,1,46
34.752,2026-08-05T05:50:22.087604+00:00,right_shoulder_lift,2016,2156,140,38,44,296
34.752,2026-08-05T05:50:22.087604+00:00,right_elbow_flex,2097,2137,40,38,4,94
34.752,2026-08-05T05:50:22.087604+00:00,right_wrist_flex,1976,1990,14,35,1,42
34.752,2026-08-05T05:50:22.087604+00:00,right_wrist_roll,2114,2111,-3,34,1,1044
34.752,2026-08-05T05:50:22.087604+00:00,right_gripper,2428,2442,14,38,2,42
34.802,2026-08-05T05:50:22.137401+00:00,left_shoulder_pan,1857,1851,-6,37,1,1060
34.802,2026-08-05T05:50:22.137401+00:00,left_shoulder_lift,2389,2406,17,37,4,80
34.802,2026-08-05T05:50:22.137401+00:00,left_elbow_flex,1629,1641,12,34,2,60
34.802,2026-08-05T05:50:22.137401+00:00,left_wrist_flex,2169,2173,4,34,1,28
34.802,2026-08-05T05:50:22.137401+00:00,left_wrist_roll,1989,1987,-2,34,0,1044
34.802,2026-08-05T05:50:22.137401+00:00,left_gripper,2014,2014,0,36,0,0
34.802,2026-08-05T05:50:22.137401+00:00,right_shoulder_pan,2136,2155,19,37,1,44
34.802,2026-08-05T05:50:22.137401+00:00,right_shoulder_lift,2014,2156,142,38,37,296
34.802,2026-08-05T05:50:22.137401+00:00,right_elbow_flex,2097,2137,40,38,5,94
34.802,2026-08-05T05:50:22.137401+00:00,right_wrist_flex,1976,1990,14,35,1,42
34.802,2026-08-05T05:50:22.137401+00:00,right_wrist_roll,2114,2111,-3,34,1,1044
34.802,2026-08-05T05:50:22.137401+00:00,right_gripper,2428,2442,14,38,2,42
34.852,2026-08-05T05:50:22.187505+00:00,left_shoulder_pan,1857,1851,-6,37,1,1060
34.852,2026-08-05T05:50:22.187505+00:00,left_shoulder_lift,2389,2406,17,37,4,80
34.852,2026-08-05T05:50:22.187505+00:00,left_elbow_flex,1629,1641,12,35,2,60
34.852,2026-08-05T05:50:22.187505+00:00,left_wrist_flex,2169,2173,4,34,0,28
34.852,2026-08-05T05:50:22.187505+00:00,left_wrist_roll,1989,1987,-2,34,0,1044
34.852,2026-08-05T05:50:22.187505+00:00,left_gripper,2014,2014,0,36,0,0
34.852,2026-08-05T05:50:22.187505+00:00,right_shoulder_pan,2131,2151,20,37,1,46
34.852,2026-08-05T05:50:22.187505+00:00,right_shoulder_lift,2012,2156,144,38,45,304
34.852,2026-08-05T05:50:22.187505+00:00,right_elbow_flex,2097,2137,40,38,4,94
34.852,2026-08-05T05:50:22.187505+00:00,right_wrist_flex,1976,1990,14,35,1,42
34.852,2026-08-05T05:50:22.187505+00:00,right_wrist_roll,2114,2111,-3,34,0,1044
34.852,2026-08-05T05:50:22.187505+00:00,right_gripper,2428,2442,14,38,1,42
34.902,2026-08-05T05:50:22.237605+00:00,left_shoulder_pan,1857,1851,-6,37,1,1060
34.902,2026-08-05T05:50:22.237605+00:00,left_shoulder_lift,2389,2406,17,37,4,80
34.902,2026-08-05T05:50:22.237605+00:00,left_elbow_flex,1629,1641,12,34,2,60
34.902,2026-08-05T05:50:22.237605+00:00,left_wrist_flex,2169,2173,4,34,1,28
34.902,2026-08-05T05:50:22.237605+00:00,left_wrist_roll,1989,1987,-2,34,1,1044
34.902,2026-08-05T05:50:22.237605+00:00,left_gripper,2014,2014,0,37,0,0
34.902,2026-08-05T05:50:22.237605+00:00,right_shoulder_pan,2126,2147,21,37,1,46
34.902,2026-08-05T05:50:22.237605+00:00,right_shoulder_lift,2010,2156,146,38,41,304
34.902,2026-08-05T05:50:22.237605+00:00,right_elbow_flex,2097,2137,40,38,5,94
34.902,2026-08-05T05:50:22.237605+00:00,right_wrist_flex,1976,1990,14,35,1,42
34.902,2026-08-05T05:50:22.237605+00:00,right_wrist_roll,2114,2111,-3,34,1,1044
34.902,2026-08-05T05:50:22.237605+00:00,right_gripper,2428,2442,14,38,1,42
34.952,2026-08-05T05:50:22.287595+00:00,left_shoulder_pan,1857,1851,-6,37,1,1060
34.952,2026-08-05T05:50:22.287595+00:00,left_shoulder_lift,2389,2406,17,37,4,80
34.952,2026-08-05T05:50:22.287595+00:00,left_elbow_flex,1629,1641,12,34,2,60
34.952,2026-08-05T05:50:22.287595+00:00,left_wrist_flex,2169,2173,4,34,0,28
34.952,2026-08-05T05:50:22.287595+00:00,left_wrist_roll,1989,1987,-2,34,0,1044
34.952,2026-08-05T05:50:22.287595+00:00,left_gripper,2014,2014,0,36,0,0
34.952,2026-08-05T05:50:22.287595+00:00,right_shoulder_pan,2121,2141,20,37,1,46
34.952,2026-08-05T05:50:22.287595+00:00,right_shoulder_lift,2008,2156,148,38,46,308
34.952,2026-08-05T05:50:22.287595+00:00,right_elbow_flex,2097,2137,40,38,4,94
34.952,2026-08-05T05:50:22.287595+00:00,right_wrist_flex,1976,1990,14,35,0,42
34.952,2026-08-05T05:50:22.287595+00:00,right_wrist_roll,2114,2111,-3,34,1,1044
34.952,2026-08-05T05:50:22.287595+00:00,right_gripper,2428,2442,14,38,1,42
35.002,2026-08-05T05:50:22.337699+00:00,left_shoulder_pan,1857,1851,-6,37,1,1060
35.002,2026-08-05T05:50:22.337699+00:00,left_shoulder_lift,2389,2406,17,37,4,80
35.002,2026-08-05T05:50:22.337699+00:00,left_elbow_flex,1629,1641,12,34,2,60
35.002,2026-08-05T05:50:22.337699+00:00,left_wrist_flex,2169,2173,4,34,1,28
35.002,2026-08-05T05:50:22.337699+00:00,left_wrist_roll,1989,1987,-2,34,1,1044
35.002,2026-08-05T05:50:22.337699+00:00,left_gripper,2014,2014,0,36,0,0
35.002,2026-08-05T05:50:22.337699+00:00,right_shoulder_pan,2115,2136,21,37,1,50
35.002,2026-08-05T05:50:22.337699+00:00,right_shoulder_lift,2006,2156,150,38,51,312
35.002,2026-08-05T05:50:22.337699+00:00,right_elbow_flex,2097,2137,40,38,4,94
35.002,2026-08-05T05:50:22.337699+00:00,right_wrist_flex,1976,1990,14,35,1,42
35.002,2026-08-05T05:50:22.337699+00:00,right_wrist_roll,2114,2111,-3,34,1,1044
35.002,2026-08-05T05:50:22.337699+00:00,right_gripper,2428,2442,14,38,2,42
35.053,2026-08-05T05:50:22.387795+00:00,left_shoulder_pan,1857,1851,-6,37,1,1060
35.053,2026-08-05T05:50:22.387795+00:00,left_shoulder_lift,2389,2406,17,37,4,80
35.053,2026-08-05T05:50:22.387795+00:00,left_elbow_flex,1629,1641,12,34,2,60
35.053,2026-08-05T05:50:22.387795+00:00,left_wrist_flex,2169,2173,4,34,0,28
35.053,2026-08-05T05:50:22.387795+00:00,left_wrist_roll,1989,1987,-2,34,0,1044
35.053,2026-08-05T05:50:22.387795+00:00,left_gripper,2014,2014,0,37,0,0
35.053,2026-08-05T05:50:22.387795+00:00,right_shoulder_pan,2109,2131,22,37,1,40
35.053,2026-08-05T05:50:22.387795+00:00,right_shoulder_lift,2005,2156,151,38,43,316
35.053,2026-08-05T05:50:22.387795+00:00,right_elbow_flex,2097,2137,40,38,4,94
35.053,2026-08-05T05:50:22.387795+00:00,right_wrist_flex,1976,1990,14,35,1,42
35.053,2026-08-05T05:50:22.387795+00:00,right_wrist_roll,2114,2111,-3,34,1,1044
35.053,2026-08-05T05:50:22.387795+00:00,right_gripper,2428,2442,14,38,1,42
35.103,2026-08-05T05:50:22.438240+00:00,left_shoulder_pan,1857,1851,-6,37,1,1060
35.103,2026-08-05T05:50:22.438240+00:00,left_shoulder_lift,2389,2406,17,37,4,80
35.103,2026-08-05T05:50:22.438240+00:00,left_elbow_flex,1629,1641,12,34,2,60
35.103,2026-08-05T05:50:22.438240+00:00,left_wrist_flex,2169,2173,4,34,0,28
35.103,2026-08-05T05:50:22.438240+00:00,left_wrist_roll,1989,1987,-2,34,0,1044
35.103,2026-08-05T05:50:22.438240+00:00,left_gripper,2014,2014,0,37,0,0
35.103,2026-08-05T05:50:22.438240+00:00,right_shoulder_pan,2104,2125,21,37,1,52
35.103,2026-08-05T05:50:22.438240+00:00,right_shoulder_lift,2003,2156,153,38,45,318
35.103,2026-08-05T05:50:22.438240+00:00,right_elbow_flex,2097,2137,40,38,4,94
35.103,2026-08-05T05:50:22.438240+00:00,right_wrist_flex,1976,1990,14,35,1,42
35.103,2026-08-05T05:50:22.438240+00:00,right_wrist_roll,2114,2111,-3,34,0,1044
35.103,2026-08-05T05:50:22.438240+00:00,right_gripper,2428,2442,14,38,1,42
35.153,2026-08-05T05:50:22.487921+00:00,left_shoulder_pan,1857,1851,-6,37,1,1060
35.153,2026-08-05T05:50:22.487921+00:00,left_shoulder_lift,2389,2406,17,36,5,80
35.153,2026-08-05T05:50:22.487921+00:00,left_elbow_flex,1629,1641,12,34,2,60
35.153,2026-08-05T05:50:22.487921+00:00,left_wrist_flex,2169,2173,4,34,1,28
35.153,2026-08-05T05:50:22.487921+00:00,left_wrist_roll,1989,1987,-2,34,0,1044
35.153,2026-08-05T05:50:22.487921+00:00,left_gripper,2014,2014,0,36,0,0
35.153,2026-08-05T05:50:22.487921+00:00,right_shoulder_pan,2097,2120,23,37,1,46
35.153,2026-08-05T05:50:22.487921+00:00,right_shoulder_lift,2002,2156,154,38,43,322
35.153,2026-08-05T05:50:22.487921+00:00,right_elbow_flex,2097,2137,40,38,5,94
35.153,2026-08-05T05:50:22.487921+00:00,right_wrist_flex,1976,1990,14,34,0,42
35.153,2026-08-05T05:50:22.487921+00:00,right_wrist_roll,2114,2111,-3,34,0,1044
35.153,2026-08-05T05:50:22.487921+00:00,right_gripper,2428,2442,14,38,2,42
35.203,2026-08-05T05:50:22.538240+00:00,left_shoulder_pan,1857,1851,-6,37,1,1060
35.203,2026-08-05T05:50:22.538240+00:00,left_shoulder_lift,2389,2406,17,37,4,80
35.203,2026-08-05T05:50:22.538240+00:00,left_elbow_flex,1629,1641,12,34,2,60
35.203,2026-08-05T05:50:22.538240+00:00,left_wrist_flex,2169,2173,4,34,0,28
35.203,2026-08-05T05:50:22.538240+00:00,left_wrist_roll,1989,1987,-2,34,0,1044
35.203,2026-08-05T05:50:22.538240+00:00,left_gripper,2014,2014,0,37,0,0
35.203,2026-08-05T05:50:22.538240+00:00,right_shoulder_pan,2091,2115,24,37,1,48
35.203,2026-08-05T05:50:22.538240+00:00,right_shoulder_lift,2000,2156,156,38,43,324
35.203,2026-08-05T05:50:22.538240+00:00,right_elbow_flex,2097,2137,40,38,4,94
35.203,2026-08-05T05:50:22.538240+00:00,right_wrist_flex,1976,1990,14,35,1,42
35.203,2026-08-05T05:50:22.538240+00:00,right_wrist_roll,2114,2111,-3,34,0,1044
35.203,2026-08-05T05:50:22.538240+00:00,right_gripper,2428,2442,14,38,2,42
35.253,2026-08-05T05:50:22.588241+00:00,left_shoulder_pan,1857,1851,-6,37,1,1060
35.253,2026-08-05T05:50:22.588241+00:00,left_shoulder_lift,2389,2406,17,37,5,80
35.253,2026-08-05T05:50:22.588241+00:00,left_elbow_flex,1629,1641,12,34,2,60
35.253,2026-08-05T05:50:22.588241+00:00,left_wrist_flex,2169,2173,4,34,0,28
35.253,2026-08-05T05:50:22.588241+00:00,left_wrist_roll,1989,1987,-2,34,0,1044
35.253,2026-08-05T05:50:22.588241+00:00,left_gripper,2014,2014,0,37,0,0
35.253,2026-08-05T05:50:22.588241+00:00,right_shoulder_pan,2085,2109,24,37,1,44
35.253,2026-08-05T05:50:22.588241+00:00,right_shoulder_lift,1999,2156,157,38,52,328
35.253,2026-08-05T05:50:22.588241+00:00,right_elbow_flex,2097,2137,40,38,4,94
35.253,2026-08-05T05:50:22.588241+00:00,right_wrist_flex,1976,1990,14,35,1,42
35.253,2026-08-05T05:50:22.588241+00:00,right_wrist_roll,2114,2111,-3,34,0,1044
35.253,2026-08-05T05:50:22.588241+00:00,right_gripper,2428,2442,14,38,1,42
35.303,2026-08-05T05:50:22.638406+00:00,left_shoulder_pan,1857,1851,-6,37,1,1060
35.303,2026-08-05T05:50:22.638406+00:00,left_shoulder_lift,2389,2406,17,37,4,80
35.303,2026-08-05T05:50:22.638406+00:00,left_elbow_flex,1629,1641,12,34,2,60
35.303,2026-08-05T05:50:22.638406+00:00,left_wrist_flex,2169,2173,4,34,0,28
35.303,2026-08-05T05:50:22.638406+00:00,left_wrist_roll,1989,1987,-2,34,0,1044
35.303,2026-08-05T05:50:22.638406+00:00,left_gripper,2014,2014,0,36,0,0
35.303,2026-08-05T05:50:22.638406+00:00,right_shoulder_pan,2078,2102,24,37,0,48
35.303,2026-08-05T05:50:22.638406+00:00,right_shoulder_lift,1998,2156,158,38,46,330
35.303,2026-08-05T05:50:22.638406+00:00,right_elbow_flex,2097,2137,40,38,4,94
35.303,2026-08-05T05:50:22.638406+00:00,right_wrist_flex,1976,1990,14,35,1,42
35.303,2026-08-05T05:50:22.638406+00:00,right_wrist_roll,2114,2111,-3,34,0,1044
35.303,2026-08-05T05:50:22.638406+00:00,right_gripper,2428,2442,14,38,2,42
35.353,2026-08-05T05:50:22.689422+00:00,left_shoulder_pan,1857,1851,-6,37,1,1060
35.353,2026-08-05T05:50:22.689422+00:00,left_shoulder_lift,2389,2406,17,37,4,80
35.353,2026-08-05T05:50:22.689422+00:00,left_elbow_flex,1629,1641,12,34,2,60
35.353,2026-08-05T05:50:22.689422+00:00,left_wrist_flex,2169,2173,4,34,0,28
35.353,2026-08-05T05:50:22.689422+00:00,left_wrist_roll,1989,1987,-2,34,0,1044
35.353,2026-08-05T05:50:22.689422+00:00,left_gripper,2014,2014,0,36,0,0
35.353,2026-08-05T05:50:22.689422+00:00,right_shoulder_pan,2071,2096,25,37,1,46
35.353,2026-08-05T05:50:22.689422+00:00,right_shoulder_lift,1997,2156,159,39,52,332
35.353,2026-08-05T05:50:22.689422+00:00,right_elbow_flex,2097,2137,40,38,4,94
35.353,2026-08-05T05:50:22.689422+00:00,right_wrist_flex,1976,1990,14,35,1,42
35.353,2026-08-05T05:50:22.689422+00:00,right_wrist_roll,2114,2111,-3,34,0,1044
35.353,2026-08-05T05:50:22.689422+00:00,right_gripper,2428,2442,14,38,2,42
35.404,2026-08-05T05:50:22.740698+00:00,left_shoulder_pan,1857,1851,-6,37,1,1060
35.404,2026-08-05T05:50:22.740698+00:00,left_shoulder_lift,2389,2406,17,37,5,80
35.404,2026-08-05T05:50:22.740698+00:00,left_elbow_flex,1629,1641,12,34,2,60
35.404,2026-08-05T05:50:22.740698+00:00,left_wrist_flex,2169,2173,4,34,1,28
35.404,2026-08-05T05:50:22.740698+00:00,left_wrist_roll,1989,1987,-2,34,0,1044
35.404,2026-08-05T05:50:22.740698+00:00,left_gripper,2014,2014,0,36,0,0
35.404,2026-08-05T05:50:22.740698+00:00,right_shoulder_pan,2064,2090,26,37,1,50
35.404,2026-08-05T05:50:22.740698+00:00,right_shoulder_lift,1995,2156,161,38,46,338
35.404,2026-08-05T05:50:22.740698+00:00,right_elbow_flex,2097,2137,40,38,4,94
35.404,2026-08-05T05:50:22.740698+00:00,right_wrist_flex,1976,1990,14,35,1,42
35.404,2026-08-05T05:50:22.740698+00:00,right_wrist_roll,2114,2111,-3,34,0,1044
35.404,2026-08-05T05:50:22.740698+00:00,right_gripper,2428,2442,14,38,2,42
35.454,2026-08-05T05:50:22.790662+00:00,left_shoulder_pan,1857,1851,-6,37,1,1060
35.454,2026-08-05T05:50:22.790662+00:00,left_shoulder_lift,2389,2406,17,37,4,80
35.454,2026-08-05T05:50:22.790662+00:00,left_elbow_flex,1629,1641,12,34,2,60
35.454,2026-08-05T05:50:22.790662+00:00,left_wrist_flex,2169,2173,4,34,1,28
35.454,2026-08-05T05:50:22.790662+00:00,left_wrist_roll,1989,1987,-2,34,0,1044
35.454,2026-08-05T05:50:22.790662+00:00,left_gripper,2014,2014,0,36,0,0
35.454,2026-08-05T05:50:22.790662+00:00,right_shoulder_pan,2057,2084,27,37,1,52
35.454,2026-08-05T05:50:22.790662+00:00,right_shoulder_lift,1994,2156,162,38,54,338
35.454,2026-08-05T05:50:22.790662+00:00,right_elbow_flex,2097,2137,40,38,4,94
35.454,2026-08-05T05:50:22.790662+00:00,right_wrist_flex,1976,1990,14,35,1,42
35.454,2026-08-05T05:50:22.790662+00:00,right_wrist_roll,2114,2111,-3,34,0,1044
35.454,2026-08-05T05:50:22.790662+00:00,right_gripper,2428,2442,14,38,1,42
35.504,2026-08-05T05:50:22.840406+00:00,left_shoulder_pan,1857,1851,-6,37,1,1060
35.504,2026-08-05T05:50:22.840406+00:00,left_shoulder_lift,2389,2406,17,36,5,80
35.504,2026-08-05T05:50:22.840406+00:00,left_elbow_flex,1629,1641,12,34,2,60
35.504,2026-08-05T05:50:22.840406+00:00,left_wrist_flex,2169,2173,4,34,1,28
35.504,2026-08-05T05:50:22.840406+00:00,left_wrist_roll,1989,1987,-2,34,1,1044
35.504,2026-08-05T05:50:22.840406+00:00,left_gripper,2014,2014,0,36,0,0
35.504,2026-08-05T05:50:22.840406+00:00,right_shoulder_pan,2050,2077,27,37,1,52
35.504,2026-08-05T05:50:22.840406+00:00,right_shoulder_lift,1993,2156,163,38,50,344
35.504,2026-08-05T05:50:22.840406+00:00,right_elbow_flex,2097,2137,40,38,4,94
35.504,2026-08-05T05:50:22.840406+00:00,right_wrist_flex,1976,1990,14,35,1,42
35.504,2026-08-05T05:50:22.840406+00:00,right_wrist_roll,2114,2111,-3,34,1,1044
35.504,2026-08-05T05:50:22.840406+00:00,right_gripper,2428,2442,14,38,2,42
35.554,2026-08-05T05:50:22.889496+00:00,left_shoulder_pan,1857,1851,-6,37,1,1060
35.554,2026-08-05T05:50:22.889496+00:00,left_shoulder_lift,2389,2406,17,37,4,80
35.554,2026-08-05T05:50:22.889496+00:00,left_elbow_flex,1629,1641,12,34,2,60
35.554,2026-08-05T05:50:22.889496+00:00,left_wrist_flex,2169,2173,4,34,1,28
35.554,2026-08-05T05:50:22.889496+00:00,left_wrist_roll,1989,1987,-2,34,0,1044
35.554,2026-08-05T05:50:22.889496+00:00,left_gripper,2014,2014,0,37,0,0
35.554,2026-08-05T05:50:22.889496+00:00,right_shoulder_pan,2043,2071,28,37,0,54
35.554,2026-08-05T05:50:22.889496+00:00,right_shoulder_lift,1993,2156,163,39,62,340
35.554,2026-08-05T05:50:22.889496+00:00,right_elbow_flex,2097,2137,40,38,4,94
35.554,2026-08-05T05:50:22.889496+00:00,right_wrist_flex,1976,1990,14,35,0,42
35.554,2026-08-05T05:50:22.889496+00:00,right_wrist_roll,2114,2111,-3,34,1,1044
35.554,2026-08-05T05:50:22.889496+00:00,right_gripper,2428,2442,14,38,2,42
35.604,2026-08-05T05:50:22.940096+00:00,left_shoulder_pan,1857,1851,-6,37,1,1060
35.604,2026-08-05T05:50:22.940096+00:00,left_shoulder_lift,2389,2406,17,37,4,80
35.604,2026-08-05T05:50:22.940096+00:00,left_elbow_flex,1629,1641,12,34,2,60
35.604,2026-08-05T05:50:22.940096+00:00,left_wrist_flex,2169,2173,4,34,0,28
35.604,2026-08-05T05:50:22.940096+00:00,left_wrist_roll,1989,1987,-2,34,0,1044
35.604,2026-08-05T05:50:22.940096+00:00,left_gripper,2014,2014,0,36,0,0
35.604,2026-08-05T05:50:22.940096+00:00,right_shoulder_pan,2035,2063,28,37,1,54
35.604,2026-08-05T05:50:22.940096+00:00,right_shoulder_lift,1992,2156,164,38,57,346
35.604,2026-08-05T05:50:22.940096+00:00,right_elbow_flex,2097,2137,40,38,5,94
35.604,2026-08-05T05:50:22.940096+00:00,right_wrist_flex,1976,1990,14,35,0,42
35.604,2026-08-05T05:50:22.940096+00:00,right_wrist_roll,2114,2111,-3,34,0,1044
35.604,2026-08-05T05:50:22.940096+00:00,right_gripper,2428,2442,14,38,1,42
35.654,2026-08-05T05:50:22.990678+00:00,left_shoulder_pan,1857,1851,-6,37,1,1060
35.654,2026-08-05T05:50:22.990678+00:00,left_shoulder_lift,2389,2406,17,37,5,80
35.654,2026-08-05T05:50:22.990678+00:00,left_elbow_flex,1629,1641,12,34,2,60
35.654,2026-08-05T05:50:22.990678+00:00,left_wrist_flex,2169,2173,4,34,0,28
35.654,2026-08-05T05:50:22.990678+00:00,left_wrist_roll,1989,1987,-2,34,1,1044
35.654,2026-08-05T05:50:22.990678+00:00,left_gripper,2014,2014,0,37,0,0
35.654,2026-08-05T05:50:22.990678+00:00,right_shoulder_pan,2028,2056,28,37,1,54
35.654,2026-08-05T05:50:22.990678+00:00,right_shoulder_lift,1991,2156,165,39,52,344
35.654,2026-08-05T05:50:22.990678+00:00,right_elbow_flex,2097,2137,40,38,4,94
35.654,2026-08-05T05:50:22.990678+00:00,right_wrist_flex,1976,1990,14,35,1,42
35.654,2026-08-05T05:50:22.990678+00:00,right_wrist_roll,2114,2111,-3,34,0,1044
35.654,2026-08-05T05:50:22.990678+00:00,right_gripper,2428,2442,14,38,2,42
35.704,2026-08-05T05:50:23.041625+00:00,left_shoulder_pan,1857,1851,-6,37,1,1060
35.704,2026-08-05T05:50:23.041625+00:00,left_shoulder_lift,2389,2406,17,37,4,80
35.704,2026-08-05T05:50:23.041625+00:00,left_elbow_flex,1629,1641,12,34,2,60
35.704,2026-08-05T05:50:23.041625+00:00,left_wrist_flex,2169,2173,4,34,0,28
35.704,2026-08-05T05:50:23.041625+00:00,left_wrist_roll,1989,1987,-2,34,0,1044
35.704,2026-08-05T05:50:23.041625+00:00,left_gripper,2014,2014,0,36,0,0
35.704,2026-08-05T05:50:23.041625+00:00,right_shoulder_pan,2020,2049,29,37,1,60
35.704,2026-08-05T05:50:23.041625+00:00,right_shoulder_lift,1991,2156,165,38,53,344
35.704,2026-08-05T05:50:23.041625+00:00,right_elbow_flex,2097,2137,40,38,4,94
35.704,2026-08-05T05:50:23.041625+00:00,right_wrist_flex,1976,1990,14,35,1,42
35.704,2026-08-05T05:50:23.041625+00:00,right_wrist_roll,2114,2111,-3,34,0,1044
35.704,2026-08-05T05:50:23.041625+00:00,right_gripper,2428,2442,14,38,1,42
35.754,2026-08-05T05:50:23.089801+00:00,left_shoulder_pan,1857,1851,-6,37,1,1060
35.754,2026-08-05T05:50:23.089801+00:00,left_shoulder_lift,2389,2406,17,37,5,80
35.754,2026-08-05T05:50:23.089801+00:00,left_elbow_flex,1629,1641,12,34,2,60
35.754,2026-08-05T05:50:23.089801+00:00,left_wrist_flex,2169,2173,4,34,0,28
35.754,2026-08-05T05:50:23.089801+00:00,left_wrist_roll,1989,1987,-2,34,0,1044
35.754,2026-08-05T05:50:23.089801+00:00,left_gripper,2014,2014,0,37,0,0
35.754,2026-08-05T05:50:23.089801+00:00,right_shoulder_pan,2012,2041,29,37,0,56
35.754,2026-08-05T05:50:23.089801+00:00,right_shoulder_lift,1990,2156,166,38,49,346
35.754,2026-08-05T05:50:23.089801+00:00,right_elbow_flex,2097,2137,40,38,4,94
35.754,2026-08-05T05:50:23.089801+00:00,right_wrist_flex,1976,1990,14,35,1,42
35.754,2026-08-05T05:50:23.089801+00:00,right_wrist_roll,2114,2111,-3,34,1,1044
35.754,2026-08-05T05:50:23.089801+00:00,right_gripper,2428,2442,14,38,2,42
35.805,2026-08-05T05:50:23.139891+00:00,left_shoulder_pan,1857,1851,-6,37,1,1060
35.805,2026-08-05T05:50:23.139891+00:00,left_shoulder_lift,2389,2406,17,37,4,80
35.805,2026-08-05T05:50:23.139891+00:00,left_elbow_flex,1629,1641,12,34,2,60
35.805,2026-08-05T05:50:23.139891+00:00,left_wrist_flex,2169,2173,4,34,0,28
35.805,2026-08-05T05:50:23.139891+00:00,left_wrist_roll,1989,1987,-2,34,1,1044
35.805,2026-08-05T05:50:23.139891+00:00,left_gripper,2014,2014,0,36,0,0
35.805,2026-08-05T05:50:23.139891+00:00,right_shoulder_pan,2005,2034,29,37,0,60
35.805,2026-08-05T05:50:23.139891+00:00,right_shoulder_lift,1990,2156,166,39,54,346
35.805,2026-08-05T05:50:23.139891+00:00,right_elbow_flex,2097,2137,40,38,5,94
35.805,2026-08-05T05:50:23.139891+00:00,right_wrist_flex,1976,1990,14,35,1,42
35.805,2026-08-05T05:50:23.139891+00:00,right_wrist_roll,2114,2111,-3,34,1,1044
35.805,2026-08-05T05:50:23.139891+00:00,right_gripper,2428,2442,14,38,1,42
35.855,2026-08-05T05:50:23.189901+00:00,left_shoulder_pan,1857,1851,-6,37,1,1060
35.855,2026-08-05T05:50:23.189901+00:00,left_shoulder_lift,2389,2406,17,37,4,80
35.855,2026-08-05T05:50:23.189901+00:00,left_elbow_flex,1629,1641,12,34,2,60
35.855,2026-08-05T05:50:23.189901+00:00,left_wrist_flex,2169,2173,4,34,1,28
35.855,2026-08-05T05:50:23.189901+00:00,left_wrist_roll,1989,1987,-2,34,1,1044
35.855,2026-08-05T05:50:23.189901+00:00,left_gripper,2014,2014,0,37,0,0
35.855,2026-08-05T05:50:23.189901+00:00,right_shoulder_pan,1997,2026,29,37,1,56
35.855,2026-08-05T05:50:23.189901+00:00,right_shoulder_lift,1989,2156,167,38,57,348
35.855,2026-08-05T05:50:23.189901+00:00,right_elbow_flex,2097,2137,40,37,4,94
35.855,2026-08-05T05:50:23.189901+00:00,right_wrist_flex,1976,1990,14,35,1,42
35.855,2026-08-05T05:50:23.189901+00:00,right_wrist_roll,2114,2111,-3,34,0,1044
35.855,2026-08-05T05:50:23.189901+00:00,right_gripper,2428,2442,14,38,1,42
35.905,2026-08-05T05:50:23.239961+00:00,left_shoulder_pan,1857,1851,-6,37,1,1060
35.905,2026-08-05T05:50:23.239961+00:00,left_shoulder_lift,2389,2406,17,37,4,80
35.905,2026-08-05T05:50:23.239961+00:00,left_elbow_flex,1629,1641,12,34,2,60
35.905,2026-08-05T05:50:23.239961+00:00,left_wrist_flex,2169,2173,4,34,1,28
35.905,2026-08-05T05:50:23.239961+00:00,left_wrist_roll,1989,1987,-2,34,1,1044
35.905,2026-08-05T05:50:23.239961+00:00,left_gripper,2014,2014,0,37,0,0
35.905,2026-08-05T05:50:23.239961+00:00,right_shoulder_pan,1989,2019,30,37,1,56
35.905,2026-08-05T05:50:23.239961+00:00,right_shoulder_lift,1989,2156,167,38,50,348
35.905,2026-08-05T05:50:23.239961+00:00,right_elbow_flex,2097,2137,40,38,4,94
35.905,2026-08-05T05:50:23.239961+00:00,right_wrist_flex,1976,1990,14,35,1,42
35.905,2026-08-05T05:50:23.239961+00:00,right_wrist_roll,2114,2111,-3,34,0,1044
35.905,2026-08-05T05:50:23.239961+00:00,right_gripper,2428,2442,14,38,2,42
35.955,2026-08-05T05:50:23.290803+00:00,left_shoulder_pan,1857,1851,-6,37,1,1060
35.955,2026-08-05T05:50:23.290803+00:00,left_shoulder_lift,2389,2406,17,37,4,80
35.955,2026-08-05T05:50:23.290803+00:00,left_elbow_flex,1629,1641,12,34,2,60
35.955,2026-08-05T05:50:23.290803+00:00,left_wrist_flex,2169,2173,4,34,0,28
35.955,2026-08-05T05:50:23.290803+00:00,left_wrist_roll,1989,1987,-2,33,0,1044
35.955,2026-08-05T05:50:23.290803+00:00,left_gripper,2014,2014,0,37,0,0
35.955,2026-08-05T05:50:23.290803+00:00,right_shoulder_pan,1981,2011,30,37,0,52
35.955,2026-08-05T05:50:23.290803+00:00,right_shoulder_lift,1989,2156,167,38,54,348
35.955,2026-08-05T05:50:23.290803+00:00,right_elbow_flex,2097,2137,40,38,4,94
35.955,2026-08-05T05:50:23.290803+00:00,right_wrist_flex,1976,1990,14,35,1,42
35.955,2026-08-05T05:50:23.290803+00:00,right_wrist_roll,2114,2111,-3,34,1,1044
35.955,2026-08-05T05:50:23.290803+00:00,right_gripper,2428,2442,14,38,2,42
36.005,2026-08-05T05:50:23.340127+00:00,left_shoulder_pan,1857,1851,-6,37,1,1060
36.005,2026-08-05T05:50:23.340127+00:00,left_shoulder_lift,2389,2406,17,37,4,80
36.005,2026-08-05T05:50:23.340127+00:00,left_elbow_flex,1629,1641,12,34,2,60
36.005,2026-08-05T05:50:23.340127+00:00,left_wrist_flex,2169,2173,4,34,0,28
36.005,2026-08-05T05:50:23.340127+00:00,left_wrist_roll,1989,1987,-2,34,0,1044
36.005,2026-08-05T05:50:23.340127+00:00,left_gripper,2014,2014,0,37,0,0
36.005,2026-08-05T05:50:23.340127+00:00,right_shoulder_pan,1973,2003,30,37,1,58
36.005,2026-08-05T05:50:23.340127+00:00,right_shoulder_lift,1989,2156,167,39,59,348
36.005,2026-08-05T05:50:23.340127+00:00,right_elbow_flex,2097,2137,40,38,4,94
36.005,2026-08-05T05:50:23.340127+00:00,right_wrist_flex,1976,1990,14,35,1,42
36.005,2026-08-05T05:50:23.340127+00:00,right_wrist_roll,2114,2111,-3,34,0,1044
36.005,2026-08-05T05:50:23.340127+00:00,right_gripper,2428,2442,14,38,2,42
36.055,2026-08-05T05:50:23.390236+00:00,left_shoulder_pan,1857,1851,-6,37,1,1060
36.055,2026-08-05T05:50:23.390236+00:00,left_shoulder_lift,2389,2406,17,37,4,80
36.055,2026-08-05T05:50:23.390236+00:00,left_elbow_flex,1629,1641,12,34,3,60
36.055,2026-08-05T05:50:23.390236+00:00,left_wrist_flex,2169,2173,4,34,0,28
36.055,2026-08-05T05:50:23.390236+00:00,left_wrist_roll,1989,1987,-2,34,0,1044
36.055,2026-08-05T05:50:23.390236+00:00,left_gripper,2014,2014,0,37,0,0
36.055,2026-08-05T05:50:23.390236+00:00,right_shoulder_pan,1965,1996,31,37,1,58
36.055,2026-08-05T05:50:23.390236+00:00,right_shoulder_lift,1989,2156,167,39,51,348
36.055,2026-08-05T05:50:23.390236+00:00,right_elbow_flex,2097,2137,40,38,4,94
36.055,2026-08-05T05:50:23.390236+00:00,right_wrist_flex,1976,1990,14,35,1,42
36.055,2026-08-05T05:50:23.390236+00:00,right_wrist_roll,2114,2111,-3,34,0,1044
36.055,2026-08-05T05:50:23.390236+00:00,right_gripper,2428,2442,14,38,1,42
36.105,2026-08-05T05:50:23.441291+00:00,left_shoulder_pan,1857,1851,-6,37,1,1060
36.105,2026-08-05T05:50:23.441291+00:00,left_shoulder_lift,2389,2406,17,37,4,80
36.105,2026-08-05T05:50:23.441291+00:00,left_elbow_flex,1629,1641,12,34,2,60
36.105,2026-08-05T05:50:23.441291+00:00,left_wrist_flex,2169,2173,4,34,0,28
36.105,2026-08-05T05:50:23.441291+00:00,left_wrist_roll,1989,1987,-2,34,0,1044
36.105,2026-08-05T05:50:23.441291+00:00,left_gripper,2014,2014,0,36,0,0
36.105,2026-08-05T05:50:23.441291+00:00,right_shoulder_pan,1958,1988,30,37,2,58
36.105,2026-08-05T05:50:23.441291+00:00,right_shoulder_lift,1989,2156,167,38,51,348
36.105,2026-08-05T05:50:23.441291+00:00,right_elbow_flex,2097,2137,40,37,5,94
36.105,2026-08-05T05:50:23.441291+00:00,right_wrist_flex,1976,1990,14,35,1,42
36.105,2026-08-05T05:50:23.441291+00:00,right_wrist_roll,2114,2111,-3,34,0,1044
36.105,2026-08-05T05:50:23.441291+00:00,right_gripper,2428,2442,14,38,2,42
36.155,2026-08-05T05:50:23.491399+00:00,left_shoulder_pan,1857,1851,-6,37,1,1060
36.155,2026-08-05T05:50:23.491399+00:00,left_shoulder_lift,2389,2406,17,37,4,80
36.155,2026-08-05T05:50:23.491399+00:00,left_elbow_flex,1629,1641,12,34,2,60
36.155,2026-08-05T05:50:23.491399+00:00,left_wrist_flex,2169,2173,4,34,1,28
36.155,2026-08-05T05:50:23.491399+00:00,left_wrist_roll,1989,1987,-2,34,0,1044
36.155,2026-08-05T05:50:23.491399+00:00,left_gripper,2014,2014,0,36,0,0
36.155,2026-08-05T05:50:23.491399+00:00,right_shoulder_pan,1950,1981,31,37,1,52
36.155,2026-08-05T05:50:23.491399+00:00,right_shoulder_lift,1989,2156,167,39,53,348
36.155,2026-08-05T05:50:23.491399+00:00,right_elbow_flex,2097,2137,40,38,4,94
36.155,2026-08-05T05:50:23.491399+00:00,right_wrist_flex,1976,1990,14,35,1,42
36.155,2026-08-05T05:50:23.491399+00:00,right_wrist_roll,2114,2111,-3,34,0,1044
36.155,2026-08-05T05:50:23.491399+00:00,right_gripper,2428,2442,14,38,2,42
36.205,2026-08-05T05:50:23.540479+00:00,left_shoulder_pan,1857,1851,-6,37,1,1060
36.205,2026-08-05T05:50:23.540479+00:00,left_shoulder_lift,2389,2406,17,37,5,80
36.205,2026-08-05T05:50:23.540479+00:00,left_elbow_flex,1629,1641,12,34,2,60
36.205,2026-08-05T05:50:23.540479+00:00,left_wrist_flex,2169,2173,4,34,0,28
36.205,2026-08-05T05:50:23.540479+00:00,left_wrist_roll,1989,1987,-2,34,1,1044
36.205,2026-08-05T05:50:23.540479+00:00,left_gripper,2014,2014,0,36,0,0
36.205,2026-08-05T05:50:23.540479+00:00,right_shoulder_pan,1942,1973,31,37,1,58
36.205,2026-08-05T05:50:23.540479+00:00,right_shoulder_lift,1990,2156,166,38,59,348
36.205,2026-08-05T05:50:23.540479+00:00,right_elbow_flex,2097,2137,40,38,5,94
36.205,2026-08-05T05:50:23.540479+00:00,right_wrist_flex,1976,1990,14,35,1,42
36.205,2026-08-05T05:50:23.540479+00:00,right_wrist_roll,2114,2111,-3,34,0,1044
36.205,2026-08-05T05:50:23.540479+00:00,right_gripper,2428,2442,14,38,2,42
36.255,2026-08-05T05:50:23.590506+00:00,left_shoulder_pan,1857,1851,-6,37,1,1060
36.255,2026-08-05T05:50:23.590506+00:00,left_shoulder_lift,2389,2406,17,37,4,80
36.255,2026-08-05T05:50:23.590506+00:00,left_elbow_flex,1629,1641,12,35,2,60
36.255,2026-08-05T05:50:23.590506+00:00,left_wrist_flex,2169,2173,4,34,1,28
36.255,2026-08-05T05:50:23.590506+00:00,left_wrist_roll,1989,1987,-2,34,0,1044
36.255,2026-08-05T05:50:23.590506+00:00,left_gripper,2014,2014,0,37,0,0
36.255,2026-08-05T05:50:23.590506+00:00,right_shoulder_pan,1934,1965,31,37,1,62
36.255,2026-08-05T05:50:23.590506+00:00,right_shoulder_lift,1990,2156,166,38,55,346
36.255,2026-08-05T05:50:23.590506+00:00,right_elbow_flex,2097,2137,40,38,4,94
36.255,2026-08-05T05:50:23.590506+00:00,right_wrist_flex,1976,1990,14,35,1,42
36.255,2026-08-05T05:50:23.590506+00:00,right_wrist_roll,2114,2111,-3,34,0,1044
36.255,2026-08-05T05:50:23.590506+00:00,right_gripper,2428,2442,14,38,2,42
36.305,2026-08-05T05:50:23.642041+00:00,left_shoulder_pan,1857,1851,-6,37,1,1060
36.305,2026-08-05T05:50:23.642041+00:00,left_shoulder_lift,2389,2406,17,37,4,80
36.305,2026-08-05T05:50:23.642041+00:00,left_elbow_flex,1629,1641,12,34,2,60
36.305,2026-08-05T05:50:23.642041+00:00,left_wrist_flex,2169,2173,4,34,1,28
36.305,2026-08-05T05:50:23.642041+00:00,left_wrist_roll,1989,1987,-2,34,0,1044
36.305,2026-08-05T05:50:23.642041+00:00,left_gripper,2014,2014,0,36,0,0
36.305,2026-08-05T05:50:23.642041+00:00,right_shoulder_pan,1926,1958,32,37,1,58
36.305,2026-08-05T05:50:23.642041+00:00,right_shoulder_lift,1991,2156,165,39,55,346
36.305,2026-08-05T05:50:23.642041+00:00,right_elbow_flex,2097,2137,40,38,5,94
36.305,2026-08-05T05:50:23.642041+00:00,right_wrist_flex,1976,1990,14,35,1,42
36.305,2026-08-05T05:50:23.642041+00:00,right_wrist_roll,2114,2111,-3,34,0,1044
36.305,2026-08-05T05:50:23.642041+00:00,right_gripper,2428,2442,14,38,2,42
36.355,2026-08-05T05:50:23.691110+00:00,left_shoulder_pan,1857,1851,-6,37,1,1060
36.355,2026-08-05T05:50:23.691110+00:00,left_shoulder_lift,2389,2406,17,37,4,80
36.355,2026-08-05T05:50:23.691110+00:00,left_elbow_flex,1629,1641,12,35,2,60
36.355,2026-08-05T05:50:23.691110+00:00,left_wrist_flex,2169,2173,4,34,0,28
36.355,2026-08-05T05:50:23.691110+00:00,left_wrist_roll,1989,1987,-2,34,0,1044
36.355,2026-08-05T05:50:23.691110+00:00,left_gripper,2014,2014,0,37,0,0
36.355,2026-08-05T05:50:23.691110+00:00,right_shoulder_pan,1919,1950,31,37,1,60
36.355,2026-08-05T05:50:23.691110+00:00,right_shoulder_lift,1991,2156,165,38,49,344
36.355,2026-08-05T05:50:23.691110+00:00,right_elbow_flex,2097,2137,40,38,4,94
36.355,2026-08-05T05:50:23.691110+00:00,right_wrist_flex,1976,1990,14,35,1,42
36.355,2026-08-05T05:50:23.691110+00:00,right_wrist_roll,2114,2111,-3,34,0,1044
36.355,2026-08-05T05:50:23.691110+00:00,right_gripper,2428,2442,14,38,2,42
36.405,2026-08-05T05:50:23.740809+00:00,left_shoulder_pan,1857,1851,-6,37,1,1060
36.405,2026-08-05T05:50:23.740809+00:00,left_shoulder_lift,2389,2406,17,37,4,80
36.405,2026-08-05T05:50:23.740809+00:00,left_elbow_flex,1629,1641,12,34,2,60
36.405,2026-08-05T05:50:23.740809+00:00,left_wrist_flex,2169,2173,4,34,0,28
36.405,2026-08-05T05:50:23.740809+00:00,left_wrist_roll,1989,1987,-2,34,1,1044
36.405,2026-08-05T05:50:23.740809+00:00,left_gripper,2014,2014,0,37,0,0
36.405,2026-08-05T05:50:23.740809+00:00,right_shoulder_pan,1911,1942,31,37,1,54
36.405,2026-08-05T05:50:23.740809+00:00,right_shoulder_lift,1992,2156,164,38,50,344
36.405,2026-08-05T05:50:23.740809+00:00,right_elbow_flex,2097,2137,40,38,5,94
36.405,2026-08-05T05:50:23.740809+00:00,right_wrist_flex,1976,1990,14,35,1,42
36.405,2026-08-05T05:50:23.740809+00:00,right_wrist_roll,2114,2111,-3,34,0,1044
36.405,2026-08-05T05:50:23.740809+00:00,right_gripper,2428,2442,14,38,1,42
36.456,2026-08-05T05:50:23.790901+00:00,left_shoulder_pan,1857,1851,-6,37,1,1060
36.456,2026-08-05T05:50:23.790901+00:00,left_shoulder_lift,2389,2406,17,37,4,80
36.456,2026-08-05T05:50:23.790901+00:00,left_elbow_flex,1629,1641,12,35,2,60
36.456,2026-08-05T05:50:23.790901+00:00,left_wrist_flex,2169,2173,4,34,0,28
36.456,2026-08-05T05:50:23.790901+00:00,left_wrist_roll,1989,1987,-2,34,0,1044
36.456,2026-08-05T05:50:23.790901+00:00,left_gripper,2014,2014,0,37,0,0
36.456,2026-08-05T05:50:23.790901+00:00,right_shoulder_pan,1904,1934,30,36,1,58
36.456,2026-08-05T05:50:23.790901+00:00,right_shoulder_lift,1993,2156,163,39,61,342
36.456,2026-08-05T05:50:23.790901+00:00,right_elbow_flex,2097,2137,40,38,4,94
36.456,2026-08-05T05:50:23.790901+00:00,right_wrist_flex,1976,1990,14,35,1,42
36.456,2026-08-05T05:50:23.790901+00:00,right_wrist_roll,2114,2111,-3,34,0,1044
36.456,2026-08-05T05:50:23.790901+00:00,right_gripper,2428,2442,14,38,1,42
36.506,2026-08-05T05:50:23.842144+00:00,left_shoulder_pan,1857,1851,-6,37,1,1060
36.506,2026-08-05T05:50:23.842144+00:00,left_shoulder_lift,2389,2406,17,37,4,80
36.506,2026-08-05T05:50:23.842144+00:00,left_elbow_flex,1629,1641,12,34,2,60
36.506,2026-08-05T05:50:23.842144+00:00,left_wrist_flex,2169,2173,4,34,0,28
36.506,2026-08-05T05:50:23.842144+00:00,left_wrist_roll,1989,1987,-2,34,0,1044
36.506,2026-08-05T05:50:23.842144+00:00,left_gripper,2014,2014,0,36,0,0
36.506,2026-08-05T05:50:23.842144+00:00,right_shoulder_pan,1897,1926,29,37,1,52
36.506,2026-08-05T05:50:23.842144+00:00,right_shoulder_lift,1994,2156,162,38,57,340
36.506,2026-08-05T05:50:23.842144+00:00,right_elbow_flex,2097,2137,40,38,4,94
36.506,2026-08-05T05:50:23.842144+00:00,right_wrist_flex,1976,1990,14,35,1,42
36.506,2026-08-05T05:50:23.842144+00:00,right_wrist_roll,2114,2111,-3,34,0,1044
36.506,2026-08-05T05:50:23.842144+00:00,right_gripper,2428,2442,14,38,2,42
36.556,2026-08-05T05:50:23.891381+00:00,left_shoulder_pan,1857,1851,-6,37,1,1060
36.556,2026-08-05T05:50:23.891381+00:00,left_shoulder_lift,2389,2406,17,37,4,80
36.556,2026-08-05T05:50:23.891381+00:00,left_elbow_flex,1629,1641,12,34,2,60
36.556,2026-08-05T05:50:23.891381+00:00,left_wrist_flex,2169,2173,4,34,0,28
36.556,2026-08-05T05:50:23.891381+00:00,left_wrist_roll,1989,1987,-2,34,0,1044
36.556,2026-08-05T05:50:23.891381+00:00,left_gripper,2014,2014,0,37,0,0
36.556,2026-08-05T05:50:23.891381+00:00,right_shoulder_pan,1889,1918,29,37,0,52
36.556,2026-08-05T05:50:23.891381+00:00,right_shoulder_lift,1995,2156,161,39,58,338
36.556,2026-08-05T05:50:23.891381+00:00,right_elbow_flex,2097,2137,40,38,4,94
36.556,2026-08-05T05:50:23.891381+00:00,right_wrist_flex,1976,1990,14,35,1,42
36.556,2026-08-05T05:50:23.891381+00:00,right_wrist_roll,2114,2111,-3,34,0,1044
36.556,2026-08-05T05:50:23.891381+00:00,right_gripper,2428,2442,14,38,2,42
36.606,2026-08-05T05:50:23.941964+00:00,left_shoulder_pan,1857,1851,-6,37,0,1060
36.606,2026-08-05T05:50:23.941964+00:00,left_shoulder_lift,2389,2406,17,37,4,80
36.606,2026-08-05T05:50:23.941964+00:00,left_elbow_flex,1629,1641,12,34,2,60
36.606,2026-08-05T05:50:23.941964+00:00,left_wrist_flex,2169,2173,4,34,1,28
36.606,2026-08-05T05:50:23.941964+00:00,left_wrist_roll,1989,1987,-2,34,0,1044
36.606,2026-08-05T05:50:23.941964+00:00,left_gripper,2014,2014,0,36,0,0
36.606,2026-08-05T05:50:23.941964+00:00,right_shoulder_pan,1882,1911,29,37,1,56
36.606,2026-08-05T05:50:23.941964+00:00,right_shoulder_lift,1996,2156,160,38,54,336
36.606,2026-08-05T05:50:23.941964+00:00,right_elbow_flex,2097,2137,40,38,4,94
36.606,2026-08-05T05:50:23.941964+00:00,right_wrist_flex,1976,1990,14,35,1,42
36.606,2026-08-05T05:50:23.941964+00:00,right_wrist_roll,2114,2111,-3,34,0,1044
36.606,2026-08-05T05:50:23.941964+00:00,right_gripper,2428,2442,14,38,2,42
36.656,2026-08-05T05:50:23.991877+00:00,left_shoulder_pan,1857,1851,-6,37,1,1060
36.656,2026-08-05T05:50:23.991877+00:00,left_shoulder_lift,2389,2406,17,37,4,80
36.656,2026-08-05T05:50:23.991877+00:00,left_elbow_flex,1629,1641,12,34,2,60
36.656,2026-08-05T05:50:23.991877+00:00,left_wrist_flex,2169,2173,4,34,0,28
36.656,2026-08-05T05:50:23.991877+00:00,left_wrist_roll,1989,1987,-2,34,1,1044
36.656,2026-08-05T05:50:23.991877+00:00,left_gripper,2014,2014,0,37,0,0
36.656,2026-08-05T05:50:23.991877+00:00,right_shoulder_pan,1875,1903,28,37,1,62
36.656,2026-08-05T05:50:23.991877+00:00,right_shoulder_lift,1997,2156,159,38,52,334
36.656,2026-08-05T05:50:23.991877+00:00,right_elbow_flex,2097,2137,40,38,4,94
36.656,2026-08-05T05:50:23.991877+00:00,right_wrist_flex,1976,1990,14,35,1,42
36.656,2026-08-05T05:50:23.991877+00:00,right_wrist_roll,2114,2111,-3,34,0,1044
36.656,2026-08-05T05:50:23.991877+00:00,right_gripper,2428,2442,14,38,2,42
36.706,2026-08-05T05:50:24.042956+00:00,left_shoulder_pan,1857,1851,-6,37,1,1060
36.706,2026-08-05T05:50:24.042956+00:00,left_shoulder_lift,2389,2406,17,37,4,80
36.706,2026-08-05T05:50:24.042956+00:00,left_elbow_flex,1629,1641,12,34,2,60
36.706,2026-08-05T05:50:24.042956+00:00,left_wrist_flex,2169,2173,4,34,1,28
36.706,2026-08-05T05:50:24.042956+00:00,left_wrist_roll,1989,1987,-2,34,0,1044
36.706,2026-08-05T05:50:24.042956+00:00,left_gripper,2014,2014,0,36,0,0
36.706,2026-08-05T05:50:24.042956+00:00,right_shoulder_pan,1869,1896,27,37,1,58
36.706,2026-08-05T05:50:24.042956+00:00,right_shoulder_lift,1998,2156,158,38,53,332
36.706,2026-08-05T05:50:24.042956+00:00,right_elbow_flex,2097,2137,40,38,5,94
36.706,2026-08-05T05:50:24.042956+00:00,right_wrist_flex,1976,1990,14,35,1,42
36.706,2026-08-05T05:50:24.042956+00:00,right_wrist_roll,2114,2111,-3,34,1,1044
36.706,2026-08-05T05:50:24.042956+00:00,right_gripper,2428,2442,14,38,1,42
36.756,2026-08-05T05:50:24.092021+00:00,left_shoulder_pan,1857,1851,-6,37,1,1060
36.756,2026-08-05T05:50:24.092021+00:00,left_shoulder_lift,2389,2406,17,37,4,80
36.756,2026-08-05T05:50:24.092021+00:00,left_elbow_flex,1629,1641,12,34,2,60
36.756,2026-08-05T05:50:24.092021+00:00,left_wrist_flex,2169,2173,4,34,1,28
36.756,2026-08-05T05:50:24.092021+00:00,left_wrist_roll,1989,1987,-2,34,0,1044
36.756,2026-08-05T05:50:24.092021+00:00,left_gripper,2014,2014,0,36,0,0
36.756,2026-08-05T05:50:24.092021+00:00,right_shoulder_pan,1862,1889,27,37,1,54
36.756,2026-08-05T05:50:24.092021+00:00,right_shoulder_lift,1999,2156,157,39,51,326
36.756,2026-08-05T05:50:24.092021+00:00,right_elbow_flex,2097,2137,40,38,5,94
36.756,2026-08-05T05:50:24.092021+00:00,right_wrist_flex,1976,1990,14,35,1,42
36.756,2026-08-05T05:50:24.092021+00:00,right_wrist_roll,2114,2111,-3,34,0,1044
36.756,2026-08-05T05:50:24.092021+00:00,right_gripper,2428,2442,14,38,2,42
36.807,2026-08-05T05:50:24.142346+00:00,left_shoulder_pan,1857,1851,-6,37,1,1060
36.807,2026-08-05T05:50:24.142346+00:00,left_shoulder_lift,2389,2406,17,37,4,80
36.807,2026-08-05T05:50:24.142346+00:00,left_elbow_flex,1629,1641,12,34,3,60
36.807,2026-08-05T05:50:24.142346+00:00,left_wrist_flex,2169,2173,4,34,0,28
36.807,2026-08-05T05:50:24.142346+00:00,left_wrist_roll,1989,1987,-2,34,0,1044
36.807,2026-08-05T05:50:24.142346+00:00,left_gripper,2014,2014,0,37,0,0
36.807,2026-08-05T05:50:24.142346+00:00,right_shoulder_pan,1856,1882,26,37,1,52
36.807,2026-08-05T05:50:24.142346+00:00,right_shoulder_lift,2001,2156,155,38,50,328
36.807,2026-08-05T05:50:24.142346+00:00,right_elbow_flex,2097,2137,40,38,4,94
36.807,2026-08-05T05:50:24.142346+00:00,right_wrist_flex,1976,1990,14,35,1,42
36.807,2026-08-05T05:50:24.142346+00:00,right_wrist_roll,2114,2111,-3,34,1,1044
36.807,2026-08-05T05:50:24.142346+00:00,right_gripper,2428,2442,14,38,2,42
36.857,2026-08-05T05:50:24.192452+00:00,left_shoulder_pan,1857,1851,-6,37,1,1060
36.857,2026-08-05T05:50:24.192452+00:00,left_shoulder_lift,2389,2406,17,37,4,80
36.857,2026-08-05T05:50:24.192452+00:00,left_elbow_flex,1629,1641,12,34,2,60
36.857,2026-08-05T05:50:24.192452+00:00,left_wrist_flex,2169,2173,4,34,0,28
36.857,2026-08-05T05:50:24.192452+00:00,left_wrist_roll,1989,1987,-2,34,1,1044
36.857,2026-08-05T05:50:24.192452+00:00,left_gripper,2014,2014,0,36,0,0
36.857,2026-08-05T05:50:24.192452+00:00,right_shoulder_pan,1849,1876,27,37,0,58
36.857,2026-08-05T05:50:24.192452+00:00,right_shoulder_lift,2002,2156,154,39,51,320
36.857,2026-08-05T05:50:24.192452+00:00,right_elbow_flex,2097,2137,40,38,4,94
36.857,2026-08-05T05:50:24.192452+00:00,right_wrist_flex,1976,1990,14,35,1,42
36.857,2026-08-05T05:50:24.192452+00:00,right_wrist_roll,2114,2111,-3,34,0,1044
36.857,2026-08-05T05:50:24.192452+00:00,right_gripper,2428,2442,14,38,2,42
36.907,2026-08-05T05:50:24.243317+00:00,left_shoulder_pan,1857,1851,-6,37,1,1060
36.907,2026-08-05T05:50:24.243317+00:00,left_shoulder_lift,2389,2406,17,37,4,80
36.907,2026-08-05T05:50:24.243317+00:00,left_elbow_flex,1629,1641,12,34,2,60
36.907,2026-08-05T05:50:24.243317+00:00,left_wrist_flex,2169,2173,4,34,1,28
36.907,2026-08-05T05:50:24.243317+00:00,left_wrist_roll,1989,1987,-2,34,0,1044
36.907,2026-08-05T05:50:24.243317+00:00,left_gripper,2014,2014,0,36,0,0
36.907,2026-08-05T05:50:24.243317+00:00,right_shoulder_pan,1843,1869,26,37,1,52
36.907,2026-08-05T05:50:24.243317+00:00,right_shoulder_lift,2004,2156,152,38,51,322
36.907,2026-08-05T05:50:24.243317+00:00,right_elbow_flex,2097,2137,40,38,4,94
36.907,2026-08-05T05:50:24.243317+00:00,right_wrist_flex,1976,1990,14,35,1,42
36.907,2026-08-05T05:50:24.243317+00:00,right_wrist_roll,2114,2111,-3,34,1,1044
36.907,2026-08-05T05:50:24.243317+00:00,right_gripper,2428,2442,14,38,1,42
36.957,2026-08-05T05:50:24.292824+00:00,left_shoulder_pan,1857,1851,-6,37,1,1060
36.957,2026-08-05T05:50:24.292824+00:00,left_shoulder_lift,2389,2406,17,37,4,80
36.957,2026-08-05T05:50:24.292824+00:00,left_elbow_flex,1629,1641,12,34,2,60
36.957,2026-08-05T05:50:24.292824+00:00,left_wrist_flex,2169,2173,4,34,1,28
36.957,2026-08-05T05:50:24.292824+00:00,left_wrist_roll,1989,1987,-2,34,1,1044
36.957,2026-08-05T05:50:24.292824+00:00,left_gripper,2014,2014,0,36,0,0
36.957,2026-08-05T05:50:24.292824+00:00,right_shoulder_pan,1837,1863,26,37,0,54
36.957,2026-08-05T05:50:24.292824+00:00,right_shoulder_lift,2005,2156,151,38,39,318
36.957,2026-08-05T05:50:24.292824+00:00,right_elbow_flex,2097,2137,40,38,4,94
36.957,2026-08-05T05:50:24.292824+00:00,right_wrist_flex,1976,1990,14,35,1,42
36.957,2026-08-05T05:50:24.292824+00:00,right_wrist_roll,2114,2111,-3,34,0,1044
36.957,2026-08-05T05:50:24.292824+00:00,right_gripper,2428,2442,14,38,1,42
37.007,2026-08-05T05:50:24.342466+00:00,left_shoulder_pan,1857,1851,-6,37,1,1060
37.007,2026-08-05T05:50:24.342466+00:00,left_shoulder_lift,2389,2406,17,37,4,80
37.007,2026-08-05T05:50:24.342466+00:00,left_elbow_flex,1629,1641,12,35,2,60
37.007,2026-08-05T05:50:24.342466+00:00,left_wrist_flex,2169,2173,4,34,0,28
37.007,2026-08-05T05:50:24.342466+00:00,left_wrist_roll,1989,1987,-2,34,0,1044
37.007,2026-08-05T05:50:24.342466+00:00,left_gripper,2014,2014,0,36,0,0
37.007,2026-08-05T05:50:24.342466+00:00,right_shoulder_pan,1832,1856,24,37,0,46
37.007,2026-08-05T05:50:24.342466+00:00,right_shoulder_lift,2007,2156,149,38,46,316
37.007,2026-08-05T05:50:24.342466+00:00,right_elbow_flex,2097,2137,40,38,4,94
37.007,2026-08-05T05:50:24.342466+00:00,right_wrist_flex,1976,1990,14,35,1,42
37.007,2026-08-05T05:50:24.342466+00:00,right_wrist_roll,2114,2111,-3,34,0,1044
37.007,2026-08-05T05:50:24.342466+00:00,right_gripper,2428,2442,14,38,2,42
37.057,2026-08-05T05:50:24.392934+00:00,left_shoulder_pan,1857,1851,-6,37,1,1060
37.057,2026-08-05T05:50:24.392934+00:00,left_shoulder_lift,2389,2406,17,37,4,80
37.057,2026-08-05T05:50:24.392934+00:00,left_elbow_flex,1629,1641,12,34,2,60
37.057,2026-08-05T05:50:24.392934+00:00,left_wrist_flex,2169,2173,4,34,1,28
37.057,2026-08-05T05:50:24.392934+00:00,left_wrist_roll,1989,1987,-2,34,1,1044
37.057,2026-08-05T05:50:24.392934+00:00,left_gripper,2014,2014,0,36,0,0
37.057,2026-08-05T05:50:24.392934+00:00,right_shoulder_pan,1826,1850,24,37,1,54
37.057,2026-08-05T05:50:24.392934+00:00,right_shoulder_lift,2009,2156,147,38,43,312
37.057,2026-08-05T05:50:24.392934+00:00,right_elbow_flex,2097,2137,40,38,4,94
37.057,2026-08-05T05:50:24.392934+00:00,right_wrist_flex,1976,1990,14,35,1,42
37.057,2026-08-05T05:50:24.392934+00:00,right_wrist_roll,2114,2111,-3,34,1,1044
37.057,2026-08-05T05:50:24.392934+00:00,right_gripper,2428,2442,14,38,2,42
37.107,2026-08-05T05:50:24.443918+00:00,left_shoulder_pan,1857,1851,-6,37,1,1060
37.107,2026-08-05T05:50:24.443918+00:00,left_shoulder_lift,2389,2406,17,37,4,80
37.107,2026-08-05T05:50:24.443918+00:00,left_elbow_flex,1629,1641,12,34,2,60
37.107,2026-08-05T05:50:24.443918+00:00,left_wrist_flex,2169,2173,4,34,0,28
37.107,2026-08-05T05:50:24.443918+00:00,left_wrist_roll,1989,1987,-2,34,0,1044
37.107,2026-08-05T05:50:24.443918+00:00,left_gripper,2014,2014,0,36,0,0
37.107,2026-08-05T05:50:24.443918+00:00,right_shoulder_pan,1821,1844,23,37,0,50
37.107,2026-08-05T05:50:24.443918+00:00,right_shoulder_lift,2010,2156,146,39,51,304
37.107,2026-08-05T05:50:24.443918+00:00,right_elbow_flex,2097,2137,40,38,5,94
37.107,2026-08-05T05:50:24.443918+00:00,right_wrist_flex,1976,1990,14,35,1,42
37.107,2026-08-05T05:50:24.443918+00:00,right_wrist_roll,2114,2111,-3,34,1,1044
37.107,2026-08-05T05:50:24.443918+00:00,right_gripper,2428,2442,14,38,1,42
37.157,2026-08-05T05:50:24.492947+00:00,left_shoulder_pan,1857,1851,-6,37,1,1060
37.157,2026-08-05T05:50:24.492947+00:00,left_shoulder_lift,2389,2406,17,36,4,80
37.157,2026-08-05T05:50:24.492947+00:00,left_elbow_flex,1629,1641,12,34,2,60
37.157,2026-08-05T05:50:24.492947+00:00,left_wrist_flex,2169,2173,4,34,0,28
37.157,2026-08-05T05:50:24.492947+00:00,left_wrist_roll,1989,1987,-2,34,0,1044
37.157,2026-08-05T05:50:24.492947+00:00,left_gripper,2014,2014,0,37,0,0
37.157,2026-08-05T05:50:24.492947+00:00,right_shoulder_pan,1816,1838,22,37,1,48
37.157,2026-08-05T05:50:24.492947+00:00,right_shoulder_lift,2012,2156,144,39,44,306
37.157,2026-08-05T05:50:24.492947+00:00,right_elbow_flex,2097,2137,40,38,4,94
37.157,2026-08-05T05:50:24.492947+00:00,right_wrist_flex,1976,1990,14,35,1,42
37.157,2026-08-05T05:50:24.492947+00:00,right_wrist_roll,2114,2111,-3,34,0,1044
37.157,2026-08-05T05:50:24.492947+00:00,right_gripper,2428,2442,14,38,2,42
37.208,2026-08-05T05:50:24.542815+00:00,left_shoulder_pan,1857,1851,-6,37,1,1060
37.208,2026-08-05T05:50:24.542815+00:00,left_shoulder_lift,2389,2406,17,37,4,80
37.208,2026-08-05T05:50:24.542815+00:00,left_elbow_flex,1629,1641,12,34,2,60
37.208,2026-08-05T05:50:24.542815+00:00,left_wrist_flex,2169,2173,4,34,0,28
37.208,2026-08-05T05:50:24.542815+00:00,left_wrist_roll,1989,1987,-2,34,1,1044
37.208,2026-08-05T05:50:24.542815+00:00,left_gripper,2014,2014,0,37,0,0
37.208,2026-08-05T05:50:24.542815+00:00,right_shoulder_pan,1812,1833,21,37,1,48
37.208,2026-08-05T05:50:24.542815+00:00,right_shoulder_lift,2014,2156,142,38,42,298
37.208,2026-08-05T05:50:24.542815+00:00,right_elbow_flex,2097,2137,40,38,5,94
37.208,2026-08-05T05:50:24.542815+00:00,right_wrist_flex,1976,1990,14,35,1,42
37.208,2026-08-05T05:50:24.542815+00:00,right_wrist_roll,2114,2111,-3,34,1,1044
37.208,2026-08-05T05:50:24.542815+00:00,right_gripper,2428,2442,14,38,2,42
37.258,2026-08-05T05:50:24.592885+00:00,left_shoulder_pan,1857,1851,-6,37,1,1060
37.258,2026-08-05T05:50:24.592885+00:00,left_shoulder_lift,2389,2406,17,37,4,80
37.258,2026-08-05T05:50:24.592885+00:00,left_elbow_flex,1629,1641,12,34,2,60
37.258,2026-08-05T05:50:24.592885+00:00,left_wrist_flex,2169,2173,4,34,0,28
37.258,2026-08-05T05:50:24.592885+00:00,left_wrist_roll,1989,1987,-2,34,0,1044
37.258,2026-08-05T05:50:24.592885+00:00,left_gripper,2014,2014,0,36,0,0
37.258,2026-08-05T05:50:24.592885+00:00,right_shoulder_pan,1807,1827,20,37,1,36
37.258,2026-08-05T05:50:24.592885+00:00,right_shoulder_lift,2016,2156,140,38,35,298
37.258,2026-08-05T05:50:24.592885+00:00,right_elbow_flex,2097,2137,40,38,4,94
37.258,2026-08-05T05:50:24.592885+00:00,right_wrist_flex,1976,1990,14,35,1,42
37.258,2026-08-05T05:50:24.592885+00:00,right_wrist_roll,2114,2111,-3,34,0,1044
37.258,2026-08-05T05:50:24.592885+00:00,right_gripper,2428,2442,14,38,2,42
37.308,2026-08-05T05:50:24.644318+00:00,left_shoulder_pan,1857,1851,-6,37,1,1060
37.308,2026-08-05T05:50:24.644318+00:00,left_shoulder_lift,2389,2406,17,37,5,80
37.308,2026-08-05T05:50:24.644318+00:00,left_elbow_flex,1629,1641,12,34,2,60
37.308,2026-08-05T05:50:24.644318+00:00,left_wrist_flex,2169,2173,4,34,1,28
37.308,2026-08-05T05:50:24.644318+00:00,left_wrist_roll,1989,1987,-2,34,0,1044
37.308,2026-08-05T05:50:24.644318+00:00,left_gripper,2014,2014,0,36,0,0
37.308,2026-08-05T05:50:24.644318+00:00,right_shoulder_pan,1803,1822,19,37,1,46
37.308,2026-08-05T05:50:24.644318+00:00,right_shoulder_lift,2018,2156,138,38,40,290
37.308,2026-08-05T05:50:24.644318+00:00,right_elbow_flex,2097,2137,40,38,4,94
37.308,2026-08-05T05:50:24.644318+00:00,right_wrist_flex,1976,1990,14,35,0,42
37.308,2026-08-05T05:50:24.644318+00:00,right_wrist_roll,2114,2111,-3,34,0,1044
37.308,2026-08-05T05:50:24.644318+00:00,right_gripper,2428,2442,14,38,2,42
37.358,2026-08-05T05:50:24.693106+00:00,left_shoulder_pan,1857,1851,-6,37,0,1060
37.358,2026-08-05T05:50:24.693106+00:00,left_shoulder_lift,2389,2406,17,37,5,80
37.358,2026-08-05T05:50:24.693106+00:00,left_elbow_flex,1629,1641,12,34,2,60
37.358,2026-08-05T05:50:24.693106+00:00,left_wrist_flex,2169,2173,4,34,0,28
37.358,2026-08-05T05:50:24.693106+00:00,left_wrist_roll,1989,1987,-2,34,0,1044
37.358,2026-08-05T05:50:24.693106+00:00,left_gripper,2014,2014,0,36,0,0
37.358,2026-08-05T05:50:24.693106+00:00,right_shoulder_pan,1799,1817,18,37,1,40
37.358,2026-08-05T05:50:24.693106+00:00,right_shoulder_lift,2020,2156,136,39,34,290
37.358,2026-08-05T05:50:24.693106+00:00,right_elbow_flex,2097,2137,40,38,5,94
37.358,2026-08-05T05:50:24.693106+00:00,right_wrist_flex,1976,1990,14,35,1,42
37.358,2026-08-05T05:50:24.693106+00:00,right_wrist_roll,2114,2111,-3,34,0,1044
37.358,2026-08-05T05:50:24.693106+00:00,right_gripper,2428,2442,14,38,2,42
37.408,2026-08-05T05:50:24.743091+00:00,left_shoulder_pan,1857,1851,-6,37,1,1060
37.408,2026-08-05T05:50:24.743091+00:00,left_shoulder_lift,2389,2406,17,37,5,80
37.408,2026-08-05T05:50:24.743091+00:00,left_elbow_flex,1629,1641,12,34,2,60
37.408,2026-08-05T05:50:24.743091+00:00,left_wrist_flex,2169,2173,4,34,0,28
37.408,2026-08-05T05:50:24.743091+00:00,left_wrist_roll,1989,1987,-2,34,0,1044
37.408,2026-08-05T05:50:24.743091+00:00,left_gripper,2014,2014,0,36,0,0
37.408,2026-08-05T05:50:24.743091+00:00,right_shoulder_pan,1795,1813,18,37,0,38
37.408,2026-08-05T05:50:24.743091+00:00,right_shoulder_lift,2022,2156,134,38,39,282
37.408,2026-08-05T05:50:24.743091+00:00,right_elbow_flex,2097,2137,40,38,4,94
37.408,2026-08-05T05:50:24.743091+00:00,right_wrist_flex,1976,1990,14,35,1,42
37.408,2026-08-05T05:50:24.743091+00:00,right_wrist_roll,2114,2111,-3,34,1,1044
37.408,2026-08-05T05:50:24.743091+00:00,right_gripper,2428,2442,14,38,1,42
37.458,2026-08-05T05:50:24.795434+00:00,left_shoulder_pan,1857,1851,-6,37,1,1060
37.458,2026-08-05T05:50:24.795434+00:00,left_shoulder_lift,2389,2406,17,37,5,80
37.458,2026-08-05T05:50:24.795434+00:00,left_elbow_flex,1629,1641,12,34,2,60
37.458,2026-08-05T05:50:24.795434+00:00,left_wrist_flex,2169,2173,4,34,0,28
37.458,2026-08-05T05:50:24.795434+00:00,left_wrist_roll,1989,1987,-2,34,1,1044
37.458,2026-08-05T05:50:24.795434+00:00,left_gripper,2014,2014,0,37,0,0
37.458,2026-08-05T05:50:24.795434+00:00,right_shoulder_pan,1792,1808,16,37,1,36
37.458,2026-08-05T05:50:24.795434+00:00,right_shoulder_lift,2024,2156,132,39,33,282
37.458,2026-08-05T05:50:24.795434+00:00,right_elbow_flex,2097,2137,40,38,4,94
37.458,2026-08-05T05:50:24.795434+00:00,right_wrist_flex,1976,1990,14,35,1,42
37.458,2026-08-05T05:50:24.795434+00:00,right_wrist_roll,2114,2111,-3,34,1,1044
37.458,2026-08-05T05:50:24.795434+00:00,right_gripper,2428,2442,14,38,2,42
37.508,2026-08-05T05:50:24.845336+00:00,left_shoulder_pan,1857,1851,-6,37,1,1060
37.508,2026-08-05T05:50:24.845336+00:00,left_shoulder_lift,2389,2406,17,37,4,80
37.508,2026-08-05T05:50:24.845336+00:00,left_elbow_flex,1629,1641,12,34,2,60
37.508,2026-08-05T05:50:24.845336+00:00,left_wrist_flex,2169,2173,4,34,0,28
37.508,2026-08-05T05:50:24.845336+00:00,left_wrist_roll,1989,1987,-2,34,0,1044
37.508,2026-08-05T05:50:24.845336+00:00,left_gripper,2014,2014,0,36,0,0
37.508,2026-08-05T05:50:24.845336+00:00,right_shoulder_pan,1789,1804,15,37,0,30
37.508,2026-08-05T05:50:24.845336+00:00,right_shoulder_lift,2026,2156,130,38,40,274
37.508,2026-08-05T05:50:24.845336+00:00,right_elbow_flex,2097,2137,40,37,4,94
37.508,2026-08-05T05:50:24.845336+00:00,right_wrist_flex,1976,1990,14,35,1,42
37.508,2026-08-05T05:50:24.845336+00:00,right_wrist_roll,2114,2111,-3,34,1,1044
37.508,2026-08-05T05:50:24.845336+00:00,right_gripper,2428,2442,14,38,2,42
37.558,2026-08-05T05:50:24.895317+00:00,left_shoulder_pan,1857,1851,-6,37,1,1060
37.558,2026-08-05T05:50:24.895317+00:00,left_shoulder_lift,2389,2406,17,37,5,80
37.558,2026-08-05T05:50:24.895317+00:00,left_elbow_flex,1629,1641,12,34,2,60
37.558,2026-08-05T05:50:24.895317+00:00,left_wrist_flex,2169,2173,4,34,0,28
37.558,2026-08-05T05:50:24.895317+00:00,left_wrist_roll,1989,1987,-2,34,0,1044
37.558,2026-08-05T05:50:24.895317+00:00,left_gripper,2014,2014,0,36,0,0
37.558,2026-08-05T05:50:24.895317+00:00,right_shoulder_pan,1786,1800,14,37,0,32
37.558,2026-08-05T05:50:24.895317+00:00,right_shoulder_lift,2029,2156,127,38,34,274
37.558,2026-08-05T05:50:24.895317+00:00,right_elbow_flex,2097,2137,40,38,4,94
37.558,2026-08-05T05:50:24.895317+00:00,right_wrist_flex,1976,1990,14,35,1,42
37.558,2026-08-05T05:50:24.895317+00:00,right_wrist_roll,2114,2111,-3,34,0,1044
37.558,2026-08-05T05:50:24.895317+00:00,right_gripper,2428,2442,14,38,2,42
37.608,2026-08-05T05:50:24.943643+00:00,left_shoulder_pan,1857,1851,-6,37,0,1060
37.608,2026-08-05T05:50:24.943643+00:00,left_shoulder_lift,2389,2406,17,37,5,80
37.608,2026-08-05T05:50:24.943643+00:00,left_elbow_flex,1629,1641,12,34,2,60
37.608,2026-08-05T05:50:24.943643+00:00,left_wrist_flex,2169,2173,4,34,1,28
37.608,2026-08-05T05:50:24.943643+00:00,left_wrist_roll,1989,1987,-2,34,0,1044
37.608,2026-08-05T05:50:24.943643+00:00,left_gripper,2014,2014,0,36,0,0
37.608,2026-08-05T05:50:24.943643+00:00,right_shoulder_pan,1783,1797,14,37,1,34
37.608,2026-08-05T05:50:24.943643+00:00,right_shoulder_lift,2031,2156,125,39,33,260
37.608,2026-08-05T05:50:24.943643+00:00,right_elbow_flex,2097,2137,40,38,5,94
37.608,2026-08-05T05:50:24.943643+00:00,right_wrist_flex,1976,1990,14,35,1,42
37.608,2026-08-05T05:50:24.943643+00:00,right_wrist_roll,2114,2111,-3,34,0,1044
37.608,2026-08-05T05:50:24.943643+00:00,right_gripper,2428,2442,14,38,1,42
37.658,2026-08-05T05:50:24.993507+00:00,left_shoulder_pan,1857,1851,-6,37,1,1060
37.658,2026-08-05T05:50:24.993507+00:00,left_shoulder_lift,2389,2406,17,37,4,80
37.658,2026-08-05T05:50:24.993507+00:00,left_elbow_flex,1629,1641,12,34,2,60
37.658,2026-08-05T05:50:24.993507+00:00,left_wrist_flex,2169,2173,4,34,0,28
37.658,2026-08-05T05:50:24.993507+00:00,left_wrist_roll,1989,1987,-2,34,0,1044
37.658,2026-08-05T05:50:24.993507+00:00,left_gripper,2014,2014,0,37,0,0
37.658,2026-08-05T05:50:24.993507+00:00,right_shoulder_pan,1781,1794,13,37,1,32
37.658,2026-08-05T05:50:24.993507+00:00,right_shoulder_lift,2033,2156,123,39,35,264
37.658,2026-08-05T05:50:24.993507+00:00,right_elbow_flex,2097,2137,40,38,4,94
37.658,2026-08-05T05:50:24.993507+00:00,right_wrist_flex,1976,1990,14,35,1,42
37.658,2026-08-05T05:50:24.993507+00:00,right_wrist_roll,2114,2111,-3,34,0,1044
37.658,2026-08-05T05:50:24.993507+00:00,right_gripper,2428,2442,14,38,1,42
37.708,2026-08-05T05:50:25.044555+00:00,left_shoulder_pan,1857,1851,-6,37,1,1060
37.708,2026-08-05T05:50:25.044555+00:00,left_shoulder_lift,2389,2406,17,37,5,80
37.708,2026-08-05T05:50:25.044555+00:00,left_elbow_flex,1629,1641,12,34,2,60
37.708,2026-08-05T05:50:25.044555+00:00,left_wrist_flex,2169,2173,4,34,1,28
37.708,2026-08-05T05:50:25.044555+00:00,left_wrist_roll,1989,1987,-2,34,0,1044
37.708,2026-08-05T05:50:25.044555+00:00,left_gripper,2014,2014,0,36,0,0
37.708,2026-08-05T05:50:25.044555+00:00,right_shoulder_pan,1779,1792,13,37,1,32
37.708,2026-08-05T05:50:25.044555+00:00,right_shoulder_lift,2035,2156,121,38,33,256
37.708,2026-08-05T05:50:25.044555+00:00,right_elbow_flex,2097,2137,40,38,4,94
37.708,2026-08-05T05:50:25.044555+00:00,right_wrist_flex,1976,1990,14,35,1,42
37.708,2026-08-05T05:50:25.044555+00:00,right_wrist_roll,2114,2111,-3,34,0,1044
37.708,2026-08-05T05:50:25.044555+00:00,right_gripper,2428,2442,14,38,1,42
37.758,2026-08-05T05:50:25.094132+00:00,left_shoulder_pan,1857,1851,-6,37,1,1060
37.758,2026-08-05T05:50:25.094132+00:00,left_shoulder_lift,2389,2406,17,37,4,80
37.758,2026-08-05T05:50:25.094132+00:00,left_elbow_flex,1629,1641,12,34,2,60
37.758,2026-08-05T05:50:25.094132+00:00,left_wrist_flex,2169,2173,4,34,0,28
37.758,2026-08-05T05:50:25.094132+00:00,left_wrist_roll,1989,1987,-2,34,0,1044
37.758,2026-08-05T05:50:25.094132+00:00,left_gripper,2014,2014,0,36,0,0
37.758,2026-08-05T05:50:25.094132+00:00,right_shoulder_pan,1778,1789,11,37,1,34
37.758,2026-08-05T05:50:25.094132+00:00,right_shoulder_lift,2038,2156,118,39,34,256
37.758,2026-08-05T05:50:25.094132+00:00,right_elbow_flex,2097,2137,40,38,4,94
37.758,2026-08-05T05:50:25.094132+00:00,right_wrist_flex,1976,1990,14,35,1,42
37.758,2026-08-05T05:50:25.094132+00:00,right_wrist_roll,2114,2111,-3,34,0,1044
37.758,2026-08-05T05:50:25.094132+00:00,right_gripper,2428,2442,14,38,1,42
37.808,2026-08-05T05:50:25.143712+00:00,left_shoulder_pan,1857,1851,-6,37,1,1060
37.808,2026-08-05T05:50:25.143712+00:00,left_shoulder_lift,2389,2406,17,37,4,80
37.808,2026-08-05T05:50:25.143712+00:00,left_elbow_flex,1629,1641,12,34,2,60
37.808,2026-08-05T05:50:25.143712+00:00,left_wrist_flex,2169,2173,4,34,0,28
37.808,2026-08-05T05:50:25.143712+00:00,left_wrist_roll,1989,1987,-2,34,0,1044
37.808,2026-08-05T05:50:25.143712+00:00,left_gripper,2014,2014,0,36,0,0
37.808,2026-08-05T05:50:25.143712+00:00,right_shoulder_pan,1776,1787,11,37,0,28
37.808,2026-08-05T05:50:25.143712+00:00,right_shoulder_lift,2040,2156,116,38,24,242
37.808,2026-08-05T05:50:25.143712+00:00,right_elbow_flex,2097,2137,40,38,4,94
37.808,2026-08-05T05:50:25.143712+00:00,right_wrist_flex,1976,1990,14,35,1,42
37.808,2026-08-05T05:50:25.143712+00:00,right_wrist_roll,2114,2111,-3,34,1,1044
37.808,2026-08-05T05:50:25.143712+00:00,right_gripper,2428,2442,14,38,1,42
37.859,2026-08-05T05:50:25.194015+00:00,left_shoulder_pan,1857,1851,-6,37,1,1060
37.859,2026-08-05T05:50:25.194015+00:00,left_shoulder_lift,2389,2406,17,37,4,80
37.859,2026-08-05T05:50:25.194015+00:00,left_elbow_flex,1629,1641,12,34,2,60
37.859,2026-08-05T05:50:25.194015+00:00,left_wrist_flex,2169,2173,4,34,0,28
37.859,2026-08-05T05:50:25.194015+00:00,left_wrist_roll,1989,1987,-2,34,1,1044
37.859,2026-08-05T05:50:25.194015+00:00,left_gripper,2014,2014,0,37,0,0
37.859,2026-08-05T05:50:25.194015+00:00,right_shoulder_pan,1775,1786,11,37,1,38
37.859,2026-08-05T05:50:25.194015+00:00,right_shoulder_lift,2042,2156,114,39,29,246
37.859,2026-08-05T05:50:25.194015+00:00,right_elbow_flex,2097,2137,40,38,5,94
37.859,2026-08-05T05:50:25.194015+00:00,right_wrist_flex,1976,1990,14,35,1,42
37.859,2026-08-05T05:50:25.194015+00:00,right_wrist_roll,2114,2111,-3,34,0,1044
37.859,2026-08-05T05:50:25.194015+00:00,right_gripper,2428,2442,14,38,2,42
37.909,2026-08-05T05:50:25.244853+00:00,left_shoulder_pan,1857,1851,-6,37,1,1060
37.909,2026-08-05T05:50:25.244853+00:00,left_shoulder_lift,2389,2406,17,37,4,80
37.909,2026-08-05T05:50:25.244853+00:00,left_elbow_flex,1629,1641,12,34,2,60
37.909,2026-08-05T05:50:25.244853+00:00,left_wrist_flex,2169,2173,4,34,0,28
37.909,2026-08-05T05:50:25.244853+00:00,left_wrist_roll,1989,1987,-2,34,0,1044
37.909,2026-08-05T05:50:25.244853+00:00,left_gripper,2014,2014,0,36,0,0
37.909,2026-08-05T05:50:25.244853+00:00,right_shoulder_pan,1775,1785,10,37,1,34
37.909,2026-08-05T05:50:25.244853+00:00,right_shoulder_lift,2045,2156,111,38,25,238
37.909,2026-08-05T05:50:25.244853+00:00,right_elbow_flex,2097,2137,40,38,4,94
37.909,2026-08-05T05:50:25.244853+00:00,right_wrist_flex,1976,1990,14,35,1,42
37.909,2026-08-05T05:50:25.244853+00:00,right_wrist_roll,2114,2111,-3,34,1,1044
37.909,2026-08-05T05:50:25.244853+00:00,right_gripper,2428,2442,14,38,2,42
37.959,2026-08-05T05:50:25.294352+00:00,left_shoulder_pan,1857,1851,-6,37,1,1060
37.959,2026-08-05T05:50:25.294352+00:00,left_shoulder_lift,2389,2406,17,37,5,80
37.959,2026-08-05T05:50:25.294352+00:00,left_elbow_flex,1629,1641,12,35,2,60
37.959,2026-08-05T05:50:25.294352+00:00,left_wrist_flex,2169,2173,4,34,0,28
37.959,2026-08-05T05:50:25.294352+00:00,left_wrist_roll,1989,1987,-2,34,0,1044
37.959,2026-08-05T05:50:25.294352+00:00,left_gripper,2014,2014,0,37,0,0
37.959,2026-08-05T05:50:25.294352+00:00,right_shoulder_pan,1774,1784,10,37,0,34
37.959,2026-08-05T05:50:25.294352+00:00,right_shoulder_lift,2047,2156,109,38,24,232
37.959,2026-08-05T05:50:25.294352+00:00,right_elbow_flex,2097,2137,40,38,4,94
37.959,2026-08-05T05:50:25.294352+00:00,right_wrist_flex,1976,1990,14,35,1,42
37.959,2026-08-05T05:50:25.294352+00:00,right_wrist_roll,2114,2111,-3,34,0,1044
37.959,2026-08-05T05:50:25.294352+00:00,right_gripper,2428,2442,14,38,1,42
38.009,2026-08-05T05:50:25.344086+00:00,left_shoulder_pan,1857,1851,-6,37,1,1060
38.009,2026-08-05T05:50:25.344086+00:00,left_shoulder_lift,2389,2406,17,37,4,80
38.009,2026-08-05T05:50:25.344086+00:00,left_elbow_flex,1629,1641,12,34,2,60
38.009,2026-08-05T05:50:25.344086+00:00,left_wrist_flex,2169,2173,4,34,0,28
38.009,2026-08-05T05:50:25.344086+00:00,left_wrist_roll,1989,1987,-2,34,0,1044
38.009,2026-08-05T05:50:25.344086+00:00,left_gripper,2014,2014,0,36,0,0
38.009,2026-08-05T05:50:25.344086+00:00,right_shoulder_pan,1774,1785,11,37,0,36
38.009,2026-08-05T05:50:25.344086+00:00,right_shoulder_lift,2049,2156,107,39,24,228
38.009,2026-08-05T05:50:25.344086+00:00,right_elbow_flex,2097,2137,40,38,4,94
38.009,2026-08-05T05:50:25.344086+00:00,right_wrist_flex,1976,1990,14,35,1,42
38.009,2026-08-05T05:50:25.344086+00:00,right_wrist_roll,2114,2111,-3,34,0,1044
38.009,2026-08-05T05:50:25.344086+00:00,right_gripper,2428,2442,14,38,2,42
38.059,2026-08-05T05:50:25.394260+00:00,left_shoulder_pan,1857,1851,-6,37,1,1060
38.059,2026-08-05T05:50:25.394260+00:00,left_shoulder_lift,2389,2406,17,37,4,80
38.059,2026-08-05T05:50:25.394260+00:00,left_elbow_flex,1629,1641,12,34,2,60
38.059,2026-08-05T05:50:25.394260+00:00,left_wrist_flex,2169,2173,4,34,0,28
38.059,2026-08-05T05:50:25.394260+00:00,left_wrist_roll,1989,1987,-2,34,0,1044
38.059,2026-08-05T05:50:25.394260+00:00,left_gripper,2014,2014,0,37,0,0
38.059,2026-08-05T05:50:25.394260+00:00,right_shoulder_pan,1774,1785,11,37,1,36
38.059,2026-08-05T05:50:25.394260+00:00,right_shoulder_lift,2052,2156,104,38,23,224
38.059,2026-08-05T05:50:25.394260+00:00,right_elbow_flex,2097,2137,40,38,4,94
38.059,2026-08-05T05:50:25.394260+00:00,right_wrist_flex,1976,1990,14,35,1,42
38.059,2026-08-05T05:50:25.394260+00:00,right_wrist_roll,2114,2111,-3,34,0,1044
38.059,2026-08-05T05:50:25.394260+00:00,right_gripper,2428,2442,14,38,2,42
38.109,2026-08-05T05:50:25.445378+00:00,left_shoulder_pan,1857,1851,-6,37,1,1060
38.109,2026-08-05T05:50:25.445378+00:00,left_shoulder_lift,2389,2406,17,37,5,80
38.109,2026-08-05T05:50:25.445378+00:00,left_elbow_flex,1629,1641,12,34,2,60
38.109,2026-08-05T05:50:25.445378+00:00,left_wrist_flex,2169,2173,4,34,0,28
38.109,2026-08-05T05:50:25.445378+00:00,left_wrist_roll,1989,1987,-2,34,0,1044
38.109,2026-08-05T05:50:25.445378+00:00,left_gripper,2014,2014,0,37,0,0
38.109,2026-08-05T05:50:25.445378+00:00,right_shoulder_pan,1775,1785,10,37,1,36
38.109,2026-08-05T05:50:25.445378+00:00,right_shoulder_lift,2054,2156,102,38,24,214
38.109,2026-08-05T05:50:25.445378+00:00,right_elbow_flex,2097,2137,40,38,5,94
38.109,2026-08-05T05:50:25.445378+00:00,right_wrist_flex,1976,1990,14,35,1,42
38.109,2026-08-05T05:50:25.445378+00:00,right_wrist_roll,2114,2111,-3,34,0,1044
38.109,2026-08-05T05:50:25.445378+00:00,right_gripper,2428,2442,14,38,2,42
38.159,2026-08-05T05:50:25.494973+00:00,left_shoulder_pan,1857,1851,-6,37,1,1060
38.159,2026-08-05T05:50:25.494973+00:00,left_shoulder_lift,2389,2406,17,37,4,80
38.159,2026-08-05T05:50:25.494973+00:00,left_elbow_flex,1629,1641,12,34,2,60
38.159,2026-08-05T05:50:25.494973+00:00,left_wrist_flex,2169,2173,4,34,0,28
38.159,2026-08-05T05:50:25.494973+00:00,left_wrist_roll,1989,1987,-2,34,0,1044
38.159,2026-08-05T05:50:25.494973+00:00,left_gripper,2014,2014,0,36,0,0
38.159,2026-08-05T05:50:25.494973+00:00,right_shoulder_pan,1776,1785,9,37,1,34
38.159,2026-08-05T05:50:25.494973+00:00,right_shoulder_lift,2056,2156,100,39,23,214
38.159,2026-08-05T05:50:25.494973+00:00,right_elbow_flex,2097,2137,40,38,4,94
38.159,2026-08-05T05:50:25.494973+00:00,right_wrist_flex,1976,1990,14,35,0,42
38.159,2026-08-05T05:50:25.494973+00:00,right_wrist_roll,2114,2111,-3,34,0,1044
38.159,2026-08-05T05:50:25.494973+00:00,right_gripper,2428,2442,14,38,2,42
38.209,2026-08-05T05:50:25.544556+00:00,left_shoulder_pan,1857,1851,-6,37,1,1060
38.209,2026-08-05T05:50:25.544556+00:00,left_shoulder_lift,2389,2406,17,37,4,80
38.209,2026-08-05T05:50:25.544556+00:00,left_elbow_flex,1629,1641,12,34,2,60
38.209,2026-08-05T05:50:25.544556+00:00,left_wrist_flex,2169,2173,4,34,1,28
38.209,2026-08-05T05:50:25.544556+00:00,left_wrist_roll,1989,1987,-2,34,0,1044
38.209,2026-08-05T05:50:25.544556+00:00,left_gripper,2014,2014,0,37,0,0
38.209,2026-08-05T05:50:25.544556+00:00,right_shoulder_pan,1777,1784,7,37,1,26
38.209,2026-08-05T05:50:25.544556+00:00,right_shoulder_lift,2059,2156,97,39,24,210
38.209,2026-08-05T05:50:25.544556+00:00,right_elbow_flex,2097,2137,40,38,5,94
38.209,2026-08-05T05:50:25.544556+00:00,right_wrist_flex,1976,1990,14,35,1,42
38.209,2026-08-05T05:50:25.544556+00:00,right_wrist_roll,2114,2111,-3,34,0,1044
38.209,2026-08-05T05:50:25.544556+00:00,right_gripper,2428,2442,14,38,2,42
38.259,2026-08-05T05:50:25.594423+00:00,left_shoulder_pan,1857,1851,-6,37,0,1060
38.259,2026-08-05T05:50:25.594423+00:00,left_shoulder_lift,2389,2406,17,37,4,80
38.259,2026-08-05T05:50:25.594423+00:00,left_elbow_flex,1629,1641,12,34,2,60
38.259,2026-08-05T05:50:25.594423+00:00,left_wrist_flex,2169,2173,4,34,0,28
38.259,2026-08-05T05:50:25.594423+00:00,left_wrist_roll,1989,1987,-2,34,1,1044
38.259,2026-08-05T05:50:25.594423+00:00,left_gripper,2014,2014,0,37,0,0
38.259,2026-08-05T05:50:25.594423+00:00,right_shoulder_pan,1778,1784,6,37,0,28
38.259,2026-08-05T05:50:25.594423+00:00,right_shoulder_lift,2061,2156,95,38,21,204
38.259,2026-08-05T05:50:25.594423+00:00,right_elbow_flex,2097,2137,40,38,4,94
38.259,2026-08-05T05:50:25.594423+00:00,right_wrist_flex,1976,1990,14,35,1,42
38.259,2026-08-05T05:50:25.594423+00:00,right_wrist_roll,2114,2111,-3,34,0,1044
38.259,2026-08-05T05:50:25.594423+00:00,right_gripper,2428,2442,14,38,1,42
38.309,2026-08-05T05:50:25.646341+00:00,left_shoulder_pan,1857,1851,-6,37,1,1060
38.309,2026-08-05T05:50:25.646341+00:00,left_shoulder_lift,2389,2406,17,37,5,80
38.309,2026-08-05T05:50:25.646341+00:00,left_elbow_flex,1629,1641,12,34,2,60
38.309,2026-08-05T05:50:25.646341+00:00,left_wrist_flex,2169,2173,4,34,1,28
38.309,2026-08-05T05:50:25.646341+00:00,left_wrist_roll,1989,1987,-2,34,1,1044
38.309,2026-08-05T05:50:25.646341+00:00,left_gripper,2014,2014,0,37,0,0
38.309,2026-08-05T05:50:25.646341+00:00,right_shoulder_pan,1780,1784,4,37,1,26
38.309,2026-08-05T05:50:25.646341+00:00,right_shoulder_lift,2063,2156,93,39,21,204
38.309,2026-08-05T05:50:25.646341+00:00,right_elbow_flex,2097,2137,40,38,5,94
38.309,2026-08-05T05:50:25.646341+00:00,right_wrist_flex,1976,1990,14,35,0,42
38.309,2026-08-05T05:50:25.646341+00:00,right_wrist_roll,2114,2111,-3,34,0,1044
38.309,2026-08-05T05:50:25.646341+00:00,right_gripper,2428,2442,14,38,1,42
38.359,2026-08-05T05:50:25.695598+00:00,left_shoulder_pan,1857,1851,-6,37,1,1060
38.359,2026-08-05T05:50:25.695598+00:00,left_shoulder_lift,2389,2406,17,37,4,80
38.359,2026-08-05T05:50:25.695598+00:00,left_elbow_flex,1629,1641,12,34,2,60
38.359,2026-08-05T05:50:25.695598+00:00,left_wrist_flex,2169,2173,4,34,1,28
38.359,2026-08-05T05:50:25.695598+00:00,left_wrist_roll,1989,1987,-2,34,0,1044
38.359,2026-08-05T05:50:25.695598+00:00,left_gripper,2014,2014,0,37,0,0
38.359,2026-08-05T05:50:25.695598+00:00,right_shoulder_pan,1782,1784,2,37,0,18
38.359,2026-08-05T05:50:25.695598+00:00,right_shoulder_lift,2066,2156,90,39,21,196
38.359,2026-08-05T05:50:25.695598+00:00,right_elbow_flex,2097,2137,40,38,5,94
38.359,2026-08-05T05:50:25.695598+00:00,right_wrist_flex,1976,1990,14,35,1,42
38.359,2026-08-05T05:50:25.695598+00:00,right_wrist_roll,2114,2111,-3,34,0,1044
38.359,2026-08-05T05:50:25.695598+00:00,right_gripper,2428,2442,14,38,2,42
38.409,2026-08-05T05:50:25.744685+00:00,left_shoulder_pan,1857,1851,-6,37,1,1060
38.409,2026-08-05T05:50:25.744685+00:00,left_shoulder_lift,2389,2406,17,37,4,80
38.409,2026-08-05T05:50:25.744685+00:00,left_elbow_flex,1629,1641,12,34,2,60
38.409,2026-08-05T05:50:25.744685+00:00,left_wrist_flex,2169,2173,4,34,0,28
38.409,2026-08-05T05:50:25.744685+00:00,left_wrist_roll,1989,1987,-2,34,0,1044
38.409,2026-08-05T05:50:25.744685+00:00,left_gripper,2014,2014,0,37,0,0
38.409,2026-08-05T05:50:25.744685+00:00,right_shoulder_pan,1784,1784,0,37,0,1042
38.409,2026-08-05T05:50:25.744685+00:00,right_shoulder_lift,2068,2156,88,38,14,190
38.409,2026-08-05T05:50:25.744685+00:00,right_elbow_flex,2097,2137,40,38,4,94
38.409,2026-08-05T05:50:25.744685+00:00,right_wrist_flex,1976,1990,14,35,1,42
38.409,2026-08-05T05:50:25.744685+00:00,right_wrist_roll,2114,2111,-3,34,0,1044
38.409,2026-08-05T05:50:25.744685+00:00,right_gripper,2428,2442,14,38,2,42
38.459,2026-08-05T05:50:25.795587+00:00,left_shoulder_pan,1857,1851,-6,37,0,1060
38.459,2026-08-05T05:50:25.795587+00:00,left_shoulder_lift,2389,2406,17,37,4,80
38.459,2026-08-05T05:50:25.795587+00:00,left_elbow_flex,1629,1641,12,34,2,60
38.459,2026-08-05T05:50:25.795587+00:00,left_wrist_flex,2169,2173,4,34,1,28
38.459,2026-08-05T05:50:25.795587+00:00,left_wrist_roll,1989,1987,-2,34,1,1044
38.459,2026-08-05T05:50:25.795587+00:00,left_gripper,2014,2014,0,36,0,0
38.459,2026-08-05T05:50:25.795587+00:00,right_shoulder_pan,1787,1785,-2,37,0,0
38.459,2026-08-05T05:50:25.795587+00:00,right_shoulder_lift,2070,2156,86,39,18,186
38.459,2026-08-05T05:50:25.795587+00:00,right_elbow_flex,2097,2137,40,38,5,94
38.459,2026-08-05T05:50:25.795587+00:00,right_wrist_flex,1976,1990,14,35,1,42
38.459,2026-08-05T05:50:25.795587+00:00,right_wrist_roll,2114,2111,-3,34,1,1044
38.459,2026-08-05T05:50:25.795587+00:00,right_gripper,2428,2442,14,38,1,42
38.510,2026-08-05T05:50:25.846881+00:00,left_shoulder_pan,1857,1851,-6,37,1,1060
38.510,2026-08-05T05:50:25.846881+00:00,left_shoulder_lift,2389,2406,17,37,4,80
38.510,2026-08-05T05:50:25.846881+00:00,left_elbow_flex,1629,1641,12,34,2,60
38.510,2026-08-05T05:50:25.846881+00:00,left_wrist_flex,2169,2173,4,34,1,28
38.510,2026-08-05T05:50:25.846881+00:00,left_wrist_roll,1989,1987,-2,34,0,1044
38.510,2026-08-05T05:50:25.846881+00:00,left_gripper,2014,2014,0,36,0,0
38.510,2026-08-05T05:50:25.846881+00:00,right_shoulder_pan,1790,1785,-5,37,0,1046
38.510,2026-08-05T05:50:25.846881+00:00,right_shoulder_lift,2072,2156,84,39,17,186
38.510,2026-08-05T05:50:25.846881+00:00,right_elbow_flex,2097,2137,40,38,4,94
38.510,2026-08-05T05:50:25.846881+00:00,right_wrist_flex,1976,1990,14,35,1,42
38.510,2026-08-05T05:50:25.846881+00:00,right_wrist_roll,2114,2111,-3,34,0,1044
38.510,2026-08-05T05:50:25.846881+00:00,right_gripper,2428,2442,14,38,1,42
38.560,2026-08-05T05:50:25.895556+00:00,left_shoulder_pan,1857,1851,-6,37,1,1060
38.560,2026-08-05T05:50:25.895556+00:00,left_shoulder_lift,2389,2406,17,37,4,80
38.560,2026-08-05T05:50:25.895556+00:00,left_elbow_flex,1629,1641,12,34,2,60
38.560,2026-08-05T05:50:25.895556+00:00,left_wrist_flex,2169,2173,4,35,0,28
38.560,2026-08-05T05:50:25.895556+00:00,left_wrist_roll,1989,1987,-2,34,1,1044
38.560,2026-08-05T05:50:25.895556+00:00,left_gripper,2014,2014,0,37,0,0
38.560,2026-08-05T05:50:25.895556+00:00,right_shoulder_pan,1793,1785,-8,37,0,1052
38.560,2026-08-05T05:50:25.895556+00:00,right_shoulder_lift,2075,2156,81,39,18,178
38.560,2026-08-05T05:50:25.895556+00:00,right_elbow_flex,2097,2137,40,38,5,94
38.560,2026-08-05T05:50:25.895556+00:00,right_wrist_flex,1976,1990,14,35,1,42
38.560,2026-08-05T05:50:25.895556+00:00,right_wrist_roll,2114,2111,-3,34,0,1044
38.560,2026-08-05T05:50:25.895556+00:00,right_gripper,2428,2442,14,38,2,42
38.610,2026-08-05T05:50:25.945104+00:00,left_shoulder_pan,1857,1851,-6,37,2,1060
38.610,2026-08-05T05:50:25.945104+00:00,left_shoulder_lift,2389,2406,17,37,4,80
38.610,2026-08-05T05:50:25.945104+00:00,left_elbow_flex,1629,1641,12,34,2,60
38.610,2026-08-05T05:50:25.945104+00:00,left_wrist_flex,2169,2173,4,34,0,28
38.610,2026-08-05T05:50:25.945104+00:00,left_wrist_roll,1989,1987,-2,34,0,1044
38.610,2026-08-05T05:50:25.945104+00:00,left_gripper,2014,2014,0,37,0,0
38.610,2026-08-05T05:50:25.945104+00:00,right_shoulder_pan,1796,1785,-11,37,0,1058
38.610,2026-08-05T05:50:25.945104+00:00,right_shoulder_lift,2077,2156,79,39,15,172
38.610,2026-08-05T05:50:25.945104+00:00,right_elbow_flex,2097,2137,40,38,4,94
38.610,2026-08-05T05:50:25.945104+00:00,right_wrist_flex,1976,1990,14,35,1,42
38.610,2026-08-05T05:50:25.945104+00:00,right_wrist_roll,2114,2111,-3,34,1,1044
38.610,2026-08-05T05:50:25.945104+00:00,right_gripper,2428,2442,14,38,2,42
38.660,2026-08-05T05:50:25.995284+00:00,left_shoulder_pan,1857,1851,-6,37,1,1060
38.660,2026-08-05T05:50:25.995284+00:00,left_shoulder_lift,2389,2406,17,37,4,80
38.660,2026-08-05T05:50:25.995284+00:00,left_elbow_flex,1629,1641,12,34,2,60
38.660,2026-08-05T05:50:25.995284+00:00,left_wrist_flex,2169,2173,4,34,1,28
38.660,2026-08-05T05:50:25.995284+00:00,left_wrist_roll,1989,1987,-2,34,0,1044
38.660,2026-08-05T05:50:25.995284+00:00,left_gripper,2014,2014,0,36,0,0
38.660,2026-08-05T05:50:25.995284+00:00,right_shoulder_pan,1800,1785,-15,37,1,1064
38.660,2026-08-05T05:50:25.995284+00:00,right_shoulder_lift,2079,2156,77,39,11,168
38.660,2026-08-05T05:50:25.995284+00:00,right_elbow_flex,2097,2137,40,38,5,94
38.660,2026-08-05T05:50:25.995284+00:00,right_wrist_flex,1976,1990,14,35,0,42
38.660,2026-08-05T05:50:25.995284+00:00,right_wrist_roll,2114,2111,-3,34,0,1044
38.660,2026-08-05T05:50:25.995284+00:00,right_gripper,2428,2442,14,38,2,42
38.710,2026-08-05T05:50:26.045373+00:00,left_shoulder_pan,1857,1851,-6,37,1,1060
38.710,2026-08-05T05:50:26.045373+00:00,left_shoulder_lift,2389,2406,17,37,4,80
38.710,2026-08-05T05:50:26.045373+00:00,left_elbow_flex,1629,1641,12,34,2,60
38.710,2026-08-05T05:50:26.045373+00:00,left_wrist_flex,2169,2173,4,34,0,28
38.710,2026-08-05T05:50:26.045373+00:00,left_wrist_roll,1989,1987,-2,34,0,1044
38.710,2026-08-05T05:50:26.045373+00:00,left_gripper,2014,2014,0,37,0,0
38.710,2026-08-05T05:50:26.045373+00:00,right_shoulder_pan,1804,1785,-19,37,0,1072
38.710,2026-08-05T05:50:26.045373+00:00,right_shoulder_lift,2081,2156,75,39,11,168
38.710,2026-08-05T05:50:26.045373+00:00,right_elbow_flex,2097,2137,40,38,4,94
38.710,2026-08-05T05:50:26.045373+00:00,right_wrist_flex,1976,1990,14,35,1,42
38.710,2026-08-05T05:50:26.045373+00:00,right_wrist_roll,2114,2111,-3,34,0,1044
38.710,2026-08-05T05:50:26.045373+00:00,right_gripper,2428,2442,14,38,1,42
38.760,2026-08-05T05:50:26.095748+00:00,left_shoulder_pan,1857,1851,-6,37,1,1060
38.760,2026-08-05T05:50:26.095748+00:00,left_shoulder_lift,2389,2406,17,37,5,80
38.760,2026-08-05T05:50:26.095748+00:00,left_elbow_flex,1629,1641,12,34,2,60
38.760,2026-08-05T05:50:26.095748+00:00,left_wrist_flex,2169,2173,4,34,1,28
38.760,2026-08-05T05:50:26.095748+00:00,left_wrist_roll,1989,1987,-2,34,0,1044
38.760,2026-08-05T05:50:26.095748+00:00,left_gripper,2014,2014,0,37,0,0
38.760,2026-08-05T05:50:26.095748+00:00,right_shoulder_pan,1809,1786,-23,37,0,1074
38.760,2026-08-05T05:50:26.095748+00:00,right_shoulder_lift,2083,2156,73,39,14,160
38.760,2026-08-05T05:50:26.095748+00:00,right_elbow_flex,2097,2137,40,38,4,94
38.760,2026-08-05T05:50:26.095748+00:00,right_wrist_flex,1976,1990,14,35,1,42
38.760,2026-08-05T05:50:26.095748+00:00,right_wrist_roll,2114,2111,-3,34,0,1044
38.760,2026-08-05T05:50:26.095748+00:00,right_gripper,2428,2442,14,38,0,42
38.810,2026-08-05T05:50:26.145907+00:00,left_shoulder_pan,1857,1851,-6,37,1,1060
38.810,2026-08-05T05:50:26.145907+00:00,left_shoulder_lift,2389,2406,17,37,4,80
38.810,2026-08-05T05:50:26.145907+00:00,left_elbow_flex,1629,1641,12,34,2,60
38.810,2026-08-05T05:50:26.145907+00:00,left_wrist_flex,2169,2173,4,34,0,28
38.810,2026-08-05T05:50:26.145907+00:00,left_wrist_roll,1989,1987,-2,34,0,1044
38.810,2026-08-05T05:50:26.145907+00:00,left_gripper,2014,2014,0,36,0,0
38.810,2026-08-05T05:50:26.145907+00:00,right_shoulder_pan,1813,1789,-24,37,1,1078
38.810,2026-08-05T05:50:26.145907+00:00,right_shoulder_lift,2085,2156,71,39,13,160
38.810,2026-08-05T05:50:26.145907+00:00,right_elbow_flex,2097,2137,40,38,4,94
38.810,2026-08-05T05:50:26.145907+00:00,right_wrist_flex,1976,1990,14,35,1,42
38.810,2026-08-05T05:50:26.145907+00:00,right_wrist_roll,2114,2111,-3,34,1,1044
38.810,2026-08-05T05:50:26.145907+00:00,right_gripper,2428,2442,14,38,1,42
38.860,2026-08-05T05:50:26.195353+00:00,left_shoulder_pan,1857,1851,-6,37,1,1060
38.860,2026-08-05T05:50:26.195353+00:00,left_shoulder_lift,2389,2406,17,37,5,80
38.860,2026-08-05T05:50:26.195353+00:00,left_elbow_flex,1629,1641,12,35,2,60
38.860,2026-08-05T05:50:26.195353+00:00,left_wrist_flex,2169,2173,4,34,0,28
38.860,2026-08-05T05:50:26.195353+00:00,left_wrist_roll,1989,1987,-2,34,1,1044
38.860,2026-08-05T05:50:26.195353+00:00,left_gripper,2014,2014,0,36,0,0
38.860,2026-08-05T05:50:26.195353+00:00,right_shoulder_pan,1818,1793,-25,37,1,1078
38.860,2026-08-05T05:50:26.195353+00:00,right_shoulder_lift,2087,2156,69,38,12,152
38.860,2026-08-05T05:50:26.195353+00:00,right_elbow_flex,2097,2137,40,38,4,94
38.860,2026-08-05T05:50:26.195353+00:00,right_wrist_flex,1976,1990,14,35,1,42
38.860,2026-08-05T05:50:26.195353+00:00,right_wrist_roll,2114,2111,-3,34,1,1044
38.860,2026-08-05T05:50:26.195353+00:00,right_gripper,2428,2442,14,38,1,42
38.910,2026-08-05T05:50:26.248385+00:00,left_shoulder_pan,1857,1851,-6,37,2,1060
38.910,2026-08-05T05:50:26.248385+00:00,left_shoulder_lift,2389,2406,17,37,4,80
38.910,2026-08-05T05:50:26.248385+00:00,left_elbow_flex,1629,1641,12,34,1,60
38.910,2026-08-05T05:50:26.248385+00:00,left_wrist_flex,2169,2173,4,34,0,28
38.910,2026-08-05T05:50:26.248385+00:00,left_wrist_roll,1989,1987,-2,34,1,1044
38.910,2026-08-05T05:50:26.248385+00:00,left_gripper,2014,2014,0,37,0,0
38.910,2026-08-05T05:50:26.248385+00:00,right_shoulder_pan,1823,1797,-26,37,0,1078
38.910,2026-08-05T05:50:26.248385+00:00,right_shoulder_lift,2088,2156,68,39,9,152
38.910,2026-08-05T05:50:26.248385+00:00,right_elbow_flex,2097,2137,40,38,5,94
38.910,2026-08-05T05:50:26.248385+00:00,right_wrist_flex,1976,1990,14,35,1,42
38.910,2026-08-05T05:50:26.248385+00:00,right_wrist_roll,2114,2111,-3,34,0,1044
38.910,2026-08-05T05:50:26.248385+00:00,right_gripper,2428,2442,14,38,2,42
38.960,2026-08-05T05:50:26.296516+00:00,left_shoulder_pan,1857,1851,-6,37,1,1060
38.960,2026-08-05T05:50:26.296516+00:00,left_shoulder_lift,2389,2406,17,37,4,80
38.960,2026-08-05T05:50:26.296516+00:00,left_elbow_flex,1629,1641,12,34,2,60
38.960,2026-08-05T05:50:26.296516+00:00,left_wrist_flex,2169,2173,4,34,0,28
38.960,2026-08-05T05:50:26.296516+00:00,left_wrist_roll,1989,1987,-2,34,0,1044
38.960,2026-08-05T05:50:26.296516+00:00,left_gripper,2014,2014,0,36,0,0
38.960,2026-08-05T05:50:26.296516+00:00,right_shoulder_pan,1828,1802,-26,37,1,1086
38.960,2026-08-05T05:50:26.296516+00:00,right_shoulder_lift,2090,2156,66,39,9,150
38.960,2026-08-05T05:50:26.296516+00:00,right_elbow_flex,2097,2137,40,38,4,94
38.960,2026-08-05T05:50:26.296516+00:00,right_wrist_flex,1976,1990,14,35,1,42
38.960,2026-08-05T05:50:26.296516+00:00,right_wrist_roll,2114,2111,-3,34,1,1044
38.960,2026-08-05T05:50:26.296516+00:00,right_gripper,2428,2442,14,38,2,42
39.010,2026-08-05T05:50:26.345697+00:00,left_shoulder_pan,1857,1851,-6,37,1,1060
39.010,2026-08-05T05:50:26.345697+00:00,left_shoulder_lift,2389,2406,17,36,4,80
39.010,2026-08-05T05:50:26.345697+00:00,left_elbow_flex,1629,1641,12,34,2,60
39.010,2026-08-05T05:50:26.345697+00:00,left_wrist_flex,2169,2173,4,34,0,28
39.010,2026-08-05T05:50:26.345697+00:00,left_wrist_roll,1989,1987,-2,34,0,1044
39.010,2026-08-05T05:50:26.345697+00:00,left_gripper,2014,2014,0,37,0,0
39.010,2026-08-05T05:50:26.345697+00:00,right_shoulder_pan,1834,1807,-27,37,1,1074
39.010,2026-08-05T05:50:26.345697+00:00,right_shoulder_lift,2092,2156,64,38,8,146
39.010,2026-08-05T05:50:26.345697+00:00,right_elbow_flex,2097,2137,40,38,5,94
39.010,2026-08-05T05:50:26.345697+00:00,right_wrist_flex,1976,1990,14,35,1,42
39.010,2026-08-05T05:50:26.345697+00:00,right_wrist_roll,2114,2111,-3,34,0,1044
39.010,2026-08-05T05:50:26.345697+00:00,right_gripper,2428,2442,14,38,1,42
39.060,2026-08-05T05:50:26.395671+00:00,left_shoulder_pan,1857,1851,-6,37,1,1060
39.060,2026-08-05T05:50:26.395671+00:00,left_shoulder_lift,2389,2406,17,37,5,80
39.060,2026-08-05T05:50:26.395671+00:00,left_elbow_flex,1629,1641,12,34,2,60
39.060,2026-08-05T05:50:26.395671+00:00,left_wrist_flex,2169,2173,4,34,0,28
39.060,2026-08-05T05:50:26.395671+00:00,left_wrist_roll,1989,1987,-2,34,0,1044
39.060,2026-08-05T05:50:26.395671+00:00,left_gripper,2014,2014,0,37,0,0
39.060,2026-08-05T05:50:26.395671+00:00,right_shoulder_pan,1839,1813,-26,37,1,1082
39.060,2026-08-05T05:50:26.395671+00:00,right_shoulder_lift,2093,2156,63,39,8,138
39.060,2026-08-05T05:50:26.395671+00:00,right_elbow_flex,2097,2137,40,38,4,94
39.060,2026-08-05T05:50:26.395671+00:00,right_wrist_flex,1976,1990,14,35,1,42
39.060,2026-08-05T05:50:26.395671+00:00,right_wrist_roll,2114,2111,-3,34,0,1044
39.060,2026-08-05T05:50:26.395671+00:00,right_gripper,2428,2442,14,38,1,42
39.110,2026-08-05T05:50:26.445716+00:00,left_shoulder_pan,1857,1851,-6,37,2,1060
39.110,2026-08-05T05:50:26.445716+00:00,left_shoulder_lift,2389,2406,17,37,4,80
39.110,2026-08-05T05:50:26.445716+00:00,left_elbow_flex,1629,1641,12,34,2,60
39.110,2026-08-05T05:50:26.445716+00:00,left_wrist_flex,2169,2173,4,34,0,28
39.110,2026-08-05T05:50:26.445716+00:00,left_wrist_roll,1989,1987,-2,34,1,1044
39.110,2026-08-05T05:50:26.445716+00:00,left_gripper,2014,2014,0,36,0,0
39.110,2026-08-05T05:50:26.445716+00:00,right_shoulder_pan,1845,1818,-27,37,2,1078
39.110,2026-08-05T05:50:26.445716+00:00,right_shoulder_lift,2095,2156,61,38,10,140
39.110,2026-08-05T05:50:26.445716+00:00,right_elbow_flex,2097,2137,40,38,4,94
39.110,2026-08-05T05:50:26.445716+00:00,right_wrist_flex,1976,1990,14,35,1,42
39.110,2026-08-05T05:50:26.445716+00:00,right_wrist_roll,2114,2111,-3,34,1,1044
39.110,2026-08-05T05:50:26.445716+00:00,right_gripper,2428,2442,14,38,2,42
39.161,2026-08-05T05:50:26.498302+00:00,left_shoulder_pan,1857,1851,-6,37,0,1060
39.161,2026-08-05T05:50:26.498302+00:00,left_shoulder_lift,2389,2406,17,37,4,80
39.161,2026-08-05T05:50:26.498302+00:00,left_elbow_flex,1629,1641,12,34,2,60
39.161,2026-08-05T05:50:26.498302+00:00,left_wrist_flex,2169,2173,4,34,0,28
39.161,2026-08-05T05:50:26.498302+00:00,left_wrist_roll,1989,1987,-2,34,1,1044
39.161,2026-08-05T05:50:26.498302+00:00,left_gripper,2014,2014,0,36,0,0
39.161,2026-08-05T05:50:26.498302+00:00,right_shoulder_pan,1852,1823,-29,37,1,1088
39.161,2026-08-05T05:50:26.498302+00:00,right_shoulder_lift,2096,2156,60,38,8,132
39.161,2026-08-05T05:50:26.498302+00:00,right_elbow_flex,2097,2137,40,38,4,94
39.161,2026-08-05T05:50:26.498302+00:00,right_wrist_flex,1976,1990,14,35,1,42
39.161,2026-08-05T05:50:26.498302+00:00,right_wrist_roll,2114,2111,-3,34,0,1044
39.161,2026-08-05T05:50:26.498302+00:00,right_gripper,2428,2442,14,38,2,42
39.211,2026-08-05T05:50:26.546659+00:00,left_shoulder_pan,1857,1851,-6,37,1,1060
39.211,2026-08-05T05:50:26.546659+00:00,left_shoulder_lift,2389,2406,17,37,4,80
39.211,2026-08-05T05:50:26.546659+00:00,left_elbow_flex,1629,1641,12,34,2,60
39.211,2026-08-05T05:50:26.546659+00:00,left_wrist_flex,2169,2173,4,34,1,28
39.211,2026-08-05T05:50:26.546659+00:00,left_wrist_roll,1989,1987,-2,34,1,1044
39.211,2026-08-05T05:50:26.546659+00:00,left_gripper,2014,2014,0,37,0,0
39.211,2026-08-05T05:50:26.546659+00:00,right_shoulder_pan,1858,1829,-29,37,1,1084
39.211,2026-08-05T05:50:26.546659+00:00,right_shoulder_lift,2098,2156,58,39,8,134
39.211,2026-08-05T05:50:26.546659+00:00,right_elbow_flex,2097,2137,40,38,5,94
39.211,2026-08-05T05:50:26.546659+00:00,right_wrist_flex,1976,1990,14,35,1,42
39.211,2026-08-05T05:50:26.546659+00:00,right_wrist_roll,2114,2111,-3,34,0,1044
39.211,2026-08-05T05:50:26.546659+00:00,right_gripper,2428,2442,14,38,2,42
39.261,2026-08-05T05:50:26.596401+00:00,left_shoulder_pan,1857,1851,-6,37,1,1060
39.261,2026-08-05T05:50:26.596401+00:00,left_shoulder_lift,2389,2406,17,37,5,80
39.261,2026-08-05T05:50:26.596401+00:00,left_elbow_flex,1629,1641,12,34,2,60
39.261,2026-08-05T05:50:26.596401+00:00,left_wrist_flex,2169,2173,4,34,0,28
39.261,2026-08-05T05:50:26.596401+00:00,left_wrist_roll,1989,1987,-2,34,1,1044
39.261,2026-08-05T05:50:26.596401+00:00,left_gripper,2014,2014,0,36,0,0
39.261,2026-08-05T05:50:26.596401+00:00,right_shoulder_pan,1864,1835,-29,37,1,1086
39.261,2026-08-05T05:50:26.596401+00:00,right_shoulder_lift,2099,2156,57,39,8,126
39.261,2026-08-05T05:50:26.596401+00:00,right_elbow_flex,2097,2137,40,38,4,94
39.261,2026-08-05T05:50:26.596401+00:00,right_wrist_flex,1976,1990,14,35,1,42
39.261,2026-08-05T05:50:26.596401+00:00,right_wrist_roll,2114,2111,-3,34,0,1044
39.261,2026-08-05T05:50:26.596401+00:00,right_gripper,2428,2442,14,38,2,42
39.311,2026-08-05T05:50:26.646933+00:00,left_shoulder_pan,1857,1851,-6,37,1,1060
39.311,2026-08-05T05:50:26.646933+00:00,left_shoulder_lift,2389,2406,17,37,4,80
39.311,2026-08-05T05:50:26.646933+00:00,left_elbow_flex,1629,1641,12,34,2,60
39.311,2026-08-05T05:50:26.646933+00:00,left_wrist_flex,2169,2173,4,34,1,28
39.311,2026-08-05T05:50:26.646933+00:00,left_wrist_roll,1989,1987,-2,34,0,1044
39.311,2026-08-05T05:50:26.646933+00:00,left_gripper,2014,2014,0,36,0,0
39.311,2026-08-05T05:50:26.646933+00:00,right_shoulder_pan,1871,1841,-30,37,1,1082
39.311,2026-08-05T05:50:26.646933+00:00,right_shoulder_lift,2100,2156,56,39,7,128
39.311,2026-08-05T05:50:26.646933+00:00,right_elbow_flex,2097,2137,40,38,4,94
39.311,2026-08-05T05:50:26.646933+00:00,right_wrist_flex,1976,1990,14,35,1,42
39.311,2026-08-05T05:50:26.646933+00:00,right_wrist_roll,2114,2111,-3,34,1,1044
39.311,2026-08-05T05:50:26.646933+00:00,right_gripper,2428,2442,14,38,2,42
39.361,2026-08-05T05:50:26.697872+00:00,left_shoulder_pan,1857,1851,-6,37,1,1060
39.361,2026-08-05T05:50:26.697872+00:00,left_shoulder_lift,2389,2406,17,37,5,80
39.361,2026-08-05T05:50:26.697872+00:00,left_elbow_flex,1629,1641,12,34,2,60
39.361,2026-08-05T05:50:26.697872+00:00,left_wrist_flex,2169,2173,4,34,0,28
39.361,2026-08-05T05:50:26.697872+00:00,left_wrist_roll,1989,1987,-2,34,0,1044
39.361,2026-08-05T05:50:26.697872+00:00,left_gripper,2014,2014,0,36,0,0
39.361,2026-08-05T05:50:26.697872+00:00,right_shoulder_pan,1878,1848,-30,37,1,1086
39.361,2026-08-05T05:50:26.697872+00:00,right_shoulder_lift,2102,2156,54,39,8,126
39.361,2026-08-05T05:50:26.697872+00:00,right_elbow_flex,2097,2137,40,38,5,94
39.361,2026-08-05T05:50:26.697872+00:00,right_wrist_flex,1976,1990,14,35,2,42
39.361,2026-08-05T05:50:26.697872+00:00,right_wrist_roll,2114,2111,-3,34,1,1044
39.361,2026-08-05T05:50:26.697872+00:00,right_gripper,2428,2442,14,38,1,42
39.411,2026-08-05T05:50:26.746725+00:00,left_shoulder_pan,1857,1851,-6,37,2,1060
39.411,2026-08-05T05:50:26.746725+00:00,left_shoulder_lift,2389,2406,17,37,4,80
39.411,2026-08-05T05:50:26.746725+00:00,left_elbow_flex,1629,1641,12,34,2,60
39.411,2026-08-05T05:50:26.746725+00:00,left_wrist_flex,2169,2173,4,34,1,28
39.411,2026-08-05T05:50:26.746725+00:00,left_wrist_roll,1989,1987,-2,34,0,1044
39.411,2026-08-05T05:50:26.746725+00:00,left_gripper,2014,2014,0,37,0,0
39.411,2026-08-05T05:50:26.746725+00:00,right_shoulder_pan,1885,1854,-31,37,1,1082
39.411,2026-08-05T05:50:26.746725+00:00,right_shoulder_lift,2103,2156,53,39,7,122
39.411,2026-08-05T05:50:26.746725+00:00,right_elbow_flex,2097,2137,40,38,4,94
39.411,2026-08-05T05:50:26.746725+00:00,right_wrist_flex,1976,1990,14,35,1,42
39.411,2026-08-05T05:50:26.746725+00:00,right_wrist_roll,2114,2111,-3,34,0,1044
39.411,2026-08-05T05:50:26.746725+00:00,right_gripper,2428,2442,14,38,1,42
39.462,2026-08-05T05:50:26.797304+00:00,left_shoulder_pan,1857,1851,-6,37,1,1060
39.462,2026-08-05T05:50:26.797304+00:00,left_shoulder_lift,2389,2406,17,37,5,80
39.462,2026-08-05T05:50:26.797304+00:00,left_elbow_flex,1629,1641,12,34,2,60
39.462,2026-08-05T05:50:26.797304+00:00,left_wrist_flex,2169,2173,4,34,1,28
39.462,2026-08-05T05:50:26.797304+00:00,left_wrist_roll,1989,1987,-2,34,0,1044
39.462,2026-08-05T05:50:26.797304+00:00,left_gripper,2014,2014,0,36,0,0
39.462,2026-08-05T05:50:26.797304+00:00,right_shoulder_pan,1892,1861,-31,37,1,1086
39.462,2026-08-05T05:50:26.797304+00:00,right_shoulder_lift,2104,2156,52,39,8,120
39.462,2026-08-05T05:50:26.797304+00:00,right_elbow_flex,2097,2137,40,38,4,94
39.462,2026-08-05T05:50:26.797304+00:00,right_wrist_flex,1976,1990,14,35,1,42
39.462,2026-08-05T05:50:26.797304+00:00,right_wrist_roll,2114,2111,-3,34,0,1044
39.462,2026-08-05T05:50:26.797304+00:00,right_gripper,2428,2442,14,38,1,42
39.512,2026-08-05T05:50:26.847427+00:00,left_shoulder_pan,1857,1851,-6,37,1,1060
39.512,2026-08-05T05:50:26.847427+00:00,left_shoulder_lift,2389,2406,17,37,4,80
39.512,2026-08-05T05:50:26.847427+00:00,left_elbow_flex,1629,1641,12,34,2,60
39.512,2026-08-05T05:50:26.847427+00:00,left_wrist_flex,2169,2173,4,34,0,28
39.512,2026-08-05T05:50:26.847427+00:00,left_wrist_roll,1989,1987,-2,34,1,1044
39.512,2026-08-05T05:50:26.847427+00:00,left_gripper,2014,2014,0,37,0,0
39.512,2026-08-05T05:50:26.847427+00:00,right_shoulder_pan,1899,1868,-31,37,1,1080
39.512,2026-08-05T05:50:26.847427+00:00,right_shoulder_lift,2105,2156,51,38,7,118
39.512,2026-08-05T05:50:26.847427+00:00,right_elbow_flex,2097,2137,40,38,5,94
39.512,2026-08-05T05:50:26.847427+00:00,right_wrist_flex,1976,1990,14,35,1,42
39.512,2026-08-05T05:50:26.847427+00:00,right_wrist_roll,2114,2111,-3,34,1,1044
39.512,2026-08-05T05:50:26.847427+00:00,right_gripper,2428,2442,14,38,2,42
39.562,2026-08-05T05:50:26.898925+00:00,left_shoulder_pan,1857,1851,-6,37,0,1060
39.562,2026-08-05T05:50:26.898925+00:00,left_shoulder_lift,2389,2406,17,37,4,80
39.562,2026-08-05T05:50:26.898925+00:00,left_elbow_flex,1629,1641,12,34,2,60
39.562,2026-08-05T05:50:26.898925+00:00,left_wrist_flex,2169,2173,4,34,0,28
39.562,2026-08-05T05:50:26.898925+00:00,left_wrist_roll,1989,1987,-2,34,1,1044
39.562,2026-08-05T05:50:26.898925+00:00,left_gripper,2014,2014,0,37,0,0
39.562,2026-08-05T05:50:26.898925+00:00,right_shoulder_pan,1907,1874,-33,37,1,1080
39.562,2026-08-05T05:50:26.898925+00:00,right_shoulder_lift,2105,2156,51,38,6,116
39.562,2026-08-05T05:50:26.898925+00:00,right_elbow_flex,2097,2137,40,38,4,94
39.562,2026-08-05T05:50:26.898925+00:00,right_wrist_flex,1976,1990,14,35,1,42
39.562,2026-08-05T05:50:26.898925+00:00,right_wrist_roll,2114,2111,-3,34,0,1044
39.562,2026-08-05T05:50:26.898925+00:00,right_gripper,2428,2442,14,38,2,42
39.612,2026-08-05T05:50:26.947387+00:00,left_shoulder_pan,1857,1851,-6,37,1,1060
39.612,2026-08-05T05:50:26.947387+00:00,left_shoulder_lift,2389,2406,17,37,5,80
39.612,2026-08-05T05:50:26.947387+00:00,left_elbow_flex,1629,1641,12,34,3,60
39.612,2026-08-05T05:50:26.947387+00:00,left_wrist_flex,2169,2173,4,34,0,28
39.612,2026-08-05T05:50:26.947387+00:00,left_wrist_roll,1989,1987,-2,34,0,1044
39.612,2026-08-05T05:50:26.947387+00:00,left_gripper,2014,2014,0,37,0,0
39.612,2026-08-05T05:50:26.947387+00:00,right_shoulder_pan,1914,1881,-33,37,1,1090
39.612,2026-08-05T05:50:26.947387+00:00,right_shoulder_lift,2106,2156,50,39,5,116
39.612,2026-08-05T05:50:26.947387+00:00,right_elbow_flex,2097,2137,40,38,4,94
39.612,2026-08-05T05:50:26.947387+00:00,right_wrist_flex,1976,1990,14,35,1,42
39.612,2026-08-05T05:50:26.947387+00:00,right_wrist_roll,2114,2111,-3,34,0,1044
39.612,2026-08-05T05:50:26.947387+00:00,right_gripper,2428,2442,14,38,2,42
39.662,2026-08-05T05:50:26.997943+00:00,left_shoulder_pan,1857,1851,-6,37,1,1060
39.662,2026-08-05T05:50:26.997943+00:00,left_shoulder_lift,2389,2406,17,37,5,80
39.662,2026-08-05T05:50:26.997943+00:00,left_elbow_flex,1629,1641,12,34,2,60
39.662,2026-08-05T05:50:26.997943+00:00,left_wrist_flex,2169,2173,4,34,1,28
39.662,2026-08-05T05:50:26.997943+00:00,left_wrist_roll,1989,1987,-2,34,0,1044
39.662,2026-08-05T05:50:26.997943+00:00,left_gripper,2014,2014,0,36,0,0
39.662,2026-08-05T05:50:26.997943+00:00,right_shoulder_pan,1922,1888,-34,37,1,1088
39.662,2026-08-05T05:50:26.997943+00:00,right_shoulder_lift,2107,2156,49,39,5,110
39.662,2026-08-05T05:50:26.997943+00:00,right_elbow_flex,2097,2137,40,38,5,94
39.662,2026-08-05T05:50:26.997943+00:00,right_wrist_flex,1976,1990,14,35,1,42
39.662,2026-08-05T05:50:26.997943+00:00,right_wrist_roll,2114,2111,-3,34,1,1044
39.662,2026-08-05T05:50:26.997943+00:00,right_gripper,2428,2442,14,37,1,42
39.713,2026-08-05T05:50:27.048516+00:00,left_shoulder_pan,1857,1851,-6,37,1,1060
39.713,2026-08-05T05:50:27.048516+00:00,left_shoulder_lift,2389,2406,17,37,4,80
39.713,2026-08-05T05:50:27.048516+00:00,left_elbow_flex,1629,1641,12,34,2,60
39.713,2026-08-05T05:50:27.048516+00:00,left_wrist_flex,2169,2173,4,34,1,28
39.713,2026-08-05T05:50:27.048516+00:00,left_wrist_roll,1989,1987,-2,34,0,1044
39.713,2026-08-05T05:50:27.048516+00:00,left_gripper,2014,2014,0,37,0,0
39.713,2026-08-05T05:50:27.048516+00:00,right_shoulder_pan,1929,1894,-35,37,2,1094
39.713,2026-08-05T05:50:27.048516+00:00,right_shoulder_lift,2107,2156,49,39,6,112
39.713,2026-08-05T05:50:27.048516+00:00,right_elbow_flex,2097,2137,40,38,4,94
39.713,2026-08-05T05:50:27.048516+00:00,right_wrist_flex,1976,1990,14,35,1,42
39.713,2026-08-05T05:50:27.048516+00:00,right_wrist_roll,2114,2111,-3,34,0,1044
39.713,2026-08-05T05:50:27.048516+00:00,right_gripper,2428,2442,14,38,1,42
39.763,2026-08-05T05:50:27.100913+00:00,left_shoulder_pan,1857,1851,-6,37,1,1060
39.763,2026-08-05T05:50:27.100913+00:00,left_shoulder_lift,2389,2406,17,37,4,80
39.763,2026-08-05T05:50:27.100913+00:00,left_elbow_flex,1629,1641,12,34,2,60
39.763,2026-08-05T05:50:27.100913+00:00,left_wrist_flex,2169,2173,4,34,0,28
39.763,2026-08-05T05:50:27.100913+00:00,left_wrist_roll,1989,1987,-2,34,0,1044
39.763,2026-08-05T05:50:27.100913+00:00,left_gripper,2014,2014,0,37,0,0
39.763,2026-08-05T05:50:27.100913+00:00,right_shoulder_pan,1937,1902,-35,37,2,1086
39.763,2026-08-05T05:50:27.100913+00:00,right_shoulder_lift,2108,2156,48,39,6,112
39.763,2026-08-05T05:50:27.100913+00:00,right_elbow_flex,2097,2137,40,38,4,94
39.763,2026-08-05T05:50:27.100913+00:00,right_wrist_flex,1976,1990,14,35,1,42
39.763,2026-08-05T05:50:27.100913+00:00,right_wrist_roll,2114,2111,-3,34,0,1044
39.763,2026-08-05T05:50:27.100913+00:00,right_gripper,2428,2442,14,38,2,42
39.813,2026-08-05T05:50:27.148962+00:00,left_shoulder_pan,1857,1851,-6,37,1,1060
39.813,2026-08-05T05:50:27.148962+00:00,left_shoulder_lift,2389,2406,17,37,4,80
39.813,2026-08-05T05:50:27.148962+00:00,left_elbow_flex,1629,1641,12,34,2,60
39.813,2026-08-05T05:50:27.148962+00:00,left_wrist_flex,2169,2173,4,34,1,28
39.813,2026-08-05T05:50:27.148962+00:00,left_wrist_roll,1989,1987,-2,34,0,1044
39.813,2026-08-05T05:50:27.148962+00:00,left_gripper,2014,2014,0,37,0,0
39.813,2026-08-05T05:50:27.148962+00:00,right_shoulder_pan,1945,1909,-36,37,2,1090
39.813,2026-08-05T05:50:27.148962+00:00,right_shoulder_lift,2108,2156,48,39,6,110
39.813,2026-08-05T05:50:27.148962+00:00,right_elbow_flex,2097,2137,40,38,5,94
39.813,2026-08-05T05:50:27.148962+00:00,right_wrist_flex,1976,1990,14,35,0,42
39.813,2026-08-05T05:50:27.148962+00:00,right_wrist_roll,2114,2111,-3,34,0,1044
39.813,2026-08-05T05:50:27.148962+00:00,right_gripper,2428,2442,14,38,2,42
39.863,2026-08-05T05:50:27.198364+00:00,left_shoulder_pan,1857,1851,-6,37,1,1060
39.863,2026-08-05T05:50:27.198364+00:00,left_shoulder_lift,2389,2406,17,37,5,80
39.863,2026-08-05T05:50:27.198364+00:00,left_elbow_flex,1629,1641,12,34,2,60
39.863,2026-08-05T05:50:27.198364+00:00,left_wrist_flex,2169,2173,4,34,0,28
39.863,2026-08-05T05:50:27.198364+00:00,left_wrist_roll,1989,1987,-2,34,0,1044
39.863,2026-08-05T05:50:27.198364+00:00,left_gripper,2014,2014,0,36,0,0
39.863,2026-08-05T05:50:27.198364+00:00,right_shoulder_pan,1952,1917,-35,48,1,1090
39.863,2026-08-05T05:50:27.198364+00:00,right_shoulder_lift,2109,2156,47,39,6,110
39.863,2026-08-05T05:50:27.198364+00:00,right_elbow_flex,2097,2137,40,38,5,94
39.863,2026-08-05T05:50:27.198364+00:00,right_wrist_flex,1976,1990,14,35,1,42
39.863,2026-08-05T05:50:27.198364+00:00,right_wrist_roll,2114,2111,-3,34,0,1044
39.863,2026-08-05T05:50:27.198364+00:00,right_gripper,2428,2442,14,38,2,42
39.913,2026-08-05T05:50:27.248378+00:00,left_shoulder_pan,1857,1851,-6,37,1,1060
39.913,2026-08-05T05:50:27.248378+00:00,left_shoulder_lift,2389,2406,17,37,4,80
39.913,2026-08-05T05:50:27.248378+00:00,left_elbow_flex,1629,1641,12,34,2,60
39.913,2026-08-05T05:50:27.248378+00:00,left_wrist_flex,2169,2173,4,34,0,28
39.913,2026-08-05T05:50:27.248378+00:00,left_wrist_roll,1989,1987,-2,34,0,1044
39.913,2026-08-05T05:50:27.248378+00:00,left_gripper,2014,2014,0,36,0,0
39.913,2026-08-05T05:50:27.248378+00:00,right_shoulder_pan,1960,1924,-36,37,2,1090
39.913,2026-08-05T05:50:27.248378+00:00,right_shoulder_lift,2109,2156,47,38,5,108
39.913,2026-08-05T05:50:27.248378+00:00,right_elbow_flex,2097,2137,40,38,4,94
39.913,2026-08-05T05:50:27.248378+00:00,right_wrist_flex,1976,1990,14,35,1,42
39.913,2026-08-05T05:50:27.248378+00:00,right_wrist_roll,2114,2111,-3,34,1,1044
39.913,2026-08-05T05:50:27.248378+00:00,right_gripper,2428,2442,14,38,1,42
39.963,2026-08-05T05:50:27.299184+00:00,left_shoulder_pan,1857,1851,-6,37,1,1060
39.963,2026-08-05T05:50:27.299184+00:00,left_shoulder_lift,2389,2406,17,37,4,80
39.963,2026-08-05T05:50:27.299184+00:00,left_elbow_flex,1629,1641,12,34,2,60
39.963,2026-08-05T05:50:27.299184+00:00,left_wrist_flex,2169,2173,4,34,0,28
39.963,2026-08-05T05:50:27.299184+00:00,left_wrist_roll,1989,1987,-2,34,1,1044
39.963,2026-08-05T05:50:27.299184+00:00,left_gripper,2014,2014,0,36,0,0
39.963,2026-08-05T05:50:27.299184+00:00,right_shoulder_pan,1968,1932,-36,37,1,1086
39.963,2026-08-05T05:50:27.299184+00:00,right_shoulder_lift,2109,2156,47,39,5,108
39.963,2026-08-05T05:50:27.299184+00:00,right_elbow_flex,2097,2137,40,38,4,94
39.963,2026-08-05T05:50:27.299184+00:00,right_wrist_flex,1976,1990,14,35,0,42
39.963,2026-08-05T05:50:27.299184+00:00,right_wrist_roll,2114,2111,-3,34,1,1044
39.963,2026-08-05T05:50:27.299184+00:00,right_gripper,2428,2442,14,38,1,42
